branch_key,action_sha256,action_type,child_sequence_sha256,baseline_role,parent_sequence_sha256,metric_name,metric_kind,comparable,reason,direction,unit,parent_value,child_value,raw_delta_child_minus_parent,improvement_delta,changed,delta_sha256
fgf2,4597df126443e372d80d75d838fb03d92dfbd6a50cb988380c4a90c72fb78015,masked_substitution,2af9c4f271b83feb9caa55c875590b9d11285a8474c89f3f98364b9401de2232,primary_parent,33c93d5c40eedd7b584ca988e66e16c5a58ac57f62499b4cb797dff4ab22d4e8,amp_read_log10_mic_um,numeric,true,same_frozen_numeric_contract,minimize,log10(uM),1.9308771815866161,1.822863086113143,-0.10801409547347318,0.10801409547347318,true,6aba8c3bd5e73dc4e8c1380fd523cbb4d28aff52e97ce1e05ba4ba5f67c5c36f
fgf2,4597df126443e372d80d75d838fb03d92dfbd6a50cb988380c4a90c72fb78015,masked_substitution,2af9c4f271b83feb9caa55c875590b9d11285a8474c89f3f98364b9401de2232,primary_parent,33c93d5c40eedd7b584ca988e66e16c5a58ac57f62499b4cb797dff4ab22d4e8,guruprasad_instability_index,numeric,true,same_frozen_numeric_contract,minimize,index,26.82381,26.82380952380953,-4.7619047194302766e-07,4.7619047194302766e-07,true,37920ccdd0a21ec830b7b157c161e03ed485467596f90fa761711c3570cf25e7
fgf2,4597df126443e372d80d75d838fb03d92dfbd6a50cb988380c4a90c72fb78015,masked_substitution,2af9c4f271b83feb9caa55c875590b9d11285a8474c89f3f98364b9401de2232,primary_parent,33c93d5c40eedd7b584ca988e66e16c5a58ac57f62499b4cb797dff4ab22d4e8,hydrophobic_moment_eisenberg,numeric,false,audit_metric_has_no_monotonic_improvement_direction,audit,dimensionless,0.20468947573195764,0.30533333209132385,0.10064385635936621,,true,85fa84309b3a61919b5eb01d38011f12aefb92d93d38b2da4d72d69278c50b8a
fgf2,4597df126443e372d80d75d838fb03d92dfbd6a50cb988380c4a90c72fb78015,masked_substitution,2af9c4f271b83feb9caa55c875590b9d11285a8474c89f3f98364b9401de2232,primary_parent,33c93d5c40eedd7b584ca988e66e16c5a58ac57f62499b4cb797dff4ab22d4e8,hydrophobic_ratio_modlamp,numeric,false,audit_metric_has_no_monotonic_improvement_direction,audit,fraction,0.09523809523809523,0.14285714285714285,0.047619047619047616,,true,2270adeb6033bcbf3623c492959f4400f50e83560609268893ce55d79257af4e
fgf2,4597df126443e372d80d75d838fb03d92dfbd6a50cb988380c4a90c72fb78015,masked_substitution,2af9c4f271b83feb9caa55c875590b9d11285a8474c89f3f98364b9401de2232,primary_parent,33c93d5c40eedd7b584ca988e66e16c5a58ac57f62499b4cb797dff4ab22d4e8,llamp_log10_mic_um,numeric,true,same_frozen_numeric_contract,minimize,log10(uM),1.4650440216064453,1.681960940361023,0.21691691875457764,-0.21691691875457764,true,98a0673771b86e7cc95914e482c060f070340bc05314e187eae84809784ce6c0
fgf2,4597df126443e372d80d75d838fb03d92dfbd6a50cb988380c4a90c72fb78015,masked_substitution,2af9c4f271b83feb9caa55c875590b9d11285a8474c89f3f98364b9401de2232,primary_parent,33c93d5c40eedd7b584ca988e66e16c5a58ac57f62499b4cb797dff4ab22d4e8,macrel_amp_probability,numeric,true,same_frozen_numeric_contract,maximize,probability,0.267,0.277,0.010000000000000009,0.010000000000000009,true,6570af5b03bd961c47a18286b633fd80b42d49fb05d641ee410f6406e56dcdb9
fgf2,4597df126443e372d80d75d838fb03d92dfbd6a50cb988380c4a90c72fb78015,masked_substitution,2af9c4f271b83feb9caa55c875590b9d11285a8474c89f3f98364b9401de2232,primary_parent,33c93d5c40eedd7b584ca988e66e16c5a58ac57f62499b4cb797dff4ab22d4e8,macrel_hemolysis_label,categorical,true,same_frozen_label_contract,audit,label,low,low,,,false,775c29bfbe12c4e506abfeb2d0981a0727d97d8b62ae69ba250b069bf9661171
fgf2,4597df126443e372d80d75d838fb03d92dfbd6a50cb988380c4a90c72fb78015,masked_substitution,2af9c4f271b83feb9caa55c875590b9d11285a8474c89f3f98364b9401de2232,primary_parent,33c93d5c40eedd7b584ca988e66e16c5a58ac57f62499b4cb797dff4ab22d4e8,macrel_hemolysis_probability,numeric,true,same_frozen_numeric_contract,minimize,probability,0.396,0.337,-0.059,0.059,true,e051a3143e7a8c6357a6423ee84b41bcc1ebc98dcc543691ee4162bba091f26a
fgf2,4597df126443e372d80d75d838fb03d92dfbd6a50cb988380c4a90c72fb78015,masked_substitution,2af9c4f271b83feb9caa55c875590b9d11285a8474c89f3f98364b9401de2232,primary_parent,33c93d5c40eedd7b584ca988e66e16c5a58ac57f62499b4cb797dff4ab22d4e8,maximum_hydrophobic_run,numeric,true,same_frozen_numeric_contract,minimize,residues,1.0,2.0,1.0,-1.0,true,b7ab1fc41b2450dd2f3e210ccdbf5122552a5c983cf979c30e3840930fa62801
fgf2,4597df126443e372d80d75d838fb03d92dfbd6a50cb988380c4a90c72fb78015,masked_substitution,2af9c4f271b83feb9caa55c875590b9d11285a8474c89f3f98364b9401de2232,primary_parent,33c93d5c40eedd7b584ca988e66e16c5a58ac57f62499b4cb797dff4ab22d4e8,net_charge_ph7_4,numeric,false,audit_metric_has_no_monotonic_improvement_direction,audit,elementary_charge,6.986,5.987,-0.9989999999999997,,true,c5f8dfe2ac2a291bff2b0f82dc26b41c238f022a7a38e3eafc657641e40d51de
fgf2,4597df126443e372d80d75d838fb03d92dfbd6a50cb988380c4a90c72fb78015,masked_substitution,2af9c4f271b83feb9caa55c875590b9d11285a8474c89f3f98364b9401de2232,primary_parent,33c93d5c40eedd7b584ca988e66e16c5a58ac57f62499b4cb797dff4ab22d4e8,toxinpred3_hybrid_score,numeric,true,same_frozen_numeric_contract,minimize,dimensionless,0.355,0.35,-0.0050000000000000044,0.0050000000000000044,true,5abf4ae77dd64e679798284771dbd064c08ad9ae9c7086e4bc039c3e965c6210
fgf2,4597df126443e372d80d75d838fb03d92dfbd6a50cb988380c4a90c72fb78015,masked_substitution,2af9c4f271b83feb9caa55c875590b9d11285a8474c89f3f98364b9401de2232,primary_parent,33c93d5c40eedd7b584ca988e66e16c5a58ac57f62499b4cb797dff4ab22d4e8,toxinpred3_label,categorical,true,same_frozen_label_contract,audit,label,Non-Toxin,Non-Toxin,,,false,e5bac53f2bcec92d0bb546431bf8d9aebd1b4138874d70adff7953aacca16ff5
fgf2,74aa118867154af84641515be0581522d731daba7fb9ee754f68bc40ba434eb6,masked_substitution,c4ac062fd8bec9b4f780221c9b3d31c4d4a8324fb25aa7d73e9bfe6c06caed6a,primary_parent,33c93d5c40eedd7b584ca988e66e16c5a58ac57f62499b4cb797dff4ab22d4e8,amp_read_log10_mic_um,numeric,true,same_frozen_numeric_contract,minimize,log10(uM),1.9308771815866161,1.8705439117756189,-0.06033326981099729,0.06033326981099729,true,ce9282d1381fe30114c12ad25d77691140102dc695fb4a711a1d514bc6f4f767
fgf2,74aa118867154af84641515be0581522d731daba7fb9ee754f68bc40ba434eb6,masked_substitution,c4ac062fd8bec9b4f780221c9b3d31c4d4a8324fb25aa7d73e9bfe6c06caed6a,primary_parent,33c93d5c40eedd7b584ca988e66e16c5a58ac57f62499b4cb797dff4ab22d4e8,guruprasad_instability_index,numeric,true,same_frozen_numeric_contract,minimize,index,26.82381,22.780952380952378,-4.0428576190476235,4.0428576190476235,true,f9734e67338dd0f1fcde138634123797341417b36f4779aecae394b21fcbf1e2
fgf2,74aa118867154af84641515be0581522d731daba7fb9ee754f68bc40ba434eb6,masked_substitution,c4ac062fd8bec9b4f780221c9b3d31c4d4a8324fb25aa7d73e9bfe6c06caed6a,primary_parent,33c93d5c40eedd7b584ca988e66e16c5a58ac57f62499b4cb797dff4ab22d4e8,hydrophobic_moment_eisenberg,numeric,false,audit_metric_has_no_monotonic_improvement_direction,audit,dimensionless,0.20468947573195764,0.3424083893071507,0.13771891357519303,,true,1216fd85365a66033af45a98d16e1ed69b4ebac40fb142ae0e56ffb7b9d39911
fgf2,74aa118867154af84641515be0581522d731daba7fb9ee754f68bc40ba434eb6,masked_substitution,c4ac062fd8bec9b4f780221c9b3d31c4d4a8324fb25aa7d73e9bfe6c06caed6a,primary_parent,33c93d5c40eedd7b584ca988e66e16c5a58ac57f62499b4cb797dff4ab22d4e8,hydrophobic_ratio_modlamp,numeric,false,audit_metric_has_no_monotonic_improvement_direction,audit,fraction,0.09523809523809523,0.14285714285714285,0.047619047619047616,,true,3df344e0f42a612093ebe42859fa43df5c2a763938f25e6a93b7295f7eb2b1b2
fgf2,74aa118867154af84641515be0581522d731daba7fb9ee754f68bc40ba434eb6,masked_substitution,c4ac062fd8bec9b4f780221c9b3d31c4d4a8324fb25aa7d73e9bfe6c06caed6a,primary_parent,33c93d5c40eedd7b584ca988e66e16c5a58ac57f62499b4cb797dff4ab22d4e8,llamp_log10_mic_um,numeric,true,same_frozen_numeric_contract,minimize,log10(uM),1.4650440216064453,1.7822004556655884,0.31715643405914307,-0.31715643405914307,true,bcea4105f5564800ae07d3e28d7b59c8e123efe8224d57fd337c8a363d4ddef6
fgf2,74aa118867154af84641515be0581522d731daba7fb9ee754f68bc40ba434eb6,masked_substitution,c4ac062fd8bec9b4f780221c9b3d31c4d4a8324fb25aa7d73e9bfe6c06caed6a,primary_parent,33c93d5c40eedd7b584ca988e66e16c5a58ac57f62499b4cb797dff4ab22d4e8,macrel_amp_probability,numeric,true,same_frozen_numeric_contract,maximize,probability,0.267,0.248,-0.019000000000000017,-0.019000000000000017,true,949c046d5938aee21deaa9143be429704e6e0ad57086b64fc90b543e4299aa08
fgf2,74aa118867154af84641515be0581522d731daba7fb9ee754f68bc40ba434eb6,masked_substitution,c4ac062fd8bec9b4f780221c9b3d31c4d4a8324fb25aa7d73e9bfe6c06caed6a,primary_parent,33c93d5c40eedd7b584ca988e66e16c5a58ac57f62499b4cb797dff4ab22d4e8,macrel_hemolysis_label,categorical,true,same_frozen_label_contract,audit,label,low,low,,,false,1b4e0094f79929286bc0f6d4dc17bc537fb6e3a348e8c5f6d1a1e2f36b494f57
fgf2,74aa118867154af84641515be0581522d731daba7fb9ee754f68bc40ba434eb6,masked_substitution,c4ac062fd8bec9b4f780221c9b3d31c4d4a8324fb25aa7d73e9bfe6c06caed6a,primary_parent,33c93d5c40eedd7b584ca988e66e16c5a58ac57f62499b4cb797dff4ab22d4e8,macrel_hemolysis_probability,numeric,true,same_frozen_numeric_contract,minimize,probability,0.396,0.396,0.0,-0.0,false,fd569653fa465046f8258ed09dcb12dc8a4b79ede0c0755201649200dc006c13
fgf2,74aa118867154af84641515be0581522d731daba7fb9ee754f68bc40ba434eb6,masked_substitution,c4ac062fd8bec9b4f780221c9b3d31c4d4a8324fb25aa7d73e9bfe6c06caed6a,primary_parent,33c93d5c40eedd7b584ca988e66e16c5a58ac57f62499b4cb797dff4ab22d4e8,maximum_hydrophobic_run,numeric,true,same_frozen_numeric_contract,minimize,residues,1.0,2.0,1.0,-1.0,true,c82f0909f53bab06f70f8bfacca49a8d9ba4a10555afb923166d8cb39907fdc6
fgf2,74aa118867154af84641515be0581522d731daba7fb9ee754f68bc40ba434eb6,masked_substitution,c4ac062fd8bec9b4f780221c9b3d31c4d4a8324fb25aa7d73e9bfe6c06caed6a,primary_parent,33c93d5c40eedd7b584ca988e66e16c5a58ac57f62499b4cb797dff4ab22d4e8,net_charge_ph7_4,numeric,false,audit_metric_has_no_monotonic_improvement_direction,audit,elementary_charge,6.986,5.987,-0.9989999999999997,,true,548fd53fade3f937477e59cf43d6ca4f65916d2ff4d4f83e15481886f10a550e
fgf2,74aa118867154af84641515be0581522d731daba7fb9ee754f68bc40ba434eb6,masked_substitution,c4ac062fd8bec9b4f780221c9b3d31c4d4a8324fb25aa7d73e9bfe6c06caed6a,primary_parent,33c93d5c40eedd7b584ca988e66e16c5a58ac57f62499b4cb797dff4ab22d4e8,toxinpred3_hybrid_score,numeric,true,same_frozen_numeric_contract,minimize,dimensionless,0.355,0.37,0.015000000000000013,-0.015000000000000013,true,61e9ab24a690b442c1a9761726f404824110adaa01f7dcfac6343fa766cb95c0
fgf2,74aa118867154af84641515be0581522d731daba7fb9ee754f68bc40ba434eb6,masked_substitution,c4ac062fd8bec9b4f780221c9b3d31c4d4a8324fb25aa7d73e9bfe6c06caed6a,primary_parent,33c93d5c40eedd7b584ca988e66e16c5a58ac57f62499b4cb797dff4ab22d4e8,toxinpred3_label,categorical,true,same_frozen_label_contract,audit,label,Non-Toxin,Non-Toxin,,,false,b10bb6800994eb3c74442e104f158c50585cece8d0876a58190b38c8bb673b17
fgf2,6bd77d951b4b43d49bc3573e2eb4187303dae14743d77617e16689842c18c1f7,masked_substitution,ca3b4df40519581bc8b4c90cb1435b9ee24d3dc369c2ec3d607cc948a48999cc,primary_parent,33c93d5c40eedd7b584ca988e66e16c5a58ac57f62499b4cb797dff4ab22d4e8,amp_read_log10_mic_um,numeric,true,same_frozen_numeric_contract,minimize,log10(uM),1.9308771815866161,1.837632556716088,-0.09324462487052809,0.09324462487052809,true,14c02ad9c1402fb4ffdd1a7c7d4526c50ac346bf1cfa3c16d948f5b70bba2173
fgf2,6bd77d951b4b43d49bc3573e2eb4187303dae14743d77617e16689842c18c1f7,masked_substitution,ca3b4df40519581bc8b4c90cb1435b9ee24d3dc369c2ec3d607cc948a48999cc,primary_parent,33c93d5c40eedd7b584ca988e66e16c5a58ac57f62499b4cb797dff4ab22d4e8,guruprasad_instability_index,numeric,true,same_frozen_numeric_contract,minimize,index,26.82381,22.780952380952378,-4.0428576190476235,4.0428576190476235,true,1b22b07ae40330365bdb15b7903a020947b2495da4837dd3a187d9955ed20de8
fgf2,6bd77d951b4b43d49bc3573e2eb4187303dae14743d77617e16689842c18c1f7,masked_substitution,ca3b4df40519581bc8b4c90cb1435b9ee24d3dc369c2ec3d607cc948a48999cc,primary_parent,33c93d5c40eedd7b584ca988e66e16c5a58ac57f62499b4cb797dff4ab22d4e8,hydrophobic_moment_eisenberg,numeric,false,audit_metric_has_no_monotonic_improvement_direction,audit,dimensionless,0.20468947573195764,0.3281469371877491,0.12345746145579148,,true,733504cb37fe706422bf89d52e9e2e608fc02989888904d8b1f631b5608e9f56
fgf2,6bd77d951b4b43d49bc3573e2eb4187303dae14743d77617e16689842c18c1f7,masked_substitution,ca3b4df40519581bc8b4c90cb1435b9ee24d3dc369c2ec3d607cc948a48999cc,primary_parent,33c93d5c40eedd7b584ca988e66e16c5a58ac57f62499b4cb797dff4ab22d4e8,hydrophobic_ratio_modlamp,numeric,false,audit_metric_has_no_monotonic_improvement_direction,audit,fraction,0.09523809523809523,0.14285714285714285,0.047619047619047616,,true,4086491790a8f8c33032ccd6215fabfed7cb2c8d34043209b7aa229c907816c1
fgf2,6bd77d951b4b43d49bc3573e2eb4187303dae14743d77617e16689842c18c1f7,masked_substitution,ca3b4df40519581bc8b4c90cb1435b9ee24d3dc369c2ec3d607cc948a48999cc,primary_parent,33c93d5c40eedd7b584ca988e66e16c5a58ac57f62499b4cb797dff4ab22d4e8,llamp_log10_mic_um,numeric,true,same_frozen_numeric_contract,minimize,log10(uM),1.4650440216064453,1.8180088996887207,0.3529648780822754,-0.3529648780822754,true,fe78145cfcb99c658407b8e5ed88e3716e8db6394d54a99d461f6b8995ac55f6
fgf2,6bd77d951b4b43d49bc3573e2eb4187303dae14743d77617e16689842c18c1f7,masked_substitution,ca3b4df40519581bc8b4c90cb1435b9ee24d3dc369c2ec3d607cc948a48999cc,primary_parent,33c93d5c40eedd7b584ca988e66e16c5a58ac57f62499b4cb797dff4ab22d4e8,macrel_amp_probability,numeric,true,same_frozen_numeric_contract,maximize,probability,0.267,0.248,-0.019000000000000017,-0.019000000000000017,true,306395b68f833afb486dc373c624efbdccda4863489eddd3e7347d33e4e8101e
fgf2,6bd77d951b4b43d49bc3573e2eb4187303dae14743d77617e16689842c18c1f7,masked_substitution,ca3b4df40519581bc8b4c90cb1435b9ee24d3dc369c2ec3d607cc948a48999cc,primary_parent,33c93d5c40eedd7b584ca988e66e16c5a58ac57f62499b4cb797dff4ab22d4e8,macrel_hemolysis_label,categorical,true,same_frozen_label_contract,audit,label,low,low,,,false,289b3a1b6be59b40f6b9366902d322f7a3d6182e5a0e6f6b692c9d4db51e6d44
fgf2,6bd77d951b4b43d49bc3573e2eb4187303dae14743d77617e16689842c18c1f7,masked_substitution,ca3b4df40519581bc8b4c90cb1435b9ee24d3dc369c2ec3d607cc948a48999cc,primary_parent,33c93d5c40eedd7b584ca988e66e16c5a58ac57f62499b4cb797dff4ab22d4e8,macrel_hemolysis_probability,numeric,true,same_frozen_numeric_contract,minimize,probability,0.396,0.396,0.0,-0.0,false,8e2591c01a5cb38ea321d9561d8395f7d3d8cbe7f895b483aaef5aa0036d3ebe
fgf2,6bd77d951b4b43d49bc3573e2eb4187303dae14743d77617e16689842c18c1f7,masked_substitution,ca3b4df40519581bc8b4c90cb1435b9ee24d3dc369c2ec3d607cc948a48999cc,primary_parent,33c93d5c40eedd7b584ca988e66e16c5a58ac57f62499b4cb797dff4ab22d4e8,maximum_hydrophobic_run,numeric,true,same_frozen_numeric_contract,minimize,residues,1.0,2.0,1.0,-1.0,true,2dfe844c4f781159f7579070f6c4e2227504e0bf911264e254eb2fdfd2ba37e9
fgf2,6bd77d951b4b43d49bc3573e2eb4187303dae14743d77617e16689842c18c1f7,masked_substitution,ca3b4df40519581bc8b4c90cb1435b9ee24d3dc369c2ec3d607cc948a48999cc,primary_parent,33c93d5c40eedd7b584ca988e66e16c5a58ac57f62499b4cb797dff4ab22d4e8,net_charge_ph7_4,numeric,false,audit_metric_has_no_monotonic_improvement_direction,audit,elementary_charge,6.986,5.987,-0.9989999999999997,,true,1908c389b03a2b5bcd2d667c7145fa85e3e45ef6161a69285fbc1715635bedc1
fgf2,6bd77d951b4b43d49bc3573e2eb4187303dae14743d77617e16689842c18c1f7,masked_substitution,ca3b4df40519581bc8b4c90cb1435b9ee24d3dc369c2ec3d607cc948a48999cc,primary_parent,33c93d5c40eedd7b584ca988e66e16c5a58ac57f62499b4cb797dff4ab22d4e8,toxinpred3_hybrid_score,numeric,true,same_frozen_numeric_contract,minimize,dimensionless,0.355,0.335,-0.019999999999999962,0.019999999999999962,true,6177879bea5e9153b5e0d43d585cff96f0e94b8886b13ce152602cdd3abd3b2d
fgf2,6bd77d951b4b43d49bc3573e2eb4187303dae14743d77617e16689842c18c1f7,masked_substitution,ca3b4df40519581bc8b4c90cb1435b9ee24d3dc369c2ec3d607cc948a48999cc,primary_parent,33c93d5c40eedd7b584ca988e66e16c5a58ac57f62499b4cb797dff4ab22d4e8,toxinpred3_label,categorical,true,same_frozen_label_contract,audit,label,Non-Toxin,Non-Toxin,,,false,866c3250bd4d08721898580760dc897c3fa2600cb6b72f48e0ee7851573f34a2
fgf2,e52e91d9a8d08a0588b1cb2a4709d55799c8347cac0daabb5b6ec64a7cda820a,masked_substitution,eeb2fdb7f205ab02db8675bc45e01c0dfd46246386601f11195254cf9da34227,primary_parent,33c93d5c40eedd7b584ca988e66e16c5a58ac57f62499b4cb797dff4ab22d4e8,amp_read_log10_mic_um,numeric,true,same_frozen_numeric_contract,minimize,log10(uM),1.9308771815866161,1.8738127279248868,-0.0570644536617293,0.0570644536617293,true,051173fddea80eaa8b522d1868a85e370488750586d798de5d7b71d91b13f8ab
fgf2,e52e91d9a8d08a0588b1cb2a4709d55799c8347cac0daabb5b6ec64a7cda820a,masked_substitution,eeb2fdb7f205ab02db8675bc45e01c0dfd46246386601f11195254cf9da34227,primary_parent,33c93d5c40eedd7b584ca988e66e16c5a58ac57f62499b4cb797dff4ab22d4e8,guruprasad_instability_index,numeric,true,same_frozen_numeric_contract,minimize,index,26.82381,25.45238095238095,-1.3714290476190527,1.3714290476190527,true,89b6b64caf4800855ce78b64d971b6e12703858cab1755222fbbac41874f1229
fgf2,e52e91d9a8d08a0588b1cb2a4709d55799c8347cac0daabb5b6ec64a7cda820a,masked_substitution,eeb2fdb7f205ab02db8675bc45e01c0dfd46246386601f11195254cf9da34227,primary_parent,33c93d5c40eedd7b584ca988e66e16c5a58ac57f62499b4cb797dff4ab22d4e8,hydrophobic_moment_eisenberg,numeric,false,audit_metric_has_no_monotonic_improvement_direction,audit,dimensionless,0.20468947573195764,0.3281469371877491,0.12345746145579148,,true,4ca339410fdd078352be4382ab3b1460f6783c5c3d8a750a1b7a70406b0bb0f5
fgf2,e52e91d9a8d08a0588b1cb2a4709d55799c8347cac0daabb5b6ec64a7cda820a,masked_substitution,eeb2fdb7f205ab02db8675bc45e01c0dfd46246386601f11195254cf9da34227,primary_parent,33c93d5c40eedd7b584ca988e66e16c5a58ac57f62499b4cb797dff4ab22d4e8,hydrophobic_ratio_modlamp,numeric,false,audit_metric_has_no_monotonic_improvement_direction,audit,fraction,0.09523809523809523,0.14285714285714285,0.047619047619047616,,true,52d0b2f6e5bed32028a2d7229b19bdb02786571e36b8edf5495ca414c490f6f7
fgf2,e52e91d9a8d08a0588b1cb2a4709d55799c8347cac0daabb5b6ec64a7cda820a,masked_substitution,eeb2fdb7f205ab02db8675bc45e01c0dfd46246386601f11195254cf9da34227,primary_parent,33c93d5c40eedd7b584ca988e66e16c5a58ac57f62499b4cb797dff4ab22d4e8,llamp_log10_mic_um,numeric,true,same_frozen_numeric_contract,minimize,log10(uM),1.4650440216064453,1.8604012727737427,0.39535725116729736,-0.39535725116729736,true,72f234ba4bb13ade996b1e3fe186b0548bde57a9a0f42721ea20c555dcc9488a
fgf2,e52e91d9a8d08a0588b1cb2a4709d55799c8347cac0daabb5b6ec64a7cda820a,masked_substitution,eeb2fdb7f205ab02db8675bc45e01c0dfd46246386601f11195254cf9da34227,primary_parent,33c93d5c40eedd7b584ca988e66e16c5a58ac57f62499b4cb797dff4ab22d4e8,macrel_amp_probability,numeric,true,same_frozen_numeric_contract,maximize,probability,0.267,0.287,0.019999999999999962,0.019999999999999962,true,f38022153067db9658c1aca90a48eb6b17e4eeb1b516c5cf4f7eccf0ac08de10
fgf2,e52e91d9a8d08a0588b1cb2a4709d55799c8347cac0daabb5b6ec64a7cda820a,masked_substitution,eeb2fdb7f205ab02db8675bc45e01c0dfd46246386601f11195254cf9da34227,primary_parent,33c93d5c40eedd7b584ca988e66e16c5a58ac57f62499b4cb797dff4ab22d4e8,macrel_hemolysis_label,categorical,true,same_frozen_label_contract,audit,label,low,low,,,false,2fe8d9cc3adc90820880279c12a8f725409999e21e0d6c5892b3e7a990ca918c
fgf2,e52e91d9a8d08a0588b1cb2a4709d55799c8347cac0daabb5b6ec64a7cda820a,masked_substitution,eeb2fdb7f205ab02db8675bc45e01c0dfd46246386601f11195254cf9da34227,primary_parent,33c93d5c40eedd7b584ca988e66e16c5a58ac57f62499b4cb797dff4ab22d4e8,macrel_hemolysis_probability,numeric,true,same_frozen_numeric_contract,minimize,probability,0.396,0.337,-0.059,0.059,true,43add5dcff7074275341caddc42bc3f0b1ef3caa7dbd811a7614dabb7cf3f14a
fgf2,e52e91d9a8d08a0588b1cb2a4709d55799c8347cac0daabb5b6ec64a7cda820a,masked_substitution,eeb2fdb7f205ab02db8675bc45e01c0dfd46246386601f11195254cf9da34227,primary_parent,33c93d5c40eedd7b584ca988e66e16c5a58ac57f62499b4cb797dff4ab22d4e8,maximum_hydrophobic_run,numeric,true,same_frozen_numeric_contract,minimize,residues,1.0,2.0,1.0,-1.0,true,4da36a8f8eb2c6766bad148a613e42aa1ae74a50c4dc49d922344df5e054caa0
fgf2,e52e91d9a8d08a0588b1cb2a4709d55799c8347cac0daabb5b6ec64a7cda820a,masked_substitution,eeb2fdb7f205ab02db8675bc45e01c0dfd46246386601f11195254cf9da34227,primary_parent,33c93d5c40eedd7b584ca988e66e16c5a58ac57f62499b4cb797dff4ab22d4e8,net_charge_ph7_4,numeric,false,audit_metric_has_no_monotonic_improvement_direction,audit,elementary_charge,6.986,5.987,-0.9989999999999997,,true,ea7174383482429132ff19330521c8bde659d091f563735189c381f5ab17b2f5
fgf2,e52e91d9a8d08a0588b1cb2a4709d55799c8347cac0daabb5b6ec64a7cda820a,masked_substitution,eeb2fdb7f205ab02db8675bc45e01c0dfd46246386601f11195254cf9da34227,primary_parent,33c93d5c40eedd7b584ca988e66e16c5a58ac57f62499b4cb797dff4ab22d4e8,toxinpred3_hybrid_score,numeric,true,same_frozen_numeric_contract,minimize,dimensionless,0.355,0.305,-0.04999999999999999,0.04999999999999999,true,d2701aa206b0341b14a17388c1f68909055fbd01bb3b2143880ba78295cef356
fgf2,e52e91d9a8d08a0588b1cb2a4709d55799c8347cac0daabb5b6ec64a7cda820a,masked_substitution,eeb2fdb7f205ab02db8675bc45e01c0dfd46246386601f11195254cf9da34227,primary_parent,33c93d5c40eedd7b584ca988e66e16c5a58ac57f62499b4cb797dff4ab22d4e8,toxinpred3_label,categorical,true,same_frozen_label_contract,audit,label,Non-Toxin,Non-Toxin,,,false,fd979ee63fd59f1330444d528f7c2c9eba5e2c6432f6869d044e375186e854e6
fgf2,bc05c0ca382479930d646c17ebc3ffba1e0a8b017210ca72f0ed985728fc78e1,masked_substitution,7812d5c5fd29d2fc32cb5c636da08ebd900f166702bcb18890cda302e2dcc280,primary_parent,33c93d5c40eedd7b584ca988e66e16c5a58ac57f62499b4cb797dff4ab22d4e8,amp_read_log10_mic_um,numeric,true,same_frozen_numeric_contract,minimize,log10(uM),1.9308771815866161,1.8612009528945337,-0.06967622869208245,0.06967622869208245,true,b9f5e32e13a3ca576d12796a8cbb154e341d8e1092ea65b2606415928e2113b2
fgf2,bc05c0ca382479930d646c17ebc3ffba1e0a8b017210ca72f0ed985728fc78e1,masked_substitution,7812d5c5fd29d2fc32cb5c636da08ebd900f166702bcb18890cda302e2dcc280,primary_parent,33c93d5c40eedd7b584ca988e66e16c5a58ac57f62499b4cb797dff4ab22d4e8,guruprasad_instability_index,numeric,true,same_frozen_numeric_contract,minimize,index,26.82381,19.666666666666668,-7.157143333333334,7.157143333333334,true,470626e2cca87a7c0edb84fa236801cee432598595556751f4e44a1b9e585f67
fgf2,bc05c0ca382479930d646c17ebc3ffba1e0a8b017210ca72f0ed985728fc78e1,masked_substitution,7812d5c5fd29d2fc32cb5c636da08ebd900f166702bcb18890cda302e2dcc280,primary_parent,33c93d5c40eedd7b584ca988e66e16c5a58ac57f62499b4cb797dff4ab22d4e8,hydrophobic_moment_eisenberg,numeric,false,audit_metric_has_no_monotonic_improvement_direction,audit,dimensionless,0.20468947573195764,0.33290052338876935,0.1282110476568117,,true,2890c1d59e9f631e7e2e6428bc1b8c61fd488af475d8ddda19c97d511cddb7af
fgf2,bc05c0ca382479930d646c17ebc3ffba1e0a8b017210ca72f0ed985728fc78e1,masked_substitution,7812d5c5fd29d2fc32cb5c636da08ebd900f166702bcb18890cda302e2dcc280,primary_parent,33c93d5c40eedd7b584ca988e66e16c5a58ac57f62499b4cb797dff4ab22d4e8,hydrophobic_ratio_modlamp,numeric,false,audit_metric_has_no_monotonic_improvement_direction,audit,fraction,0.09523809523809523,0.14285714285714285,0.047619047619047616,,true,4e69d5784c75b1a39e705c969836a488e5b4c8e6a1d4c3e1192ba7dfaa3dcf2a
fgf2,bc05c0ca382479930d646c17ebc3ffba1e0a8b017210ca72f0ed985728fc78e1,masked_substitution,7812d5c5fd29d2fc32cb5c636da08ebd900f166702bcb18890cda302e2dcc280,primary_parent,33c93d5c40eedd7b584ca988e66e16c5a58ac57f62499b4cb797dff4ab22d4e8,llamp_log10_mic_um,numeric,true,same_frozen_numeric_contract,minimize,log10(uM),1.4650440216064453,1.6021767854690552,0.13713276386260986,-0.13713276386260986,true,7bacf0b25ac5d0fb56563bcb74e943bd261bbd5bb057589d01abda14d789ed5a
fgf2,bc05c0ca382479930d646c17ebc3ffba1e0a8b017210ca72f0ed985728fc78e1,masked_substitution,7812d5c5fd29d2fc32cb5c636da08ebd900f166702bcb18890cda302e2dcc280,primary_parent,33c93d5c40eedd7b584ca988e66e16c5a58ac57f62499b4cb797dff4ab22d4e8,macrel_amp_probability,numeric,true,same_frozen_numeric_contract,maximize,probability,0.267,0.257,-0.010000000000000009,-0.010000000000000009,true,c52bde89733dc6a4a9260d71a2a255db4c006a4296f45b066022d75a0352f73b
fgf2,bc05c0ca382479930d646c17ebc3ffba1e0a8b017210ca72f0ed985728fc78e1,masked_substitution,7812d5c5fd29d2fc32cb5c636da08ebd900f166702bcb18890cda302e2dcc280,primary_parent,33c93d5c40eedd7b584ca988e66e16c5a58ac57f62499b4cb797dff4ab22d4e8,macrel_hemolysis_label,categorical,true,same_frozen_label_contract,audit,label,low,low,,,false,862a789fa9803f8edce23424c5af57b0bd3292a78bd42a09f7da71f423e2610f
fgf2,bc05c0ca382479930d646c17ebc3ffba1e0a8b017210ca72f0ed985728fc78e1,masked_substitution,7812d5c5fd29d2fc32cb5c636da08ebd900f166702bcb18890cda302e2dcc280,primary_parent,33c93d5c40eedd7b584ca988e66e16c5a58ac57f62499b4cb797dff4ab22d4e8,macrel_hemolysis_probability,numeric,true,same_frozen_numeric_contract,minimize,probability,0.396,0.356,-0.040000000000000036,0.040000000000000036,true,b9f8e55878c7825b54d9bfdd86bf190ce73e8f683abd5b623f7c0c92c4e53db6
fgf2,bc05c0ca382479930d646c17ebc3ffba1e0a8b017210ca72f0ed985728fc78e1,masked_substitution,7812d5c5fd29d2fc32cb5c636da08ebd900f166702bcb18890cda302e2dcc280,primary_parent,33c93d5c40eedd7b584ca988e66e16c5a58ac57f62499b4cb797dff4ab22d4e8,maximum_hydrophobic_run,numeric,true,same_frozen_numeric_contract,minimize,residues,1.0,2.0,1.0,-1.0,true,f38bcf6d4f3c82f77d78617f3848fdf883640dadd271eb422b6ff1f871a14616
fgf2,bc05c0ca382479930d646c17ebc3ffba1e0a8b017210ca72f0ed985728fc78e1,masked_substitution,7812d5c5fd29d2fc32cb5c636da08ebd900f166702bcb18890cda302e2dcc280,primary_parent,33c93d5c40eedd7b584ca988e66e16c5a58ac57f62499b4cb797dff4ab22d4e8,net_charge_ph7_4,numeric,false,audit_metric_has_no_monotonic_improvement_direction,audit,elementary_charge,6.986,5.987,-0.9989999999999997,,true,61f208f39aeb80804bb36b09fcde1f2b86275dade24e4895c83bcb581cba88b3
fgf2,bc05c0ca382479930d646c17ebc3ffba1e0a8b017210ca72f0ed985728fc78e1,masked_substitution,7812d5c5fd29d2fc32cb5c636da08ebd900f166702bcb18890cda302e2dcc280,primary_parent,33c93d5c40eedd7b584ca988e66e16c5a58ac57f62499b4cb797dff4ab22d4e8,toxinpred3_hybrid_score,numeric,true,same_frozen_numeric_contract,minimize,dimensionless,0.355,0.37,0.015000000000000013,-0.015000000000000013,true,f89ad4aa4ae0515b183ab3c8bc5a91ea2be4525d2cd3cfe77dac45dfbd86bc73
fgf2,bc05c0ca382479930d646c17ebc3ffba1e0a8b017210ca72f0ed985728fc78e1,masked_substitution,7812d5c5fd29d2fc32cb5c636da08ebd900f166702bcb18890cda302e2dcc280,primary_parent,33c93d5c40eedd7b584ca988e66e16c5a58ac57f62499b4cb797dff4ab22d4e8,toxinpred3_label,categorical,true,same_frozen_label_contract,audit,label,Non-Toxin,Non-Toxin,,,false,da4af229b3191599d706458d350654b499257ef334e80673cb6b260b0cb540ca
fgf2,b8ecf0521417a3fe016b7883e2e3c5850d5fcc8c2e72c9c6b7ee068434a46e72,masked_substitution,ad13471607dfa8ac817f30aa3ccd9e2a85284e6241f2dc683add21f3ae7a9a3d,primary_parent,33c93d5c40eedd7b584ca988e66e16c5a58ac57f62499b4cb797dff4ab22d4e8,amp_read_log10_mic_um,numeric,true,same_frozen_numeric_contract,minimize,log10(uM),1.9308771815866161,1.841931889514755,-0.08894529207186119,0.08894529207186119,true,e007d7a155ea70f92009f272a442ac9f949e7ba10945c89b8d57a17c133d0595
fgf2,b8ecf0521417a3fe016b7883e2e3c5850d5fcc8c2e72c9c6b7ee068434a46e72,masked_substitution,ad13471607dfa8ac817f30aa3ccd9e2a85284e6241f2dc683add21f3ae7a9a3d,primary_parent,33c93d5c40eedd7b584ca988e66e16c5a58ac57f62499b4cb797dff4ab22d4e8,guruprasad_instability_index,numeric,true,same_frozen_numeric_contract,minimize,index,26.82381,26.82380952380953,-4.7619047194302766e-07,4.7619047194302766e-07,true,efd23f3fe5f8ce72347a466962528e0d39ccd41d2f9efa8849b049775e325d8a
fgf2,b8ecf0521417a3fe016b7883e2e3c5850d5fcc8c2e72c9c6b7ee068434a46e72,masked_substitution,ad13471607dfa8ac817f30aa3ccd9e2a85284e6241f2dc683add21f3ae7a9a3d,primary_parent,33c93d5c40eedd7b584ca988e66e16c5a58ac57f62499b4cb797dff4ab22d4e8,hydrophobic_moment_eisenberg,numeric,false,audit_metric_has_no_monotonic_improvement_direction,audit,dimensionless,0.20468947573195764,0.2882276555900257,0.08353817985806808,,true,8b53418c89814e23dd0dbb7098f31f05476570577740e946ddd7f2289aae25eb
fgf2,b8ecf0521417a3fe016b7883e2e3c5850d5fcc8c2e72c9c6b7ee068434a46e72,masked_substitution,ad13471607dfa8ac817f30aa3ccd9e2a85284e6241f2dc683add21f3ae7a9a3d,primary_parent,33c93d5c40eedd7b584ca988e66e16c5a58ac57f62499b4cb797dff4ab22d4e8,hydrophobic_ratio_modlamp,numeric,false,audit_metric_has_no_monotonic_improvement_direction,audit,fraction,0.09523809523809523,0.09523809523809523,0.0,,false,84b1b3e88ef6177c47edebae26500e82cd8369d5d69b7275320b22c564853198
fgf2,b8ecf0521417a3fe016b7883e2e3c5850d5fcc8c2e72c9c6b7ee068434a46e72,masked_substitution,ad13471607dfa8ac817f30aa3ccd9e2a85284e6241f2dc683add21f3ae7a9a3d,primary_parent,33c93d5c40eedd7b584ca988e66e16c5a58ac57f62499b4cb797dff4ab22d4e8,llamp_log10_mic_um,numeric,true,same_frozen_numeric_contract,minimize,log10(uM),1.4650440216064453,1.6218090057373047,0.15676498413085938,-0.15676498413085938,true,8667ebbcd95fb3a929f42da867d028114ecc000b516de722825091c349aa8f32
fgf2,b8ecf0521417a3fe016b7883e2e3c5850d5fcc8c2e72c9c6b7ee068434a46e72,masked_substitution,ad13471607dfa8ac817f30aa3ccd9e2a85284e6241f2dc683add21f3ae7a9a3d,primary_parent,33c93d5c40eedd7b584ca988e66e16c5a58ac57f62499b4cb797dff4ab22d4e8,macrel_amp_probability,numeric,true,same_frozen_numeric_contract,maximize,probability,0.267,0.228,-0.03900000000000001,-0.03900000000000001,true,67a4bf1f1ceb1bb658421bc80e64f01a42c1017b9d456c5faab5333dbd6a6bc6
fgf2,b8ecf0521417a3fe016b7883e2e3c5850d5fcc8c2e72c9c6b7ee068434a46e72,masked_substitution,ad13471607dfa8ac817f30aa3ccd9e2a85284e6241f2dc683add21f3ae7a9a3d,primary_parent,33c93d5c40eedd7b584ca988e66e16c5a58ac57f62499b4cb797dff4ab22d4e8,macrel_hemolysis_label,categorical,true,same_frozen_label_contract,audit,label,low,low,,,false,c5064bb66ed8aaaefaee9aa829754f94e1fdba858f0759e8dbe5df858d63aa33
fgf2,b8ecf0521417a3fe016b7883e2e3c5850d5fcc8c2e72c9c6b7ee068434a46e72,masked_substitution,ad13471607dfa8ac817f30aa3ccd9e2a85284e6241f2dc683add21f3ae7a9a3d,primary_parent,33c93d5c40eedd7b584ca988e66e16c5a58ac57f62499b4cb797dff4ab22d4e8,macrel_hemolysis_probability,numeric,true,same_frozen_numeric_contract,minimize,probability,0.396,0.327,-0.069,0.069,true,66aec404190b8d86fe77096a41384b83949eea0aa3c917168f315c52e3fea848
fgf2,b8ecf0521417a3fe016b7883e2e3c5850d5fcc8c2e72c9c6b7ee068434a46e72,masked_substitution,ad13471607dfa8ac817f30aa3ccd9e2a85284e6241f2dc683add21f3ae7a9a3d,primary_parent,33c93d5c40eedd7b584ca988e66e16c5a58ac57f62499b4cb797dff4ab22d4e8,maximum_hydrophobic_run,numeric,true,same_frozen_numeric_contract,minimize,residues,1.0,2.0,1.0,-1.0,true,7278556661349833bc1c657111b63ec27948c46dd8e9064f02d6a248b8e1a854
fgf2,b8ecf0521417a3fe016b7883e2e3c5850d5fcc8c2e72c9c6b7ee068434a46e72,masked_substitution,ad13471607dfa8ac817f30aa3ccd9e2a85284e6241f2dc683add21f3ae7a9a3d,primary_parent,33c93d5c40eedd7b584ca988e66e16c5a58ac57f62499b4cb797dff4ab22d4e8,net_charge_ph7_4,numeric,false,audit_metric_has_no_monotonic_improvement_direction,audit,elementary_charge,6.986,5.985,-1.0009999999999994,,true,9bf4b4d0317428ef237e5587959a57725363cab23f2afadc66e762d5406a8b63
fgf2,b8ecf0521417a3fe016b7883e2e3c5850d5fcc8c2e72c9c6b7ee068434a46e72,masked_substitution,ad13471607dfa8ac817f30aa3ccd9e2a85284e6241f2dc683add21f3ae7a9a3d,primary_parent,33c93d5c40eedd7b584ca988e66e16c5a58ac57f62499b4cb797dff4ab22d4e8,toxinpred3_hybrid_score,numeric,true,same_frozen_numeric_contract,minimize,dimensionless,0.355,0.265,-0.08999999999999997,0.08999999999999997,true,9c1c6ee34835273bd21a4cd567f46c8f7a7f0ab620c5b7004e074dbb3c02e5d6
fgf2,b8ecf0521417a3fe016b7883e2e3c5850d5fcc8c2e72c9c6b7ee068434a46e72,masked_substitution,ad13471607dfa8ac817f30aa3ccd9e2a85284e6241f2dc683add21f3ae7a9a3d,primary_parent,33c93d5c40eedd7b584ca988e66e16c5a58ac57f62499b4cb797dff4ab22d4e8,toxinpred3_label,categorical,true,same_frozen_label_contract,audit,label,Non-Toxin,Non-Toxin,,,false,34aeb440c42260bfbb870cf2798b223e4e0404dbebd1c7f1641687e82270f625
fgf2,0c641945e4500ec741fc180bb1c11d8f2dff51d9bf528f717e5b0499868e6632,masked_substitution,aebfaf73e0770e604e6c5c236faf00673f58cdd3b55629a8654dfd4ac074145f,primary_parent,33c93d5c40eedd7b584ca988e66e16c5a58ac57f62499b4cb797dff4ab22d4e8,amp_read_log10_mic_um,numeric,true,same_frozen_numeric_contract,minimize,log10(uM),1.9308771815866161,1.88041622853557,-0.05046095305104625,0.05046095305104625,true,2fa52d46ec0e5330e9a89bfc435597a10bbf8f68cd50dc3606e41502b9db0040
fgf2,0c641945e4500ec741fc180bb1c11d8f2dff51d9bf528f717e5b0499868e6632,masked_substitution,aebfaf73e0770e604e6c5c236faf00673f58cdd3b55629a8654dfd4ac074145f,primary_parent,33c93d5c40eedd7b584ca988e66e16c5a58ac57f62499b4cb797dff4ab22d4e8,guruprasad_instability_index,numeric,true,same_frozen_numeric_contract,minimize,index,26.82381,11.523809523809522,-15.30000047619048,15.30000047619048,true,91d2604469ae454811913c9f2400db47de7bf2157b25e498760e534af47c44ff
fgf2,0c641945e4500ec741fc180bb1c11d8f2dff51d9bf528f717e5b0499868e6632,masked_substitution,aebfaf73e0770e604e6c5c236faf00673f58cdd3b55629a8654dfd4ac074145f,primary_parent,33c93d5c40eedd7b584ca988e66e16c5a58ac57f62499b4cb797dff4ab22d4e8,hydrophobic_moment_eisenberg,numeric,false,audit_metric_has_no_monotonic_improvement_direction,audit,dimensionless,0.20468947573195764,0.2943485938312101,0.08965911809925245,,true,2c976fa9d9079b81a9dd6c8aa653bdadaa209ba70717e349658eed4512ef1c81
fgf2,0c641945e4500ec741fc180bb1c11d8f2dff51d9bf528f717e5b0499868e6632,masked_substitution,aebfaf73e0770e604e6c5c236faf00673f58cdd3b55629a8654dfd4ac074145f,primary_parent,33c93d5c40eedd7b584ca988e66e16c5a58ac57f62499b4cb797dff4ab22d4e8,hydrophobic_ratio_modlamp,numeric,false,audit_metric_has_no_monotonic_improvement_direction,audit,fraction,0.09523809523809523,0.14285714285714285,0.047619047619047616,,true,4dd36011063e1a0ffa40313f4bafda15436f3003eae30a542cdd5d4f35f8ea1f
fgf2,0c641945e4500ec741fc180bb1c11d8f2dff51d9bf528f717e5b0499868e6632,masked_substitution,aebfaf73e0770e604e6c5c236faf00673f58cdd3b55629a8654dfd4ac074145f,primary_parent,33c93d5c40eedd7b584ca988e66e16c5a58ac57f62499b4cb797dff4ab22d4e8,llamp_log10_mic_um,numeric,true,same_frozen_numeric_contract,minimize,log10(uM),1.4650440216064453,1.5880258083343506,0.12298178672790527,-0.12298178672790527,true,7629e04c1c1187773f7a5015b4a7ded64f084b12aa3fea533f9d39ec024d3cfc
fgf2,0c641945e4500ec741fc180bb1c11d8f2dff51d9bf528f717e5b0499868e6632,masked_substitution,aebfaf73e0770e604e6c5c236faf00673f58cdd3b55629a8654dfd4ac074145f,primary_parent,33c93d5c40eedd7b584ca988e66e16c5a58ac57f62499b4cb797dff4ab22d4e8,macrel_amp_probability,numeric,true,same_frozen_numeric_contract,maximize,probability,0.267,0.277,0.010000000000000009,0.010000000000000009,true,38029ae6d7272440bda0fd3bff141e63ce4dc30474ed145cf93d3adc820d389f
fgf2,0c641945e4500ec741fc180bb1c11d8f2dff51d9bf528f717e5b0499868e6632,masked_substitution,aebfaf73e0770e604e6c5c236faf00673f58cdd3b55629a8654dfd4ac074145f,primary_parent,33c93d5c40eedd7b584ca988e66e16c5a58ac57f62499b4cb797dff4ab22d4e8,macrel_hemolysis_label,categorical,true,same_frozen_label_contract,audit,label,low,low,,,false,fb40a8aeecb132cc1244a238bfc3e9ec8ae4130f6a463c762da7500313824b33
fgf2,0c641945e4500ec741fc180bb1c11d8f2dff51d9bf528f717e5b0499868e6632,masked_substitution,aebfaf73e0770e604e6c5c236faf00673f58cdd3b55629a8654dfd4ac074145f,primary_parent,33c93d5c40eedd7b584ca988e66e16c5a58ac57f62499b4cb797dff4ab22d4e8,macrel_hemolysis_probability,numeric,true,same_frozen_numeric_contract,minimize,probability,0.396,0.366,-0.030000000000000027,0.030000000000000027,true,fc8c36d7c5a46f35fe412b975eb3455fe4083bdeafe664b92ee3c96de036f8be
fgf2,0c641945e4500ec741fc180bb1c11d8f2dff51d9bf528f717e5b0499868e6632,masked_substitution,aebfaf73e0770e604e6c5c236faf00673f58cdd3b55629a8654dfd4ac074145f,primary_parent,33c93d5c40eedd7b584ca988e66e16c5a58ac57f62499b4cb797dff4ab22d4e8,maximum_hydrophobic_run,numeric,true,same_frozen_numeric_contract,minimize,residues,1.0,1.0,0.0,-0.0,false,6e8ebda0fdc8787cc91ee44094a68af54f9290d02480fd48311326ed46e7d05c
fgf2,0c641945e4500ec741fc180bb1c11d8f2dff51d9bf528f717e5b0499868e6632,masked_substitution,aebfaf73e0770e604e6c5c236faf00673f58cdd3b55629a8654dfd4ac074145f,primary_parent,33c93d5c40eedd7b584ca988e66e16c5a58ac57f62499b4cb797dff4ab22d4e8,net_charge_ph7_4,numeric,false,audit_metric_has_no_monotonic_improvement_direction,audit,elementary_charge,6.986,5.987,-0.9989999999999997,,true,52098fa6680b0df8cbdc6bb55c9fa2d26036c8d28ed9d797d114d1e29e518d7c
fgf2,0c641945e4500ec741fc180bb1c11d8f2dff51d9bf528f717e5b0499868e6632,masked_substitution,aebfaf73e0770e604e6c5c236faf00673f58cdd3b55629a8654dfd4ac074145f,primary_parent,33c93d5c40eedd7b584ca988e66e16c5a58ac57f62499b4cb797dff4ab22d4e8,toxinpred3_hybrid_score,numeric,true,same_frozen_numeric_contract,minimize,dimensionless,0.355,0.325,-0.02999999999999997,0.02999999999999997,true,505e0c9e487694c77c491b85773160d72104f297cf343695511e63c6265dd02d
fgf2,0c641945e4500ec741fc180bb1c11d8f2dff51d9bf528f717e5b0499868e6632,masked_substitution,aebfaf73e0770e604e6c5c236faf00673f58cdd3b55629a8654dfd4ac074145f,primary_parent,33c93d5c40eedd7b584ca988e66e16c5a58ac57f62499b4cb797dff4ab22d4e8,toxinpred3_label,categorical,true,same_frozen_label_contract,audit,label,Non-Toxin,Non-Toxin,,,false,ff4d24f486b68a89923bac7e6f6ab482b6018d8cf2bb52266c3f96ee80f306ed
fgf2,a9a2d59dda9d4f06f3b878976af07e57764ccd00ac9e08a6ca13092199c0111c,masked_substitution,2a3aceb43f5290db4d73e6cc947d01a557f96cf5a002e26ccda9e5e33e25ec4a,primary_parent,33c93d5c40eedd7b584ca988e66e16c5a58ac57f62499b4cb797dff4ab22d4e8,amp_read_log10_mic_um,numeric,true,same_frozen_numeric_contract,minimize,log10(uM),1.9308771815866161,1.6678004303098892,-0.2630767512767269,0.2630767512767269,true,6802e14621b7861c65cedc8befbc981de4a0ac793c8f5d11fba35550ee8ad7af
fgf2,a9a2d59dda9d4f06f3b878976af07e57764ccd00ac9e08a6ca13092199c0111c,masked_substitution,2a3aceb43f5290db4d73e6cc947d01a557f96cf5a002e26ccda9e5e33e25ec4a,primary_parent,33c93d5c40eedd7b584ca988e66e16c5a58ac57f62499b4cb797dff4ab22d4e8,guruprasad_instability_index,numeric,true,same_frozen_numeric_contract,minimize,index,26.82381,15.566666666666665,-11.257143333333337,11.257143333333337,true,01bf1213243511a1e070c66641c94a4ec414e97581cea86b80cd8d74b887fef3
fgf2,a9a2d59dda9d4f06f3b878976af07e57764ccd00ac9e08a6ca13092199c0111c,masked_substitution,2a3aceb43f5290db4d73e6cc947d01a557f96cf5a002e26ccda9e5e33e25ec4a,primary_parent,33c93d5c40eedd7b584ca988e66e16c5a58ac57f62499b4cb797dff4ab22d4e8,hydrophobic_moment_eisenberg,numeric,false,audit_metric_has_no_monotonic_improvement_direction,audit,dimensionless,0.20468947573195764,0.28307498432611444,0.0783855085941568,,true,432d00edb8b26e45252e5d918c3c896367640eec2ca37e6b0b8fc5f36504fc34
fgf2,a9a2d59dda9d4f06f3b878976af07e57764ccd00ac9e08a6ca13092199c0111c,masked_substitution,2a3aceb43f5290db4d73e6cc947d01a557f96cf5a002e26ccda9e5e33e25ec4a,primary_parent,33c93d5c40eedd7b584ca988e66e16c5a58ac57f62499b4cb797dff4ab22d4e8,hydrophobic_ratio_modlamp,numeric,false,audit_metric_has_no_monotonic_improvement_direction,audit,fraction,0.09523809523809523,0.09523809523809523,0.0,,false,2aaa8b30a57843a21b7ed7bf369ed878530ac2e55fd4f349b91be5704f8803fd
fgf2,a9a2d59dda9d4f06f3b878976af07e57764ccd00ac9e08a6ca13092199c0111c,masked_substitution,2a3aceb43f5290db4d73e6cc947d01a557f96cf5a002e26ccda9e5e33e25ec4a,primary_parent,33c93d5c40eedd7b584ca988e66e16c5a58ac57f62499b4cb797dff4ab22d4e8,llamp_log10_mic_um,numeric,true,same_frozen_numeric_contract,minimize,log10(uM),1.4650440216064453,1.7978942394256592,0.33285021781921387,-0.33285021781921387,true,dcb8c75b8bde878c5fa8ed8280e7840e21a93344517c17b5cd2b306031bafee8
fgf2,a9a2d59dda9d4f06f3b878976af07e57764ccd00ac9e08a6ca13092199c0111c,masked_substitution,2a3aceb43f5290db4d73e6cc947d01a557f96cf5a002e26ccda9e5e33e25ec4a,primary_parent,33c93d5c40eedd7b584ca988e66e16c5a58ac57f62499b4cb797dff4ab22d4e8,macrel_amp_probability,numeric,true,same_frozen_numeric_contract,maximize,probability,0.267,0.257,-0.010000000000000009,-0.010000000000000009,true,a8200bfd675de89bd70d84e5043f03c9e92eb17a89423399bf13d1fe5aaa3836
fgf2,a9a2d59dda9d4f06f3b878976af07e57764ccd00ac9e08a6ca13092199c0111c,masked_substitution,2a3aceb43f5290db4d73e6cc947d01a557f96cf5a002e26ccda9e5e33e25ec4a,primary_parent,33c93d5c40eedd7b584ca988e66e16c5a58ac57f62499b4cb797dff4ab22d4e8,macrel_hemolysis_label,categorical,true,same_frozen_label_contract,audit,label,low,low,,,false,938512bd09e75fa46a6efaf73874b1ae110f13736a60eca8d1a93feaca2417ac
fgf2,a9a2d59dda9d4f06f3b878976af07e57764ccd00ac9e08a6ca13092199c0111c,masked_substitution,2a3aceb43f5290db4d73e6cc947d01a557f96cf5a002e26ccda9e5e33e25ec4a,primary_parent,33c93d5c40eedd7b584ca988e66e16c5a58ac57f62499b4cb797dff4ab22d4e8,macrel_hemolysis_probability,numeric,true,same_frozen_numeric_contract,minimize,probability,0.396,0.386,-0.010000000000000009,0.010000000000000009,true,7384f83e25b6783fb7564eb5b939c2b1a2b97cf2c9b6f8b5a8df46751e71411a
fgf2,a9a2d59dda9d4f06f3b878976af07e57764ccd00ac9e08a6ca13092199c0111c,masked_substitution,2a3aceb43f5290db4d73e6cc947d01a557f96cf5a002e26ccda9e5e33e25ec4a,primary_parent,33c93d5c40eedd7b584ca988e66e16c5a58ac57f62499b4cb797dff4ab22d4e8,maximum_hydrophobic_run,numeric,true,same_frozen_numeric_contract,minimize,residues,1.0,1.0,0.0,-0.0,false,ec2985faf076a2ffbd19e00fd7ab2221d0e122741683e3d464c82571f60562ad
fgf2,a9a2d59dda9d4f06f3b878976af07e57764ccd00ac9e08a6ca13092199c0111c,masked_substitution,2a3aceb43f5290db4d73e6cc947d01a557f96cf5a002e26ccda9e5e33e25ec4a,primary_parent,33c93d5c40eedd7b584ca988e66e16c5a58ac57f62499b4cb797dff4ab22d4e8,net_charge_ph7_4,numeric,false,audit_metric_has_no_monotonic_improvement_direction,audit,elementary_charge,6.986,5.987,-0.9989999999999997,,true,dbb8ebcb3fb5427cc4e444e8d5ead739d05ad9f10b47c3d9562468ec139dd199
fgf2,a9a2d59dda9d4f06f3b878976af07e57764ccd00ac9e08a6ca13092199c0111c,masked_substitution,2a3aceb43f5290db4d73e6cc947d01a557f96cf5a002e26ccda9e5e33e25ec4a,primary_parent,33c93d5c40eedd7b584ca988e66e16c5a58ac57f62499b4cb797dff4ab22d4e8,toxinpred3_hybrid_score,numeric,true,same_frozen_numeric_contract,minimize,dimensionless,0.355,0.0,-0.355,0.355,true,cb96c22e23085e7fe065083026194ee58f20e334d63e739ef60dacfbfd99547b
fgf2,a9a2d59dda9d4f06f3b878976af07e57764ccd00ac9e08a6ca13092199c0111c,masked_substitution,2a3aceb43f5290db4d73e6cc947d01a557f96cf5a002e26ccda9e5e33e25ec4a,primary_parent,33c93d5c40eedd7b584ca988e66e16c5a58ac57f62499b4cb797dff4ab22d4e8,toxinpred3_label,categorical,true,same_frozen_label_contract,audit,label,Non-Toxin,Non-Toxin,,,false,ea98b250b1c8b651e9b108e45ecee8fddbb825190eceda4de6ffa709014d267c
fgf2,8bfff16f8ac30c45fe5c8a218c328bb5a0c54fdd12e2b0d5f0174ba4d2c0cf9d,masked_substitution,32c98db7908cd6c34e70d007910353429cf3cf6452e390835ea95c71d4f469a1,primary_parent,33c93d5c40eedd7b584ca988e66e16c5a58ac57f62499b4cb797dff4ab22d4e8,amp_read_log10_mic_um,numeric,true,same_frozen_numeric_contract,minimize,log10(uM),1.9308771815866161,1.8643672122604096,-0.06650996932620656,0.06650996932620656,true,968a6e7f4a22b5e0c79c9527c013087a0a8fb051675ab75d47045b821637cf0b
fgf2,8bfff16f8ac30c45fe5c8a218c328bb5a0c54fdd12e2b0d5f0174ba4d2c0cf9d,masked_substitution,32c98db7908cd6c34e70d007910353429cf3cf6452e390835ea95c71d4f469a1,primary_parent,33c93d5c40eedd7b584ca988e66e16c5a58ac57f62499b4cb797dff4ab22d4e8,guruprasad_instability_index,numeric,true,same_frozen_numeric_contract,minimize,index,26.82381,6.395238095238095,-20.428571904761906,20.428571904761906,true,1888fff2b67f510eda2402965adaa36e4d72052419adbcc4b9f301ae6787a62e
fgf2,8bfff16f8ac30c45fe5c8a218c328bb5a0c54fdd12e2b0d5f0174ba4d2c0cf9d,masked_substitution,32c98db7908cd6c34e70d007910353429cf3cf6452e390835ea95c71d4f469a1,primary_parent,33c93d5c40eedd7b584ca988e66e16c5a58ac57f62499b4cb797dff4ab22d4e8,hydrophobic_moment_eisenberg,numeric,false,audit_metric_has_no_monotonic_improvement_direction,audit,dimensionless,0.20468947573195764,0.25863589853201935,0.053946422800061705,,true,387f08040aec9b1e690fe6d9193c8b8ebd5db20af07e804e933fe5c636f2c0a1
fgf2,8bfff16f8ac30c45fe5c8a218c328bb5a0c54fdd12e2b0d5f0174ba4d2c0cf9d,masked_substitution,32c98db7908cd6c34e70d007910353429cf3cf6452e390835ea95c71d4f469a1,primary_parent,33c93d5c40eedd7b584ca988e66e16c5a58ac57f62499b4cb797dff4ab22d4e8,hydrophobic_ratio_modlamp,numeric,false,audit_metric_has_no_monotonic_improvement_direction,audit,fraction,0.09523809523809523,0.14285714285714285,0.047619047619047616,,true,c06176d3ce02e3e8fd6701c05294c85b3c94dc3fd7aa2af876017ac7d8c7982f
fgf2,8bfff16f8ac30c45fe5c8a218c328bb5a0c54fdd12e2b0d5f0174ba4d2c0cf9d,masked_substitution,32c98db7908cd6c34e70d007910353429cf3cf6452e390835ea95c71d4f469a1,primary_parent,33c93d5c40eedd7b584ca988e66e16c5a58ac57f62499b4cb797dff4ab22d4e8,llamp_log10_mic_um,numeric,true,same_frozen_numeric_contract,minimize,log10(uM),1.4650440216064453,1.4872920513153076,0.022248029708862305,-0.022248029708862305,true,3344309d1c4aa74a5bb0898f2e0ea5efe89826eacfe906ddc0c48067b728fb53
fgf2,8bfff16f8ac30c45fe5c8a218c328bb5a0c54fdd12e2b0d5f0174ba4d2c0cf9d,masked_substitution,32c98db7908cd6c34e70d007910353429cf3cf6452e390835ea95c71d4f469a1,primary_parent,33c93d5c40eedd7b584ca988e66e16c5a58ac57f62499b4cb797dff4ab22d4e8,macrel_amp_probability,numeric,true,same_frozen_numeric_contract,maximize,probability,0.267,0.297,0.02999999999999997,0.02999999999999997,true,496c605ae56639bf1e0dcb829a3a53508f4aa6f54b49bbe97a14a50b32c14b46
fgf2,8bfff16f8ac30c45fe5c8a218c328bb5a0c54fdd12e2b0d5f0174ba4d2c0cf9d,masked_substitution,32c98db7908cd6c34e70d007910353429cf3cf6452e390835ea95c71d4f469a1,primary_parent,33c93d5c40eedd7b584ca988e66e16c5a58ac57f62499b4cb797dff4ab22d4e8,macrel_hemolysis_label,categorical,true,same_frozen_label_contract,audit,label,low,low,,,false,c7a07a541e7f59e024145fa09168d1ca00799707a2eaf9ca1c581dd5e38b6a0f
fgf2,8bfff16f8ac30c45fe5c8a218c328bb5a0c54fdd12e2b0d5f0174ba4d2c0cf9d,masked_substitution,32c98db7908cd6c34e70d007910353429cf3cf6452e390835ea95c71d4f469a1,primary_parent,33c93d5c40eedd7b584ca988e66e16c5a58ac57f62499b4cb797dff4ab22d4e8,macrel_hemolysis_probability,numeric,true,same_frozen_numeric_contract,minimize,probability,0.396,0.366,-0.030000000000000027,0.030000000000000027,true,2cb2014e283f06b30ddcf727f3b82530b64677281bf0aa224c100571c0da5c46
fgf2,8bfff16f8ac30c45fe5c8a218c328bb5a0c54fdd12e2b0d5f0174ba4d2c0cf9d,masked_substitution,32c98db7908cd6c34e70d007910353429cf3cf6452e390835ea95c71d4f469a1,primary_parent,33c93d5c40eedd7b584ca988e66e16c5a58ac57f62499b4cb797dff4ab22d4e8,maximum_hydrophobic_run,numeric,true,same_frozen_numeric_contract,minimize,residues,1.0,1.0,0.0,-0.0,false,439f8e900d7faeff491601f6202165d0c4be242a149712ee7532e7c9c39a08f3
fgf2,8bfff16f8ac30c45fe5c8a218c328bb5a0c54fdd12e2b0d5f0174ba4d2c0cf9d,masked_substitution,32c98db7908cd6c34e70d007910353429cf3cf6452e390835ea95c71d4f469a1,primary_parent,33c93d5c40eedd7b584ca988e66e16c5a58ac57f62499b4cb797dff4ab22d4e8,net_charge_ph7_4,numeric,false,audit_metric_has_no_monotonic_improvement_direction,audit,elementary_charge,6.986,6.986,0.0,,false,d2dd04ceab722627ac1c1cfb82509615615881e8174b608aeed7cabe40e26d12
fgf2,8bfff16f8ac30c45fe5c8a218c328bb5a0c54fdd12e2b0d5f0174ba4d2c0cf9d,masked_substitution,32c98db7908cd6c34e70d007910353429cf3cf6452e390835ea95c71d4f469a1,primary_parent,33c93d5c40eedd7b584ca988e66e16c5a58ac57f62499b4cb797dff4ab22d4e8,toxinpred3_hybrid_score,numeric,true,same_frozen_numeric_contract,minimize,dimensionless,0.355,0.345,-0.010000000000000009,0.010000000000000009,true,80dd4332e87b9a91aa8843dbe18e496b98a627af74aec7dba107cc45c47e4d2f
fgf2,8bfff16f8ac30c45fe5c8a218c328bb5a0c54fdd12e2b0d5f0174ba4d2c0cf9d,masked_substitution,32c98db7908cd6c34e70d007910353429cf3cf6452e390835ea95c71d4f469a1,primary_parent,33c93d5c40eedd7b584ca988e66e16c5a58ac57f62499b4cb797dff4ab22d4e8,toxinpred3_label,categorical,true,same_frozen_label_contract,audit,label,Non-Toxin,Non-Toxin,,,false,7bc244c4415eaf6a8b7f7a887a70e864a7c90578b3f5d4e2fe3bc3ff918ad9e1
fgf2,3184a7f6e251dbf22dc89e679072350fbb84104933efc2e9983f27ee914e8ce0,masked_substitution,622fbf5beb8dc40cce1b62a867669dfc6e85d8117c971a057e592b31222c4b0f,primary_parent,33c93d5c40eedd7b584ca988e66e16c5a58ac57f62499b4cb797dff4ab22d4e8,amp_read_log10_mic_um,numeric,true,same_frozen_numeric_contract,minimize,log10(uM),1.9308771815866161,1.8620138257716905,-0.06886335581492564,0.06886335581492564,true,7d2ec54885264bff9be7d3eb404e6516868bfc2f9b2de7f31c8a3dd330e4be3f
fgf2,3184a7f6e251dbf22dc89e679072350fbb84104933efc2e9983f27ee914e8ce0,masked_substitution,622fbf5beb8dc40cce1b62a867669dfc6e85d8117c971a057e592b31222c4b0f,primary_parent,33c93d5c40eedd7b584ca988e66e16c5a58ac57f62499b4cb797dff4ab22d4e8,guruprasad_instability_index,numeric,true,same_frozen_numeric_contract,minimize,index,26.82381,2.3523809523809516,-24.47142904761905,24.47142904761905,true,3a92be67a9fb4a5538630d4a6da053afcae17c3807022772af061bbeb55d59d0
fgf2,3184a7f6e251dbf22dc89e679072350fbb84104933efc2e9983f27ee914e8ce0,masked_substitution,622fbf5beb8dc40cce1b62a867669dfc6e85d8117c971a057e592b31222c4b0f,primary_parent,33c93d5c40eedd7b584ca988e66e16c5a58ac57f62499b4cb797dff4ab22d4e8,hydrophobic_moment_eisenberg,numeric,false,audit_metric_has_no_monotonic_improvement_direction,audit,dimensionless,0.20468947573195764,0.2778066357697804,0.07311716003782273,,true,4ba40a8e76e20926f2222a369347e7c9317fe30fee0b9e9a967027733cea5fa8
fgf2,3184a7f6e251dbf22dc89e679072350fbb84104933efc2e9983f27ee914e8ce0,masked_substitution,622fbf5beb8dc40cce1b62a867669dfc6e85d8117c971a057e592b31222c4b0f,primary_parent,33c93d5c40eedd7b584ca988e66e16c5a58ac57f62499b4cb797dff4ab22d4e8,hydrophobic_ratio_modlamp,numeric,false,audit_metric_has_no_monotonic_improvement_direction,audit,fraction,0.09523809523809523,0.14285714285714285,0.047619047619047616,,true,e32a46ae530ee556a23ee2d27b361b9f22aed20e530e1a4ea2b66cfcdbb5598b
fgf2,3184a7f6e251dbf22dc89e679072350fbb84104933efc2e9983f27ee914e8ce0,masked_substitution,622fbf5beb8dc40cce1b62a867669dfc6e85d8117c971a057e592b31222c4b0f,primary_parent,33c93d5c40eedd7b584ca988e66e16c5a58ac57f62499b4cb797dff4ab22d4e8,llamp_log10_mic_um,numeric,true,same_frozen_numeric_contract,minimize,log10(uM),1.4650440216064453,1.3137140274047852,-0.15132999420166016,0.15132999420166016,true,daa737ac8a8ca7f9a36eb2b282b2f63f9326b22e2c14309383fd7c95cedbcb50
fgf2,3184a7f6e251dbf22dc89e679072350fbb84104933efc2e9983f27ee914e8ce0,masked_substitution,622fbf5beb8dc40cce1b62a867669dfc6e85d8117c971a057e592b31222c4b0f,primary_parent,33c93d5c40eedd7b584ca988e66e16c5a58ac57f62499b4cb797dff4ab22d4e8,macrel_amp_probability,numeric,true,same_frozen_numeric_contract,maximize,probability,0.267,0.307,0.03999999999999998,0.03999999999999998,true,3b456e989e31067e13a7409f03bcfb294caa5ff0d078af5dd2150a943fe9ebf1
fgf2,3184a7f6e251dbf22dc89e679072350fbb84104933efc2e9983f27ee914e8ce0,masked_substitution,622fbf5beb8dc40cce1b62a867669dfc6e85d8117c971a057e592b31222c4b0f,primary_parent,33c93d5c40eedd7b584ca988e66e16c5a58ac57f62499b4cb797dff4ab22d4e8,macrel_hemolysis_label,categorical,true,same_frozen_label_contract,audit,label,low,low,,,false,c39557e5cb14cb0df9411479d0a400a339939d8415792826d66afe32cb5c1f69
fgf2,3184a7f6e251dbf22dc89e679072350fbb84104933efc2e9983f27ee914e8ce0,masked_substitution,622fbf5beb8dc40cce1b62a867669dfc6e85d8117c971a057e592b31222c4b0f,primary_parent,33c93d5c40eedd7b584ca988e66e16c5a58ac57f62499b4cb797dff4ab22d4e8,macrel_hemolysis_probability,numeric,true,same_frozen_numeric_contract,minimize,probability,0.396,0.366,-0.030000000000000027,0.030000000000000027,true,ceef667298d3d067ad99ca75af98f2de17349db629a20536d07b2ef34bbc636f
fgf2,3184a7f6e251dbf22dc89e679072350fbb84104933efc2e9983f27ee914e8ce0,masked_substitution,622fbf5beb8dc40cce1b62a867669dfc6e85d8117c971a057e592b31222c4b0f,primary_parent,33c93d5c40eedd7b584ca988e66e16c5a58ac57f62499b4cb797dff4ab22d4e8,maximum_hydrophobic_run,numeric,true,same_frozen_numeric_contract,minimize,residues,1.0,1.0,0.0,-0.0,false,6989588777f55dac3b9770a0e4cc044411586fa3306d2636d227a2c3d73b3309
fgf2,3184a7f6e251dbf22dc89e679072350fbb84104933efc2e9983f27ee914e8ce0,masked_substitution,622fbf5beb8dc40cce1b62a867669dfc6e85d8117c971a057e592b31222c4b0f,primary_parent,33c93d5c40eedd7b584ca988e66e16c5a58ac57f62499b4cb797dff4ab22d4e8,net_charge_ph7_4,numeric,false,audit_metric_has_no_monotonic_improvement_direction,audit,elementary_charge,6.986,6.986,0.0,,false,32778094a9d7493a760793a6090ecd90d0d2d8f2aa9ce4f9836956db80a95bd8
fgf2,3184a7f6e251dbf22dc89e679072350fbb84104933efc2e9983f27ee914e8ce0,masked_substitution,622fbf5beb8dc40cce1b62a867669dfc6e85d8117c971a057e592b31222c4b0f,primary_parent,33c93d5c40eedd7b584ca988e66e16c5a58ac57f62499b4cb797dff4ab22d4e8,toxinpred3_hybrid_score,numeric,true,same_frozen_numeric_contract,minimize,dimensionless,0.355,0.32,-0.034999999999999976,0.034999999999999976,true,ad33b508b29137a5f358e3470e35b7f0d2a3494347e882944074ab940f6878f2
fgf2,3184a7f6e251dbf22dc89e679072350fbb84104933efc2e9983f27ee914e8ce0,masked_substitution,622fbf5beb8dc40cce1b62a867669dfc6e85d8117c971a057e592b31222c4b0f,primary_parent,33c93d5c40eedd7b584ca988e66e16c5a58ac57f62499b4cb797dff4ab22d4e8,toxinpred3_label,categorical,true,same_frozen_label_contract,audit,label,Non-Toxin,Non-Toxin,,,false,82761e08ea2f81e41ca1935580ef04bffa7d21fec496cad8b931f35a922ec019
fgf2,e2953ca658cceaf78c0f554ebd1944471954fab07ca1562397e6b4f29ff43ba1,masked_substitution,d5c8ff634b6f9a931bf58b743cfcde3efcf3c8b5cc26c03d09a9cc9da1d9668a,primary_parent,33c93d5c40eedd7b584ca988e66e16c5a58ac57f62499b4cb797dff4ab22d4e8,amp_read_log10_mic_um,numeric,true,same_frozen_numeric_contract,minimize,log10(uM),1.9308771815866161,1.7272282486461985,-0.20364893294041764,0.20364893294041764,true,db75d219bb16ee5be93010a502cc56184a840ce2bd57b1138b631cc1474c8a35
fgf2,e2953ca658cceaf78c0f554ebd1944471954fab07ca1562397e6b4f29ff43ba1,masked_substitution,d5c8ff634b6f9a931bf58b743cfcde3efcf3c8b5cc26c03d09a9cc9da1d9668a,primary_parent,33c93d5c40eedd7b584ca988e66e16c5a58ac57f62499b4cb797dff4ab22d4e8,guruprasad_instability_index,numeric,true,same_frozen_numeric_contract,minimize,index,26.82381,6.395238095238095,-20.428571904761906,20.428571904761906,true,ca8224a8cc0917593ed1b527c36991b76998a7d61a303b8a043e5897c54fe270
fgf2,e2953ca658cceaf78c0f554ebd1944471954fab07ca1562397e6b4f29ff43ba1,masked_substitution,d5c8ff634b6f9a931bf58b743cfcde3efcf3c8b5cc26c03d09a9cc9da1d9668a,primary_parent,33c93d5c40eedd7b584ca988e66e16c5a58ac57f62499b4cb797dff4ab22d4e8,hydrophobic_moment_eisenberg,numeric,false,audit_metric_has_no_monotonic_improvement_direction,audit,dimensionless,0.20468947573195764,0.26615471863340384,0.0614652429014462,,true,d2b5b19790c6a7d95a4e3117a45a259de01d982152e45f7d5a74dcc8fd69307c
fgf2,e2953ca658cceaf78c0f554ebd1944471954fab07ca1562397e6b4f29ff43ba1,masked_substitution,d5c8ff634b6f9a931bf58b743cfcde3efcf3c8b5cc26c03d09a9cc9da1d9668a,primary_parent,33c93d5c40eedd7b584ca988e66e16c5a58ac57f62499b4cb797dff4ab22d4e8,hydrophobic_ratio_modlamp,numeric,false,audit_metric_has_no_monotonic_improvement_direction,audit,fraction,0.09523809523809523,0.09523809523809523,0.0,,false,db6d648e6fa979b361bdb4581587b5a667a9491e48e967d06b05a9629affb65e
fgf2,e2953ca658cceaf78c0f554ebd1944471954fab07ca1562397e6b4f29ff43ba1,masked_substitution,d5c8ff634b6f9a931bf58b743cfcde3efcf3c8b5cc26c03d09a9cc9da1d9668a,primary_parent,33c93d5c40eedd7b584ca988e66e16c5a58ac57f62499b4cb797dff4ab22d4e8,llamp_log10_mic_um,numeric,true,same_frozen_numeric_contract,minimize,log10(uM),1.4650440216064453,1.5187923908233643,0.053748369216918945,-0.053748369216918945,true,6a6089829e72e16445d124a289911e14432c35a65d2019548478d3caa3d62094
fgf2,e2953ca658cceaf78c0f554ebd1944471954fab07ca1562397e6b4f29ff43ba1,masked_substitution,d5c8ff634b6f9a931bf58b743cfcde3efcf3c8b5cc26c03d09a9cc9da1d9668a,primary_parent,33c93d5c40eedd7b584ca988e66e16c5a58ac57f62499b4cb797dff4ab22d4e8,macrel_amp_probability,numeric,true,same_frozen_numeric_contract,maximize,probability,0.267,0.277,0.010000000000000009,0.010000000000000009,true,617b33d8784c77c06fd11c5b3fd5a143a588b98921eef58b043ef6436a962acd
fgf2,e2953ca658cceaf78c0f554ebd1944471954fab07ca1562397e6b4f29ff43ba1,masked_substitution,d5c8ff634b6f9a931bf58b743cfcde3efcf3c8b5cc26c03d09a9cc9da1d9668a,primary_parent,33c93d5c40eedd7b584ca988e66e16c5a58ac57f62499b4cb797dff4ab22d4e8,macrel_hemolysis_label,categorical,true,same_frozen_label_contract,audit,label,low,low,,,false,4e122228a215d894e21b9e5903f2870e9f6c7b3fa629b91c167bd805d198f60c
fgf2,e2953ca658cceaf78c0f554ebd1944471954fab07ca1562397e6b4f29ff43ba1,masked_substitution,d5c8ff634b6f9a931bf58b743cfcde3efcf3c8b5cc26c03d09a9cc9da1d9668a,primary_parent,33c93d5c40eedd7b584ca988e66e16c5a58ac57f62499b4cb797dff4ab22d4e8,macrel_hemolysis_probability,numeric,true,same_frozen_numeric_contract,minimize,probability,0.396,0.406,0.010000000000000009,-0.010000000000000009,true,97fba7f96f7e66e291087aecbb0079e6d6f131539d975ee55b8569527e734ade
fgf2,e2953ca658cceaf78c0f554ebd1944471954fab07ca1562397e6b4f29ff43ba1,masked_substitution,d5c8ff634b6f9a931bf58b743cfcde3efcf3c8b5cc26c03d09a9cc9da1d9668a,primary_parent,33c93d5c40eedd7b584ca988e66e16c5a58ac57f62499b4cb797dff4ab22d4e8,maximum_hydrophobic_run,numeric,true,same_frozen_numeric_contract,minimize,residues,1.0,1.0,0.0,-0.0,false,7005cfb6cf5e939b99346ce6837014acd7c24feb26dd0ad3865112d3f01c5a56
fgf2,e2953ca658cceaf78c0f554ebd1944471954fab07ca1562397e6b4f29ff43ba1,masked_substitution,d5c8ff634b6f9a931bf58b743cfcde3efcf3c8b5cc26c03d09a9cc9da1d9668a,primary_parent,33c93d5c40eedd7b584ca988e66e16c5a58ac57f62499b4cb797dff4ab22d4e8,net_charge_ph7_4,numeric,false,audit_metric_has_no_monotonic_improvement_direction,audit,elementary_charge,6.986,6.986,0.0,,false,17e70f7a3966308451d022b63f17a3782d584df652fc69e1a2bcc13826033537
fgf2,e2953ca658cceaf78c0f554ebd1944471954fab07ca1562397e6b4f29ff43ba1,masked_substitution,d5c8ff634b6f9a931bf58b743cfcde3efcf3c8b5cc26c03d09a9cc9da1d9668a,primary_parent,33c93d5c40eedd7b584ca988e66e16c5a58ac57f62499b4cb797dff4ab22d4e8,toxinpred3_hybrid_score,numeric,true,same_frozen_numeric_contract,minimize,dimensionless,0.355,0.0,-0.355,0.355,true,6bc02c5fa4793d5943ac85dff2010db406324b336d6e0cabc3332bd5083df030
fgf2,e2953ca658cceaf78c0f554ebd1944471954fab07ca1562397e6b4f29ff43ba1,masked_substitution,d5c8ff634b6f9a931bf58b743cfcde3efcf3c8b5cc26c03d09a9cc9da1d9668a,primary_parent,33c93d5c40eedd7b584ca988e66e16c5a58ac57f62499b4cb797dff4ab22d4e8,toxinpred3_label,categorical,true,same_frozen_label_contract,audit,label,Non-Toxin,Non-Toxin,,,false,3ef8bde2f0669c3ba43aaa488a9b34021880df6224a78a9ef6947836c9517150
fgf2,250ba721a4d2413e86b3b60cc8228b26a1bcf046b153bff796b8c34fa16734d3,masked_substitution,0b366a1047b1346ae3643e63792fcb53f3c9cf4dff8f3a5d447c839f5cb37b6e,primary_parent,33c93d5c40eedd7b584ca988e66e16c5a58ac57f62499b4cb797dff4ab22d4e8,amp_read_log10_mic_um,numeric,true,same_frozen_numeric_contract,minimize,log10(uM),1.9308771815866161,1.8421678337678622,-0.08870934781875395,0.08870934781875395,true,5d85c4ffff37fef8eb28470dda1a599b957084fd760b309ef6c1ed6ca581caa5
fgf2,250ba721a4d2413e86b3b60cc8228b26a1bcf046b153bff796b8c34fa16734d3,masked_substitution,0b366a1047b1346ae3643e63792fcb53f3c9cf4dff8f3a5d447c839f5cb37b6e,primary_parent,33c93d5c40eedd7b584ca988e66e16c5a58ac57f62499b4cb797dff4ab22d4e8,guruprasad_instability_index,numeric,true,same_frozen_numeric_contract,minimize,index,26.82381,23.52857142857143,-3.2952385714285732,3.2952385714285732,true,12361ee077113d8430fdb00787f615352893951efc5037f28a49d36fe8cc3223
fgf2,250ba721a4d2413e86b3b60cc8228b26a1bcf046b153bff796b8c34fa16734d3,masked_substitution,0b366a1047b1346ae3643e63792fcb53f3c9cf4dff8f3a5d447c839f5cb37b6e,primary_parent,33c93d5c40eedd7b584ca988e66e16c5a58ac57f62499b4cb797dff4ab22d4e8,hydrophobic_moment_eisenberg,numeric,false,audit_metric_has_no_monotonic_improvement_direction,audit,dimensionless,0.20468947573195764,0.14657903283388243,-0.05811044289807521,,true,45aab97a451454ec9c36652c9b6972ae672be6106bb9b066762bce94bb5b2598
fgf2,250ba721a4d2413e86b3b60cc8228b26a1bcf046b153bff796b8c34fa16734d3,masked_substitution,0b366a1047b1346ae3643e63792fcb53f3c9cf4dff8f3a5d447c839f5cb37b6e,primary_parent,33c93d5c40eedd7b584ca988e66e16c5a58ac57f62499b4cb797dff4ab22d4e8,hydrophobic_ratio_modlamp,numeric,false,audit_metric_has_no_monotonic_improvement_direction,audit,fraction,0.09523809523809523,0.09523809523809523,0.0,,false,0a049409974be1f3e48488309875849793b90cffc2f26a97a21be3588ab1c35a
fgf2,250ba721a4d2413e86b3b60cc8228b26a1bcf046b153bff796b8c34fa16734d3,masked_substitution,0b366a1047b1346ae3643e63792fcb53f3c9cf4dff8f3a5d447c839f5cb37b6e,primary_parent,33c93d5c40eedd7b584ca988e66e16c5a58ac57f62499b4cb797dff4ab22d4e8,llamp_log10_mic_um,numeric,true,same_frozen_numeric_contract,minimize,log10(uM),1.4650440216064453,1.3720533847808838,-0.09299063682556152,0.09299063682556152,true,1f1bb6cdf0baeab34513aabcfdf092349e76ba01ad3fe3de9a8a5375e7a9da88
fgf2,250ba721a4d2413e86b3b60cc8228b26a1bcf046b153bff796b8c34fa16734d3,masked_substitution,0b366a1047b1346ae3643e63792fcb53f3c9cf4dff8f3a5d447c839f5cb37b6e,primary_parent,33c93d5c40eedd7b584ca988e66e16c5a58ac57f62499b4cb797dff4ab22d4e8,macrel_amp_probability,numeric,true,same_frozen_numeric_contract,maximize,probability,0.267,0.267,0.0,0.0,false,e9db0dc241b2ffda306b54c3111e8e14e6fd9ae031b1eac00c197e09e1abd139
fgf2,250ba721a4d2413e86b3b60cc8228b26a1bcf046b153bff796b8c34fa16734d3,masked_substitution,0b366a1047b1346ae3643e63792fcb53f3c9cf4dff8f3a5d447c839f5cb37b6e,primary_parent,33c93d5c40eedd7b584ca988e66e16c5a58ac57f62499b4cb797dff4ab22d4e8,macrel_hemolysis_label,categorical,true,same_frozen_label_contract,audit,label,low,low,,,false,adbd5cefca1ed5048b97a804b7f4110c861cf9259017038b3b6121ec965bc9a6
fgf2,250ba721a4d2413e86b3b60cc8228b26a1bcf046b153bff796b8c34fa16734d3,masked_substitution,0b366a1047b1346ae3643e63792fcb53f3c9cf4dff8f3a5d447c839f5cb37b6e,primary_parent,33c93d5c40eedd7b584ca988e66e16c5a58ac57f62499b4cb797dff4ab22d4e8,macrel_hemolysis_probability,numeric,true,same_frozen_numeric_contract,minimize,probability,0.396,0.366,-0.030000000000000027,0.030000000000000027,true,1b499c181a19d667c3f7270a6ea2d37d9eef43c858a510ceca836e98f63704dd
fgf2,250ba721a4d2413e86b3b60cc8228b26a1bcf046b153bff796b8c34fa16734d3,masked_substitution,0b366a1047b1346ae3643e63792fcb53f3c9cf4dff8f3a5d447c839f5cb37b6e,primary_parent,33c93d5c40eedd7b584ca988e66e16c5a58ac57f62499b4cb797dff4ab22d4e8,maximum_hydrophobic_run,numeric,true,same_frozen_numeric_contract,minimize,residues,1.0,1.0,0.0,-0.0,false,cc52d19d1fa3c63b80750e0b1e6b3182c68237cc158a49f61819c03a17d1e7e5
fgf2,250ba721a4d2413e86b3b60cc8228b26a1bcf046b153bff796b8c34fa16734d3,masked_substitution,0b366a1047b1346ae3643e63792fcb53f3c9cf4dff8f3a5d447c839f5cb37b6e,primary_parent,33c93d5c40eedd7b584ca988e66e16c5a58ac57f62499b4cb797dff4ab22d4e8,net_charge_ph7_4,numeric,false,audit_metric_has_no_monotonic_improvement_direction,audit,elementary_charge,6.986,6.986,0.0,,false,d201c24cfea70cee919f2478b15ae9979ca94a5bff876e2a84f542ff67fe2717
fgf2,250ba721a4d2413e86b3b60cc8228b26a1bcf046b153bff796b8c34fa16734d3,masked_substitution,0b366a1047b1346ae3643e63792fcb53f3c9cf4dff8f3a5d447c839f5cb37b6e,primary_parent,33c93d5c40eedd7b584ca988e66e16c5a58ac57f62499b4cb797dff4ab22d4e8,toxinpred3_hybrid_score,numeric,true,same_frozen_numeric_contract,minimize,dimensionless,0.355,0.34,-0.014999999999999958,0.014999999999999958,true,0b4d98de8a602c8563a50e5dd7fd9d5b7621cb688feadf7c52f673b36c8ab758
fgf2,250ba721a4d2413e86b3b60cc8228b26a1bcf046b153bff796b8c34fa16734d3,masked_substitution,0b366a1047b1346ae3643e63792fcb53f3c9cf4dff8f3a5d447c839f5cb37b6e,primary_parent,33c93d5c40eedd7b584ca988e66e16c5a58ac57f62499b4cb797dff4ab22d4e8,toxinpred3_label,categorical,true,same_frozen_label_contract,audit,label,Non-Toxin,Non-Toxin,,,false,92c4a6b88a4d4a13d8c3f04fe437976f4d9895b1f8e777267030ddd057f17339
fgf2,f2e89e1ca8e4943e1bdf1af30d3672a2e578c1a7c7d66e2f61b06b7668846180,masked_substitution,bf0d73a24628dc91b2d12de97bbb16910fc62ed90d3dcc3aacdfc0a42193f966,primary_parent,33c93d5c40eedd7b584ca988e66e16c5a58ac57f62499b4cb797dff4ab22d4e8,amp_read_log10_mic_um,numeric,true,same_frozen_numeric_contract,minimize,log10(uM),1.9308771815866161,1.835969977651355,-0.0949072039352612,0.0949072039352612,true,0a09cf35b3f65a6b2d5f381875c620b6ceba0e51de48c86629296b234c0f6845
fgf2,f2e89e1ca8e4943e1bdf1af30d3672a2e578c1a7c7d66e2f61b06b7668846180,masked_substitution,bf0d73a24628dc91b2d12de97bbb16910fc62ed90d3dcc3aacdfc0a42193f966,primary_parent,33c93d5c40eedd7b584ca988e66e16c5a58ac57f62499b4cb797dff4ab22d4e8,guruprasad_instability_index,numeric,true,same_frozen_numeric_contract,minimize,index,26.82381,14.06190476190476,-12.761905238095242,12.761905238095242,true,833eecf66c70bea9aec50a4681e22657d40ad55c5f3cc98cf3174a64de60077b
fgf2,f2e89e1ca8e4943e1bdf1af30d3672a2e578c1a7c7d66e2f61b06b7668846180,masked_substitution,bf0d73a24628dc91b2d12de97bbb16910fc62ed90d3dcc3aacdfc0a42193f966,primary_parent,33c93d5c40eedd7b584ca988e66e16c5a58ac57f62499b4cb797dff4ab22d4e8,hydrophobic_moment_eisenberg,numeric,false,audit_metric_has_no_monotonic_improvement_direction,audit,dimensionless,0.20468947573195764,0.1639029996756307,-0.04078647605632693,,true,b281e156651eb668011c01cceedbce059e86517f780122c566f5dd7484b6858e
fgf2,f2e89e1ca8e4943e1bdf1af30d3672a2e578c1a7c7d66e2f61b06b7668846180,masked_substitution,bf0d73a24628dc91b2d12de97bbb16910fc62ed90d3dcc3aacdfc0a42193f966,primary_parent,33c93d5c40eedd7b584ca988e66e16c5a58ac57f62499b4cb797dff4ab22d4e8,hydrophobic_ratio_modlamp,numeric,false,audit_metric_has_no_monotonic_improvement_direction,audit,fraction,0.09523809523809523,0.09523809523809523,0.0,,false,c3f02c603331ea06ffa32d3cac45ff53a3bb0deaa8fdfda2eaad5bd87bee6d9e
fgf2,f2e89e1ca8e4943e1bdf1af30d3672a2e578c1a7c7d66e2f61b06b7668846180,masked_substitution,bf0d73a24628dc91b2d12de97bbb16910fc62ed90d3dcc3aacdfc0a42193f966,primary_parent,33c93d5c40eedd7b584ca988e66e16c5a58ac57f62499b4cb797dff4ab22d4e8,llamp_log10_mic_um,numeric,true,same_frozen_numeric_contract,minimize,log10(uM),1.4650440216064453,1.2399564981460571,-0.22508752346038818,0.22508752346038818,true,1cba964e0fbe687685d007ebb6c0efc6ce4f06634d943586379ccac6aa908c43
fgf2,f2e89e1ca8e4943e1bdf1af30d3672a2e578c1a7c7d66e2f61b06b7668846180,masked_substitution,bf0d73a24628dc91b2d12de97bbb16910fc62ed90d3dcc3aacdfc0a42193f966,primary_parent,33c93d5c40eedd7b584ca988e66e16c5a58ac57f62499b4cb797dff4ab22d4e8,macrel_amp_probability,numeric,true,same_frozen_numeric_contract,maximize,probability,0.267,0.297,0.02999999999999997,0.02999999999999997,true,618a2d86ff941dff255a41ab8e0bb828b31edf8fa916eb7dfc50f0807161b29f
fgf2,f2e89e1ca8e4943e1bdf1af30d3672a2e578c1a7c7d66e2f61b06b7668846180,masked_substitution,bf0d73a24628dc91b2d12de97bbb16910fc62ed90d3dcc3aacdfc0a42193f966,primary_parent,33c93d5c40eedd7b584ca988e66e16c5a58ac57f62499b4cb797dff4ab22d4e8,macrel_hemolysis_label,categorical,true,same_frozen_label_contract,audit,label,low,low,,,false,a7651dcec24ea3e466247eada8eb8a422262833a3aec9937d98c4ba20256cc1f
fgf2,f2e89e1ca8e4943e1bdf1af30d3672a2e578c1a7c7d66e2f61b06b7668846180,masked_substitution,bf0d73a24628dc91b2d12de97bbb16910fc62ed90d3dcc3aacdfc0a42193f966,primary_parent,33c93d5c40eedd7b584ca988e66e16c5a58ac57f62499b4cb797dff4ab22d4e8,macrel_hemolysis_probability,numeric,true,same_frozen_numeric_contract,minimize,probability,0.396,0.376,-0.020000000000000018,0.020000000000000018,true,21fcb6b14f97d60ee0900ac1cc1005209979dd6804a8c5aa157122070f48f98d
fgf2,f2e89e1ca8e4943e1bdf1af30d3672a2e578c1a7c7d66e2f61b06b7668846180,masked_substitution,bf0d73a24628dc91b2d12de97bbb16910fc62ed90d3dcc3aacdfc0a42193f966,primary_parent,33c93d5c40eedd7b584ca988e66e16c5a58ac57f62499b4cb797dff4ab22d4e8,maximum_hydrophobic_run,numeric,true,same_frozen_numeric_contract,minimize,residues,1.0,1.0,0.0,-0.0,false,45ce2d69721c8f23ad4031a88ce922a7374adb2f1093947bf3e2a493f8002fba
fgf2,f2e89e1ca8e4943e1bdf1af30d3672a2e578c1a7c7d66e2f61b06b7668846180,masked_substitution,bf0d73a24628dc91b2d12de97bbb16910fc62ed90d3dcc3aacdfc0a42193f966,primary_parent,33c93d5c40eedd7b584ca988e66e16c5a58ac57f62499b4cb797dff4ab22d4e8,net_charge_ph7_4,numeric,false,audit_metric_has_no_monotonic_improvement_direction,audit,elementary_charge,6.986,6.984,-0.0019999999999997797,,true,5057d739bd4b643ea718e112a284a4a778f4d65d48f9ac8be05a97cee04e8db9
fgf2,f2e89e1ca8e4943e1bdf1af30d3672a2e578c1a7c7d66e2f61b06b7668846180,masked_substitution,bf0d73a24628dc91b2d12de97bbb16910fc62ed90d3dcc3aacdfc0a42193f966,primary_parent,33c93d5c40eedd7b584ca988e66e16c5a58ac57f62499b4cb797dff4ab22d4e8,toxinpred3_hybrid_score,numeric,true,same_frozen_numeric_contract,minimize,dimensionless,0.355,0.3,-0.05499999999999999,0.05499999999999999,true,9cbc96e58732330454daf7f3408f0429654af138a495b3414701047486b679d0
fgf2,f2e89e1ca8e4943e1bdf1af30d3672a2e578c1a7c7d66e2f61b06b7668846180,masked_substitution,bf0d73a24628dc91b2d12de97bbb16910fc62ed90d3dcc3aacdfc0a42193f966,primary_parent,33c93d5c40eedd7b584ca988e66e16c5a58ac57f62499b4cb797dff4ab22d4e8,toxinpred3_label,categorical,true,same_frozen_label_contract,audit,label,Non-Toxin,Non-Toxin,,,false,37c02806a4c90dd5f1d144f9d742be5af2bb21e4e4a2e82144382e8a4a846dc0
fgf2,bf0fa9ccb779400bd22fca914282aad450ed9ad1faee6cc2e66849cb544f2427,masked_substitution,2ee5568a1e369f5829d0f20d9c2a520070ca061af154bc0b41792dd161c6b1b1,primary_parent,33c93d5c40eedd7b584ca988e66e16c5a58ac57f62499b4cb797dff4ab22d4e8,amp_read_log10_mic_um,numeric,true,same_frozen_numeric_contract,minimize,log10(uM),1.9308771815866161,1.852649304663515,-0.07822787692310107,0.07822787692310107,true,0b49ff4b68f57ce77ce84b0c9ed99f27f9bdd5edb52403ee5ad2fb63bf7b8925
fgf2,bf0fa9ccb779400bd22fca914282aad450ed9ad1faee6cc2e66849cb544f2427,masked_substitution,2ee5568a1e369f5829d0f20d9c2a520070ca061af154bc0b41792dd161c6b1b1,primary_parent,33c93d5c40eedd7b584ca988e66e16c5a58ac57f62499b4cb797dff4ab22d4e8,guruprasad_instability_index,numeric,true,same_frozen_numeric_contract,minimize,index,26.82381,26.82380952380953,-4.7619047194302766e-07,4.7619047194302766e-07,true,53f24d21fcace724ec715d88da4b2f1112decc6a8c87d4edf4def8ff173b054a
fgf2,bf0fa9ccb779400bd22fca914282aad450ed9ad1faee6cc2e66849cb544f2427,masked_substitution,2ee5568a1e369f5829d0f20d9c2a520070ca061af154bc0b41792dd161c6b1b1,primary_parent,33c93d5c40eedd7b584ca988e66e16c5a58ac57f62499b4cb797dff4ab22d4e8,hydrophobic_moment_eisenberg,numeric,false,audit_metric_has_no_monotonic_improvement_direction,audit,dimensionless,0.20468947573195764,0.18717248736395514,-0.0175169883680025,,true,4e22868c1bbd4ca5e114b8e84cef6a8e07625794136c0f61b629b758da9c4f29
fgf2,bf0fa9ccb779400bd22fca914282aad450ed9ad1faee6cc2e66849cb544f2427,masked_substitution,2ee5568a1e369f5829d0f20d9c2a520070ca061af154bc0b41792dd161c6b1b1,primary_parent,33c93d5c40eedd7b584ca988e66e16c5a58ac57f62499b4cb797dff4ab22d4e8,hydrophobic_ratio_modlamp,numeric,false,audit_metric_has_no_monotonic_improvement_direction,audit,fraction,0.09523809523809523,0.14285714285714285,0.047619047619047616,,true,805c841107810fad49cbef84694c590a608f7b7a6e6f6ffc1d56303e4d4f2821
fgf2,bf0fa9ccb779400bd22fca914282aad450ed9ad1faee6cc2e66849cb544f2427,masked_substitution,2ee5568a1e369f5829d0f20d9c2a520070ca061af154bc0b41792dd161c6b1b1,primary_parent,33c93d5c40eedd7b584ca988e66e16c5a58ac57f62499b4cb797dff4ab22d4e8,llamp_log10_mic_um,numeric,true,same_frozen_numeric_contract,minimize,log10(uM),1.4650440216064453,1.643914818763733,0.1788707971572876,-0.1788707971572876,true,e091579d9ce3a0ede001d1affeed6d184de40b4b3c11f96712c88c0db06c52f1
fgf2,bf0fa9ccb779400bd22fca914282aad450ed9ad1faee6cc2e66849cb544f2427,masked_substitution,2ee5568a1e369f5829d0f20d9c2a520070ca061af154bc0b41792dd161c6b1b1,primary_parent,33c93d5c40eedd7b584ca988e66e16c5a58ac57f62499b4cb797dff4ab22d4e8,macrel_amp_probability,numeric,true,same_frozen_numeric_contract,maximize,probability,0.267,0.257,-0.010000000000000009,-0.010000000000000009,true,2cab45d67c0b553535d927011ecdd7e409050b3c1be09aef88b125733f97eb9b
fgf2,bf0fa9ccb779400bd22fca914282aad450ed9ad1faee6cc2e66849cb544f2427,masked_substitution,2ee5568a1e369f5829d0f20d9c2a520070ca061af154bc0b41792dd161c6b1b1,primary_parent,33c93d5c40eedd7b584ca988e66e16c5a58ac57f62499b4cb797dff4ab22d4e8,macrel_hemolysis_label,categorical,true,same_frozen_label_contract,audit,label,low,low,,,false,82c02143dac3ef70138d6e57d309437ade29a4691da6b49c79c87826c14337b0
fgf2,bf0fa9ccb779400bd22fca914282aad450ed9ad1faee6cc2e66849cb544f2427,masked_substitution,2ee5568a1e369f5829d0f20d9c2a520070ca061af154bc0b41792dd161c6b1b1,primary_parent,33c93d5c40eedd7b584ca988e66e16c5a58ac57f62499b4cb797dff4ab22d4e8,macrel_hemolysis_probability,numeric,true,same_frozen_numeric_contract,minimize,probability,0.396,0.396,0.0,-0.0,false,b75cb30920ca3a1d22b7b5fb38ecb7fc1af3aa62452bf56b2f5c9f8b1c56188d
fgf2,bf0fa9ccb779400bd22fca914282aad450ed9ad1faee6cc2e66849cb544f2427,masked_substitution,2ee5568a1e369f5829d0f20d9c2a520070ca061af154bc0b41792dd161c6b1b1,primary_parent,33c93d5c40eedd7b584ca988e66e16c5a58ac57f62499b4cb797dff4ab22d4e8,maximum_hydrophobic_run,numeric,true,same_frozen_numeric_contract,minimize,residues,1.0,1.0,0.0,-0.0,false,fb7796e050f757dfa921eef384f54d9e3f30a0ea437accda4caf03711d482c66
fgf2,bf0fa9ccb779400bd22fca914282aad450ed9ad1faee6cc2e66849cb544f2427,masked_substitution,2ee5568a1e369f5829d0f20d9c2a520070ca061af154bc0b41792dd161c6b1b1,primary_parent,33c93d5c40eedd7b584ca988e66e16c5a58ac57f62499b4cb797dff4ab22d4e8,net_charge_ph7_4,numeric,false,audit_metric_has_no_monotonic_improvement_direction,audit,elementary_charge,6.986,6.986,0.0,,false,a1a314eb740067b14ac32bb3f97b5f2565a09090a9f20ef9d76f8c77ecb831b5
fgf2,bf0fa9ccb779400bd22fca914282aad450ed9ad1faee6cc2e66849cb544f2427,masked_substitution,2ee5568a1e369f5829d0f20d9c2a520070ca061af154bc0b41792dd161c6b1b1,primary_parent,33c93d5c40eedd7b584ca988e66e16c5a58ac57f62499b4cb797dff4ab22d4e8,toxinpred3_hybrid_score,numeric,true,same_frozen_numeric_contract,minimize,dimensionless,0.355,0.33,-0.024999999999999967,0.024999999999999967,true,ed23239a58fa7aad59386d2cb827cbcdbc4069256bcbbb52dd03b860b8c7c14d
fgf2,bf0fa9ccb779400bd22fca914282aad450ed9ad1faee6cc2e66849cb544f2427,masked_substitution,2ee5568a1e369f5829d0f20d9c2a520070ca061af154bc0b41792dd161c6b1b1,primary_parent,33c93d5c40eedd7b584ca988e66e16c5a58ac57f62499b4cb797dff4ab22d4e8,toxinpred3_label,categorical,true,same_frozen_label_contract,audit,label,Non-Toxin,Non-Toxin,,,false,940c2fb46dad5e66c5f67b62d74c5a5013417b65daa3087239d5c0d1f7ebc1ea
fgf2,84cddee144c986150f46519415c318732f197f7ec9eee63d7983adf32d05c80b,masked_substitution,840b66789b65757bbe40b7bb406aeaf34b7d53f4d6db597f29f7ef001988b3a7,primary_parent,33c93d5c40eedd7b584ca988e66e16c5a58ac57f62499b4cb797dff4ab22d4e8,amp_read_log10_mic_um,numeric,true,same_frozen_numeric_contract,minimize,log10(uM),1.9308771815866161,1.8476878687023461,-0.08318931288427,0.08318931288427,true,d29aa6b36b9d2e24938220104b99ea4f87b698430e3be10c4f64694c7df1b7de
fgf2,84cddee144c986150f46519415c318732f197f7ec9eee63d7983adf32d05c80b,masked_substitution,840b66789b65757bbe40b7bb406aeaf34b7d53f4d6db597f29f7ef001988b3a7,primary_parent,33c93d5c40eedd7b584ca988e66e16c5a58ac57f62499b4cb797dff4ab22d4e8,guruprasad_instability_index,numeric,true,same_frozen_numeric_contract,minimize,index,26.82381,16.076190476190476,-10.747619523809526,10.747619523809526,true,328227d428f6ab790454711cadbde024c2b52c51b2aa55ab6dfdfdb32ffeb0c5
fgf2,84cddee144c986150f46519415c318732f197f7ec9eee63d7983adf32d05c80b,masked_substitution,840b66789b65757bbe40b7bb406aeaf34b7d53f4d6db597f29f7ef001988b3a7,primary_parent,33c93d5c40eedd7b584ca988e66e16c5a58ac57f62499b4cb797dff4ab22d4e8,hydrophobic_moment_eisenberg,numeric,false,audit_metric_has_no_monotonic_improvement_direction,audit,dimensionless,0.20468947573195764,0.18627734388360528,-0.01841213184835236,,true,5e63f09759f6114d7f3db7efee327e2ebf0274a6f6cb837cb2de4b5318adb5b3
fgf2,84cddee144c986150f46519415c318732f197f7ec9eee63d7983adf32d05c80b,masked_substitution,840b66789b65757bbe40b7bb406aeaf34b7d53f4d6db597f29f7ef001988b3a7,primary_parent,33c93d5c40eedd7b584ca988e66e16c5a58ac57f62499b4cb797dff4ab22d4e8,hydrophobic_ratio_modlamp,numeric,false,audit_metric_has_no_monotonic_improvement_direction,audit,fraction,0.09523809523809523,0.14285714285714285,0.047619047619047616,,true,a6139f15f41857d7ab5e9686b469cbffdc075c9fe2d9deca956efac21bdcc328
fgf2,84cddee144c986150f46519415c318732f197f7ec9eee63d7983adf32d05c80b,masked_substitution,840b66789b65757bbe40b7bb406aeaf34b7d53f4d6db597f29f7ef001988b3a7,primary_parent,33c93d5c40eedd7b584ca988e66e16c5a58ac57f62499b4cb797dff4ab22d4e8,llamp_log10_mic_um,numeric,true,same_frozen_numeric_contract,minimize,log10(uM),1.4650440216064453,1.2244011163711548,-0.24064290523529053,0.24064290523529053,true,4295056858cedc5fc5c3ce7f460472cdec7537ec937ccb116845f6f5b317f958
fgf2,84cddee144c986150f46519415c318732f197f7ec9eee63d7983adf32d05c80b,masked_substitution,840b66789b65757bbe40b7bb406aeaf34b7d53f4d6db597f29f7ef001988b3a7,primary_parent,33c93d5c40eedd7b584ca988e66e16c5a58ac57f62499b4cb797dff4ab22d4e8,macrel_amp_probability,numeric,true,same_frozen_numeric_contract,maximize,probability,0.267,0.257,-0.010000000000000009,-0.010000000000000009,true,025a166e7a892e0cd6766cd2ef234ab94347e273fe82eeb544a45d73289fa931
fgf2,84cddee144c986150f46519415c318732f197f7ec9eee63d7983adf32d05c80b,masked_substitution,840b66789b65757bbe40b7bb406aeaf34b7d53f4d6db597f29f7ef001988b3a7,primary_parent,33c93d5c40eedd7b584ca988e66e16c5a58ac57f62499b4cb797dff4ab22d4e8,macrel_hemolysis_label,categorical,true,same_frozen_label_contract,audit,label,low,low,,,false,508cbb284a33bb7f461e008171b5c092bf2f73fe25ba3eada8e692a9c8b8b44e
fgf2,84cddee144c986150f46519415c318732f197f7ec9eee63d7983adf32d05c80b,masked_substitution,840b66789b65757bbe40b7bb406aeaf34b7d53f4d6db597f29f7ef001988b3a7,primary_parent,33c93d5c40eedd7b584ca988e66e16c5a58ac57f62499b4cb797dff4ab22d4e8,macrel_hemolysis_probability,numeric,true,same_frozen_numeric_contract,minimize,probability,0.396,0.386,-0.010000000000000009,0.010000000000000009,true,cabdb12e173d827bb74bfd5d45f0685e510798f5507b8aa4af46680445f528a6
fgf2,84cddee144c986150f46519415c318732f197f7ec9eee63d7983adf32d05c80b,masked_substitution,840b66789b65757bbe40b7bb406aeaf34b7d53f4d6db597f29f7ef001988b3a7,primary_parent,33c93d5c40eedd7b584ca988e66e16c5a58ac57f62499b4cb797dff4ab22d4e8,maximum_hydrophobic_run,numeric,true,same_frozen_numeric_contract,minimize,residues,1.0,1.0,0.0,-0.0,false,aa89babe5593499dd081e97616a282258b353d56dc1d8d63a07b9e4feb5fef24
fgf2,84cddee144c986150f46519415c318732f197f7ec9eee63d7983adf32d05c80b,masked_substitution,840b66789b65757bbe40b7bb406aeaf34b7d53f4d6db597f29f7ef001988b3a7,primary_parent,33c93d5c40eedd7b584ca988e66e16c5a58ac57f62499b4cb797dff4ab22d4e8,net_charge_ph7_4,numeric,false,audit_metric_has_no_monotonic_improvement_direction,audit,elementary_charge,6.986,6.986,0.0,,false,041ddb8f6e3931046244f1c549225eadf755b1ede0d0bfd1eeb683a6817758d0
fgf2,84cddee144c986150f46519415c318732f197f7ec9eee63d7983adf32d05c80b,masked_substitution,840b66789b65757bbe40b7bb406aeaf34b7d53f4d6db597f29f7ef001988b3a7,primary_parent,33c93d5c40eedd7b584ca988e66e16c5a58ac57f62499b4cb797dff4ab22d4e8,toxinpred3_hybrid_score,numeric,true,same_frozen_numeric_contract,minimize,dimensionless,0.355,0.305,-0.04999999999999999,0.04999999999999999,true,3d1134a8f383800f8e17f9a32dbf6093b4d06533f5d3049eced756a12ae556f5
fgf2,84cddee144c986150f46519415c318732f197f7ec9eee63d7983adf32d05c80b,masked_substitution,840b66789b65757bbe40b7bb406aeaf34b7d53f4d6db597f29f7ef001988b3a7,primary_parent,33c93d5c40eedd7b584ca988e66e16c5a58ac57f62499b4cb797dff4ab22d4e8,toxinpred3_label,categorical,true,same_frozen_label_contract,audit,label,Non-Toxin,Non-Toxin,,,false,b22058da4ce42363254266cf51cdc04246eaa6d021202061d998eb9738ae6653
fgf2,039565e166dcc4831159293b5cd478a5cee64c6737afdeab5b1ff263acea5a3e,masked_substitution,9f232ed179630121889dea4d6896214efe67ce09d916291ee83b1bd0491698c1,primary_parent,33c93d5c40eedd7b584ca988e66e16c5a58ac57f62499b4cb797dff4ab22d4e8,amp_read_log10_mic_um,numeric,true,same_frozen_numeric_contract,minimize,log10(uM),1.9308771815866161,1.7704321714112414,-0.1604450101753747,0.1604450101753747,true,84258f7375be3803f3e82c602ef749abee6a92f13d9c95740cb95436ef96a2a5
fgf2,039565e166dcc4831159293b5cd478a5cee64c6737afdeab5b1ff263acea5a3e,masked_substitution,9f232ed179630121889dea4d6896214efe67ce09d916291ee83b1bd0491698c1,primary_parent,33c93d5c40eedd7b584ca988e66e16c5a58ac57f62499b4cb797dff4ab22d4e8,guruprasad_instability_index,numeric,true,same_frozen_numeric_contract,minimize,index,26.82381,26.82380952380953,-4.7619047194302766e-07,4.7619047194302766e-07,true,a8abf468e94d121ca757849d8b29562d5d3ecc66abe8b37db1fd28f2217cba96
fgf2,039565e166dcc4831159293b5cd478a5cee64c6737afdeab5b1ff263acea5a3e,masked_substitution,9f232ed179630121889dea4d6896214efe67ce09d916291ee83b1bd0491698c1,primary_parent,33c93d5c40eedd7b584ca988e66e16c5a58ac57f62499b4cb797dff4ab22d4e8,hydrophobic_moment_eisenberg,numeric,false,audit_metric_has_no_monotonic_improvement_direction,audit,dimensionless,0.20468947573195764,0.1864512873687164,-0.01823818836324123,,true,63fbac7aacd4e02f7c9c7394ec0a0aec9e4b0ac86ca15e532f5cbb47e3b358c2
fgf2,039565e166dcc4831159293b5cd478a5cee64c6737afdeab5b1ff263acea5a3e,masked_substitution,9f232ed179630121889dea4d6896214efe67ce09d916291ee83b1bd0491698c1,primary_parent,33c93d5c40eedd7b584ca988e66e16c5a58ac57f62499b4cb797dff4ab22d4e8,hydrophobic_ratio_modlamp,numeric,false,audit_metric_has_no_monotonic_improvement_direction,audit,fraction,0.09523809523809523,0.09523809523809523,0.0,,false,de6c146459d70fcad122c2f1fb92c41db4c581d1b5f66b7d156c1a19811f3eef
fgf2,039565e166dcc4831159293b5cd478a5cee64c6737afdeab5b1ff263acea5a3e,masked_substitution,9f232ed179630121889dea4d6896214efe67ce09d916291ee83b1bd0491698c1,primary_parent,33c93d5c40eedd7b584ca988e66e16c5a58ac57f62499b4cb797dff4ab22d4e8,llamp_log10_mic_um,numeric,true,same_frozen_numeric_contract,minimize,log10(uM),1.4650440216064453,1.5437862873077393,0.07874226570129395,-0.07874226570129395,true,ab4cdfc3fad04eadfc436041d5498654f65b7fd98d201bf1db22c182dbb38f8e
fgf2,039565e166dcc4831159293b5cd478a5cee64c6737afdeab5b1ff263acea5a3e,masked_substitution,9f232ed179630121889dea4d6896214efe67ce09d916291ee83b1bd0491698c1,primary_parent,33c93d5c40eedd7b584ca988e66e16c5a58ac57f62499b4cb797dff4ab22d4e8,macrel_amp_probability,numeric,true,same_frozen_numeric_contract,maximize,probability,0.267,0.257,-0.010000000000000009,-0.010000000000000009,true,d0b64ea33578675ef2b0ca0ada23fe877f23e59b8a08996141b81e181427c5fb
fgf2,039565e166dcc4831159293b5cd478a5cee64c6737afdeab5b1ff263acea5a3e,masked_substitution,9f232ed179630121889dea4d6896214efe67ce09d916291ee83b1bd0491698c1,primary_parent,33c93d5c40eedd7b584ca988e66e16c5a58ac57f62499b4cb797dff4ab22d4e8,macrel_hemolysis_label,categorical,true,same_frozen_label_contract,audit,label,low,low,,,false,fdcfedcf5c30d890e7ea241cd5628b41f0c0e3a76f2ae6dbe7d4dabff2a95361
fgf2,039565e166dcc4831159293b5cd478a5cee64c6737afdeab5b1ff263acea5a3e,masked_substitution,9f232ed179630121889dea4d6896214efe67ce09d916291ee83b1bd0491698c1,primary_parent,33c93d5c40eedd7b584ca988e66e16c5a58ac57f62499b4cb797dff4ab22d4e8,macrel_hemolysis_probability,numeric,true,same_frozen_numeric_contract,minimize,probability,0.396,0.376,-0.020000000000000018,0.020000000000000018,true,5aa82d87437baac2093fa9a8fdf842059be42e42610b5c5a732546062e57c27b
fgf2,039565e166dcc4831159293b5cd478a5cee64c6737afdeab5b1ff263acea5a3e,masked_substitution,9f232ed179630121889dea4d6896214efe67ce09d916291ee83b1bd0491698c1,primary_parent,33c93d5c40eedd7b584ca988e66e16c5a58ac57f62499b4cb797dff4ab22d4e8,maximum_hydrophobic_run,numeric,true,same_frozen_numeric_contract,minimize,residues,1.0,1.0,0.0,-0.0,false,3795a6fb7a333bc28df0792fabe19ff437b3f535ba5bd12fdac9db262aee20c6
fgf2,039565e166dcc4831159293b5cd478a5cee64c6737afdeab5b1ff263acea5a3e,masked_substitution,9f232ed179630121889dea4d6896214efe67ce09d916291ee83b1bd0491698c1,primary_parent,33c93d5c40eedd7b584ca988e66e16c5a58ac57f62499b4cb797dff4ab22d4e8,net_charge_ph7_4,numeric,false,audit_metric_has_no_monotonic_improvement_direction,audit,elementary_charge,6.986,6.986,0.0,,false,326afaa553eab9f8bad40efd342f9a241d41b0d782149104c95b0210c65c36b1
fgf2,039565e166dcc4831159293b5cd478a5cee64c6737afdeab5b1ff263acea5a3e,masked_substitution,9f232ed179630121889dea4d6896214efe67ce09d916291ee83b1bd0491698c1,primary_parent,33c93d5c40eedd7b584ca988e66e16c5a58ac57f62499b4cb797dff4ab22d4e8,toxinpred3_hybrid_score,numeric,true,same_frozen_numeric_contract,minimize,dimensionless,0.355,0.345,-0.010000000000000009,0.010000000000000009,true,ebeb3cdc3eae60f386b2b93dac08ff9d372079d3b541df620ee71cdaf5f31051
fgf2,039565e166dcc4831159293b5cd478a5cee64c6737afdeab5b1ff263acea5a3e,masked_substitution,9f232ed179630121889dea4d6896214efe67ce09d916291ee83b1bd0491698c1,primary_parent,33c93d5c40eedd7b584ca988e66e16c5a58ac57f62499b4cb797dff4ab22d4e8,toxinpred3_label,categorical,true,same_frozen_label_contract,audit,label,Non-Toxin,Non-Toxin,,,false,d91c1fabd6c4abffe6f8e96300145528e9d4eab7a569f8208ed3f768c88961a4
fgf2,9b06a36839650f1c8e9f6a34e4b5b43f48d48bc5352c49eb7092d4869c956fdd,masked_substitution,b856470a3dc9f8f9b165d4177d1e1241da7e62d6a49ff4acb1b5163efdf3377a,primary_parent,33c93d5c40eedd7b584ca988e66e16c5a58ac57f62499b4cb797dff4ab22d4e8,amp_read_log10_mic_um,numeric,true,same_frozen_numeric_contract,minimize,log10(uM),1.9308771815866161,1.8391539470862637,-0.09172323450035247,0.09172323450035247,true,0c77febbd0f1b027a8d46962e04555fcbf298199bb86bab15918d83576501435
fgf2,9b06a36839650f1c8e9f6a34e4b5b43f48d48bc5352c49eb7092d4869c956fdd,masked_substitution,b856470a3dc9f8f9b165d4177d1e1241da7e62d6a49ff4acb1b5163efdf3377a,primary_parent,33c93d5c40eedd7b584ca988e66e16c5a58ac57f62499b4cb797dff4ab22d4e8,guruprasad_instability_index,numeric,true,same_frozen_numeric_contract,minimize,index,26.82381,34.50952380952381,7.685713809523811,-7.685713809523811,true,d164a88470bc5527488bca847645736ce5900b5450a7ad8eb978ea53702f0d12
fgf2,9b06a36839650f1c8e9f6a34e4b5b43f48d48bc5352c49eb7092d4869c956fdd,masked_substitution,b856470a3dc9f8f9b165d4177d1e1241da7e62d6a49ff4acb1b5163efdf3377a,primary_parent,33c93d5c40eedd7b584ca988e66e16c5a58ac57f62499b4cb797dff4ab22d4e8,hydrophobic_moment_eisenberg,numeric,false,audit_metric_has_no_monotonic_improvement_direction,audit,dimensionless,0.20468947573195764,0.18956440094874957,-0.01512507478320807,,true,9e3d9dadfb07c11458248b81161aa2c76b68be1cd54d67588d18b60e68a8af34
fgf2,9b06a36839650f1c8e9f6a34e4b5b43f48d48bc5352c49eb7092d4869c956fdd,masked_substitution,b856470a3dc9f8f9b165d4177d1e1241da7e62d6a49ff4acb1b5163efdf3377a,primary_parent,33c93d5c40eedd7b584ca988e66e16c5a58ac57f62499b4cb797dff4ab22d4e8,hydrophobic_ratio_modlamp,numeric,false,audit_metric_has_no_monotonic_improvement_direction,audit,fraction,0.09523809523809523,0.09523809523809523,0.0,,false,77d0bc01ca9a59bde87dd18e1b58f37993e5fe728e93c6cf90e67fbfd00a3626
fgf2,9b06a36839650f1c8e9f6a34e4b5b43f48d48bc5352c49eb7092d4869c956fdd,masked_substitution,b856470a3dc9f8f9b165d4177d1e1241da7e62d6a49ff4acb1b5163efdf3377a,primary_parent,33c93d5c40eedd7b584ca988e66e16c5a58ac57f62499b4cb797dff4ab22d4e8,llamp_log10_mic_um,numeric,true,same_frozen_numeric_contract,minimize,log10(uM),1.4650440216064453,1.3750097751617432,-0.09003424644470215,0.09003424644470215,true,9acca31115ac2a9d8afb1a48f273ca9378381341a0727071f6917a7dfb6d1ad0
fgf2,9b06a36839650f1c8e9f6a34e4b5b43f48d48bc5352c49eb7092d4869c956fdd,masked_substitution,b856470a3dc9f8f9b165d4177d1e1241da7e62d6a49ff4acb1b5163efdf3377a,primary_parent,33c93d5c40eedd7b584ca988e66e16c5a58ac57f62499b4cb797dff4ab22d4e8,macrel_amp_probability,numeric,true,same_frozen_numeric_contract,maximize,probability,0.267,0.327,0.06,0.06,true,88c24569b15f7ddcc8dae6b20b4f35998d67879e22407af69f705a8fc8607abe
fgf2,9b06a36839650f1c8e9f6a34e4b5b43f48d48bc5352c49eb7092d4869c956fdd,masked_substitution,b856470a3dc9f8f9b165d4177d1e1241da7e62d6a49ff4acb1b5163efdf3377a,primary_parent,33c93d5c40eedd7b584ca988e66e16c5a58ac57f62499b4cb797dff4ab22d4e8,macrel_hemolysis_label,categorical,true,same_frozen_label_contract,audit,label,low,low,,,false,d6dbfde8db8d3103f3ea66d7b5331650e8d43b9749384f2310d87cb9a729aac5
fgf2,9b06a36839650f1c8e9f6a34e4b5b43f48d48bc5352c49eb7092d4869c956fdd,masked_substitution,b856470a3dc9f8f9b165d4177d1e1241da7e62d6a49ff4acb1b5163efdf3377a,primary_parent,33c93d5c40eedd7b584ca988e66e16c5a58ac57f62499b4cb797dff4ab22d4e8,macrel_hemolysis_probability,numeric,true,same_frozen_numeric_contract,minimize,probability,0.396,0.366,-0.030000000000000027,0.030000000000000027,true,37afd2337c7f224ea4dc106f30f5a850b15fa4a72d33cf92b32fc9a703038f0c
fgf2,9b06a36839650f1c8e9f6a34e4b5b43f48d48bc5352c49eb7092d4869c956fdd,masked_substitution,b856470a3dc9f8f9b165d4177d1e1241da7e62d6a49ff4acb1b5163efdf3377a,primary_parent,33c93d5c40eedd7b584ca988e66e16c5a58ac57f62499b4cb797dff4ab22d4e8,maximum_hydrophobic_run,numeric,true,same_frozen_numeric_contract,minimize,residues,1.0,1.0,0.0,-0.0,false,57dde3823cd8df08e2294d1aa9a07a2c2e833478cae58257485a0c5af306aa08
fgf2,9b06a36839650f1c8e9f6a34e4b5b43f48d48bc5352c49eb7092d4869c956fdd,masked_substitution,b856470a3dc9f8f9b165d4177d1e1241da7e62d6a49ff4acb1b5163efdf3377a,primary_parent,33c93d5c40eedd7b584ca988e66e16c5a58ac57f62499b4cb797dff4ab22d4e8,net_charge_ph7_4,numeric,false,audit_metric_has_no_monotonic_improvement_direction,audit,elementary_charge,6.986,6.984,-0.0019999999999997797,,true,3dfff088b9a06541f20da22c1c6e0f14c9538844afe30e35605eee2280b1ba10
fgf2,9b06a36839650f1c8e9f6a34e4b5b43f48d48bc5352c49eb7092d4869c956fdd,masked_substitution,b856470a3dc9f8f9b165d4177d1e1241da7e62d6a49ff4acb1b5163efdf3377a,primary_parent,33c93d5c40eedd7b584ca988e66e16c5a58ac57f62499b4cb797dff4ab22d4e8,toxinpred3_hybrid_score,numeric,true,same_frozen_numeric_contract,minimize,dimensionless,0.355,0.305,-0.04999999999999999,0.04999999999999999,true,4a359c52de72190a06ef4f4eab896bcc667477f6344317f577fcbbc8e2bc90c3
fgf2,9b06a36839650f1c8e9f6a34e4b5b43f48d48bc5352c49eb7092d4869c956fdd,masked_substitution,b856470a3dc9f8f9b165d4177d1e1241da7e62d6a49ff4acb1b5163efdf3377a,primary_parent,33c93d5c40eedd7b584ca988e66e16c5a58ac57f62499b4cb797dff4ab22d4e8,toxinpred3_label,categorical,true,same_frozen_label_contract,audit,label,Non-Toxin,Non-Toxin,,,false,f9a094889167ec0aaeb452964652f458b950973cc7a8f2613c04f9131f2b5abc
fgf2,0d8026c52126258c79b7da6dfb6a0818281a0a7d6c97ca0c7329522d5bbc019c,masked_substitution,8ac0d71ffd573d0c09b1381a80596874d7c7392daac1d9518e2ab80f7e2d4781,primary_parent,33c93d5c40eedd7b584ca988e66e16c5a58ac57f62499b4cb797dff4ab22d4e8,amp_read_log10_mic_um,numeric,true,same_frozen_numeric_contract,minimize,log10(uM),1.9308771815866161,1.865158235203003,-0.0657189463836132,0.0657189463836132,true,e7dc5cc545d6514e0c5fe3e22179802fcf8eebd4e97a3d6d2f47f77fe60a8eef
fgf2,0d8026c52126258c79b7da6dfb6a0818281a0a7d6c97ca0c7329522d5bbc019c,masked_substitution,8ac0d71ffd573d0c09b1381a80596874d7c7392daac1d9518e2ab80f7e2d4781,primary_parent,33c93d5c40eedd7b584ca988e66e16c5a58ac57f62499b4cb797dff4ab22d4e8,guruprasad_instability_index,numeric,true,same_frozen_numeric_contract,minimize,index,26.82381,26.82380952380953,-4.7619047194302766e-07,4.7619047194302766e-07,true,0ef400fb0db7a2f5222b387929ea980f1b238e65f2edb39a5b50947d65cada3f
fgf2,0d8026c52126258c79b7da6dfb6a0818281a0a7d6c97ca0c7329522d5bbc019c,masked_substitution,8ac0d71ffd573d0c09b1381a80596874d7c7392daac1d9518e2ab80f7e2d4781,primary_parent,33c93d5c40eedd7b584ca988e66e16c5a58ac57f62499b4cb797dff4ab22d4e8,hydrophobic_moment_eisenberg,numeric,false,audit_metric_has_no_monotonic_improvement_direction,audit,dimensionless,0.20468947573195764,0.2753559201071308,0.07066644437517314,,true,434f220e3b85fc49470ba4d52811e6a8b762f4b19ee57eceddd07c5e4b46940d
fgf2,0d8026c52126258c79b7da6dfb6a0818281a0a7d6c97ca0c7329522d5bbc019c,masked_substitution,8ac0d71ffd573d0c09b1381a80596874d7c7392daac1d9518e2ab80f7e2d4781,primary_parent,33c93d5c40eedd7b584ca988e66e16c5a58ac57f62499b4cb797dff4ab22d4e8,hydrophobic_ratio_modlamp,numeric,false,audit_metric_has_no_monotonic_improvement_direction,audit,fraction,0.09523809523809523,0.14285714285714285,0.047619047619047616,,true,1536290bed353e725908ed2b5457c5d0f44bd170b77b9e869c1a33ce2e74a389
fgf2,0d8026c52126258c79b7da6dfb6a0818281a0a7d6c97ca0c7329522d5bbc019c,masked_substitution,8ac0d71ffd573d0c09b1381a80596874d7c7392daac1d9518e2ab80f7e2d4781,primary_parent,33c93d5c40eedd7b584ca988e66e16c5a58ac57f62499b4cb797dff4ab22d4e8,llamp_log10_mic_um,numeric,true,same_frozen_numeric_contract,minimize,log10(uM),1.4650440216064453,1.5261207818984985,0.06107676029205322,-0.06107676029205322,true,e3f5974be39ad98edc6c0c206fc9e2a85450a3a707c192187cfd785d7431b349
fgf2,0d8026c52126258c79b7da6dfb6a0818281a0a7d6c97ca0c7329522d5bbc019c,masked_substitution,8ac0d71ffd573d0c09b1381a80596874d7c7392daac1d9518e2ab80f7e2d4781,primary_parent,33c93d5c40eedd7b584ca988e66e16c5a58ac57f62499b4cb797dff4ab22d4e8,macrel_amp_probability,numeric,true,same_frozen_numeric_contract,maximize,probability,0.267,0.228,-0.03900000000000001,-0.03900000000000001,true,8f47e694832d41619f6c874118d83663655e453510cb0bd1f76b92f5c639232e
fgf2,0d8026c52126258c79b7da6dfb6a0818281a0a7d6c97ca0c7329522d5bbc019c,masked_substitution,8ac0d71ffd573d0c09b1381a80596874d7c7392daac1d9518e2ab80f7e2d4781,primary_parent,33c93d5c40eedd7b584ca988e66e16c5a58ac57f62499b4cb797dff4ab22d4e8,macrel_hemolysis_label,categorical,true,same_frozen_label_contract,audit,label,low,low,,,false,218568c5e325333ce943cbcb4ee64ddeab093b66a3c98908f644bd18ce226db0
fgf2,0d8026c52126258c79b7da6dfb6a0818281a0a7d6c97ca0c7329522d5bbc019c,masked_substitution,8ac0d71ffd573d0c09b1381a80596874d7c7392daac1d9518e2ab80f7e2d4781,primary_parent,33c93d5c40eedd7b584ca988e66e16c5a58ac57f62499b4cb797dff4ab22d4e8,macrel_hemolysis_probability,numeric,true,same_frozen_numeric_contract,minimize,probability,0.396,0.436,0.03999999999999998,-0.03999999999999998,true,ac9e3e7579bb860eb4df3423daae281e86a34754906d90eb4f85e25750cd9294
fgf2,0d8026c52126258c79b7da6dfb6a0818281a0a7d6c97ca0c7329522d5bbc019c,masked_substitution,8ac0d71ffd573d0c09b1381a80596874d7c7392daac1d9518e2ab80f7e2d4781,primary_parent,33c93d5c40eedd7b584ca988e66e16c5a58ac57f62499b4cb797dff4ab22d4e8,maximum_hydrophobic_run,numeric,true,same_frozen_numeric_contract,minimize,residues,1.0,1.0,0.0,-0.0,false,3802b7694c9165a0239aee59cd9d32f681994113f0e4380755cce54734e0a0d3
fgf2,0d8026c52126258c79b7da6dfb6a0818281a0a7d6c97ca0c7329522d5bbc019c,masked_substitution,8ac0d71ffd573d0c09b1381a80596874d7c7392daac1d9518e2ab80f7e2d4781,primary_parent,33c93d5c40eedd7b584ca988e66e16c5a58ac57f62499b4cb797dff4ab22d4e8,net_charge_ph7_4,numeric,false,audit_metric_has_no_monotonic_improvement_direction,audit,elementary_charge,6.986,7.986,1.0,,true,47d10e7827476625af4960c857589b2b4fe0f716a0a2580419cf549096ef90f2
fgf2,0d8026c52126258c79b7da6dfb6a0818281a0a7d6c97ca0c7329522d5bbc019c,masked_substitution,8ac0d71ffd573d0c09b1381a80596874d7c7392daac1d9518e2ab80f7e2d4781,primary_parent,33c93d5c40eedd7b584ca988e66e16c5a58ac57f62499b4cb797dff4ab22d4e8,toxinpred3_hybrid_score,numeric,true,same_frozen_numeric_contract,minimize,dimensionless,0.355,0.37,0.015000000000000013,-0.015000000000000013,true,ad44b9995336437679a7b4fe7639b35ccbb314a159561780c69dceb04bd53590
fgf2,0d8026c52126258c79b7da6dfb6a0818281a0a7d6c97ca0c7329522d5bbc019c,masked_substitution,8ac0d71ffd573d0c09b1381a80596874d7c7392daac1d9518e2ab80f7e2d4781,primary_parent,33c93d5c40eedd7b584ca988e66e16c5a58ac57f62499b4cb797dff4ab22d4e8,toxinpred3_label,categorical,true,same_frozen_label_contract,audit,label,Non-Toxin,Non-Toxin,,,false,9fa779918ffd3ce59f91a4a09d1d8378cf0fb83c240c44558aca6add7822dcd8
fgf2,d39bcaeaf16f5b71b50e5748d9491f79f85b552e62cba63517cc188a3b221ee2,masked_substitution,805ce368a161f287ebd1f1117b9e0f3785849d3af38c54d45a6746261f53fa97,primary_parent,33c93d5c40eedd7b584ca988e66e16c5a58ac57f62499b4cb797dff4ab22d4e8,amp_read_log10_mic_um,numeric,true,same_frozen_numeric_contract,minimize,log10(uM),1.9308771815866161,1.752943913125156,-0.17793326846146007,0.17793326846146007,true,0c674f207547ff6526834cb1fb2d61b24600eca574ee2a34384c25f6030be38e
fgf2,d39bcaeaf16f5b71b50e5748d9491f79f85b552e62cba63517cc188a3b221ee2,masked_substitution,805ce368a161f287ebd1f1117b9e0f3785849d3af38c54d45a6746261f53fa97,primary_parent,33c93d5c40eedd7b584ca988e66e16c5a58ac57f62499b4cb797dff4ab22d4e8,guruprasad_instability_index,numeric,true,same_frozen_numeric_contract,minimize,index,26.82381,47.74761904761905,20.923809047619045,-20.923809047619045,true,2363ae2f4c54017627ad86a808254e73f74db5ee59e380b52ff0e45909ff60ba
fgf2,d39bcaeaf16f5b71b50e5748d9491f79f85b552e62cba63517cc188a3b221ee2,masked_substitution,805ce368a161f287ebd1f1117b9e0f3785849d3af38c54d45a6746261f53fa97,primary_parent,33c93d5c40eedd7b584ca988e66e16c5a58ac57f62499b4cb797dff4ab22d4e8,hydrophobic_moment_eisenberg,numeric,false,audit_metric_has_no_monotonic_improvement_direction,audit,dimensionless,0.20468947573195764,0.3119243773349563,0.10723490160299867,,true,dd5ea568a5e86a9d26c6747d1029eb2a23f398a51ea988da0ffbdb791cba3011
fgf2,d39bcaeaf16f5b71b50e5748d9491f79f85b552e62cba63517cc188a3b221ee2,masked_substitution,805ce368a161f287ebd1f1117b9e0f3785849d3af38c54d45a6746261f53fa97,primary_parent,33c93d5c40eedd7b584ca988e66e16c5a58ac57f62499b4cb797dff4ab22d4e8,hydrophobic_ratio_modlamp,numeric,false,audit_metric_has_no_monotonic_improvement_direction,audit,fraction,0.09523809523809523,0.14285714285714285,0.047619047619047616,,true,dce77c1ddbcc2a2159e4d34010f7e7510bb82279910e21293cea2a219b65cfa0
fgf2,d39bcaeaf16f5b71b50e5748d9491f79f85b552e62cba63517cc188a3b221ee2,masked_substitution,805ce368a161f287ebd1f1117b9e0f3785849d3af38c54d45a6746261f53fa97,primary_parent,33c93d5c40eedd7b584ca988e66e16c5a58ac57f62499b4cb797dff4ab22d4e8,llamp_log10_mic_um,numeric,true,same_frozen_numeric_contract,minimize,log10(uM),1.4650440216064453,1.5311347246170044,0.06609070301055908,-0.06609070301055908,true,f275071bd04139de1ea29194cf6ef6db9bb5a2f0ed7a6983ac2f7547b23d1abe
fgf2,d39bcaeaf16f5b71b50e5748d9491f79f85b552e62cba63517cc188a3b221ee2,masked_substitution,805ce368a161f287ebd1f1117b9e0f3785849d3af38c54d45a6746261f53fa97,primary_parent,33c93d5c40eedd7b584ca988e66e16c5a58ac57f62499b4cb797dff4ab22d4e8,macrel_amp_probability,numeric,true,same_frozen_numeric_contract,maximize,probability,0.267,0.267,0.0,0.0,false,01247af07c9e9860bf6bb45513b0b5cfd7ec3a714c1ad7ef4b255443cc41aafc
fgf2,d39bcaeaf16f5b71b50e5748d9491f79f85b552e62cba63517cc188a3b221ee2,masked_substitution,805ce368a161f287ebd1f1117b9e0f3785849d3af38c54d45a6746261f53fa97,primary_parent,33c93d5c40eedd7b584ca988e66e16c5a58ac57f62499b4cb797dff4ab22d4e8,macrel_hemolysis_label,categorical,true,same_frozen_label_contract,audit,label,low,low,,,false,7bd5b2f052aaa6269344dcb3f5a1889032186c45b7be5f41809e9032739f8a12
fgf2,d39bcaeaf16f5b71b50e5748d9491f79f85b552e62cba63517cc188a3b221ee2,masked_substitution,805ce368a161f287ebd1f1117b9e0f3785849d3af38c54d45a6746261f53fa97,primary_parent,33c93d5c40eedd7b584ca988e66e16c5a58ac57f62499b4cb797dff4ab22d4e8,macrel_hemolysis_probability,numeric,true,same_frozen_numeric_contract,minimize,probability,0.396,0.426,0.02999999999999997,-0.02999999999999997,true,5a2db8de1eb3387a43a37ad0a00eeb6431a7e45989227786537d7162a67c7ca9
fgf2,d39bcaeaf16f5b71b50e5748d9491f79f85b552e62cba63517cc188a3b221ee2,masked_substitution,805ce368a161f287ebd1f1117b9e0f3785849d3af38c54d45a6746261f53fa97,primary_parent,33c93d5c40eedd7b584ca988e66e16c5a58ac57f62499b4cb797dff4ab22d4e8,maximum_hydrophobic_run,numeric,true,same_frozen_numeric_contract,minimize,residues,1.0,1.0,0.0,-0.0,false,853162475629dcaf8a44b9510f3c15abe86a52b6d35c8180d168562c67c4d661
fgf2,d39bcaeaf16f5b71b50e5748d9491f79f85b552e62cba63517cc188a3b221ee2,masked_substitution,805ce368a161f287ebd1f1117b9e0f3785849d3af38c54d45a6746261f53fa97,primary_parent,33c93d5c40eedd7b584ca988e66e16c5a58ac57f62499b4cb797dff4ab22d4e8,net_charge_ph7_4,numeric,false,audit_metric_has_no_monotonic_improvement_direction,audit,elementary_charge,6.986,7.986,1.0,,true,fc13775167595b891e5e8bbf542e64606e6bc59829e6d724c1daf4675c516485
fgf2,d39bcaeaf16f5b71b50e5748d9491f79f85b552e62cba63517cc188a3b221ee2,masked_substitution,805ce368a161f287ebd1f1117b9e0f3785849d3af38c54d45a6746261f53fa97,primary_parent,33c93d5c40eedd7b584ca988e66e16c5a58ac57f62499b4cb797dff4ab22d4e8,toxinpred3_hybrid_score,numeric,true,same_frozen_numeric_contract,minimize,dimensionless,0.355,0.34,-0.014999999999999958,0.014999999999999958,true,c2f6ffcff2f001b94b70b9276047439ef8d3df0f2f7c9a75d951febe18952ea3
fgf2,d39bcaeaf16f5b71b50e5748d9491f79f85b552e62cba63517cc188a3b221ee2,masked_substitution,805ce368a161f287ebd1f1117b9e0f3785849d3af38c54d45a6746261f53fa97,primary_parent,33c93d5c40eedd7b584ca988e66e16c5a58ac57f62499b4cb797dff4ab22d4e8,toxinpred3_label,categorical,true,same_frozen_label_contract,audit,label,Non-Toxin,Non-Toxin,,,false,962beb4a5d0e1644f5ac76e7e53e8c0827aa7f9d0f6aab69081b34a53bda3df4
fgf2,b6c456cbc5348aebc2328a8c61050edf5fd8ccd3918cf624668603ae88273d20,masked_substitution,f6f0043c4db35467c91b21728ec312406961d1a8ce5012444d0b91768d3c2751,primary_parent,33c93d5c40eedd7b584ca988e66e16c5a58ac57f62499b4cb797dff4ab22d4e8,amp_read_log10_mic_um,numeric,true,same_frozen_numeric_contract,minimize,log10(uM),1.9308771815866161,1.7880124753545275,-0.1428647062320887,0.1428647062320887,true,591299b0e53f662c4144a78341923b01296b94a97d3363518335e39aa88f75c4
fgf2,b6c456cbc5348aebc2328a8c61050edf5fd8ccd3918cf624668603ae88273d20,masked_substitution,f6f0043c4db35467c91b21728ec312406961d1a8ce5012444d0b91768d3c2751,primary_parent,33c93d5c40eedd7b584ca988e66e16c5a58ac57f62499b4cb797dff4ab22d4e8,guruprasad_instability_index,numeric,true,same_frozen_numeric_contract,minimize,index,26.82381,26.82380952380953,-4.7619047194302766e-07,4.7619047194302766e-07,true,38db85e7e9612d4dc7f76c5c2f0d4bc452fdc886352e1ff3203a767f07a3482b
fgf2,b6c456cbc5348aebc2328a8c61050edf5fd8ccd3918cf624668603ae88273d20,masked_substitution,f6f0043c4db35467c91b21728ec312406961d1a8ce5012444d0b91768d3c2751,primary_parent,33c93d5c40eedd7b584ca988e66e16c5a58ac57f62499b4cb797dff4ab22d4e8,hydrophobic_moment_eisenberg,numeric,false,audit_metric_has_no_monotonic_improvement_direction,audit,dimensionless,0.20468947573195764,0.2978427635176037,0.09315328778564605,,true,db21855a53ccd800076260ee582ad77c9bb3c9a3e578cc79349d92e125ba6407
fgf2,b6c456cbc5348aebc2328a8c61050edf5fd8ccd3918cf624668603ae88273d20,masked_substitution,f6f0043c4db35467c91b21728ec312406961d1a8ce5012444d0b91768d3c2751,primary_parent,33c93d5c40eedd7b584ca988e66e16c5a58ac57f62499b4cb797dff4ab22d4e8,hydrophobic_ratio_modlamp,numeric,false,audit_metric_has_no_monotonic_improvement_direction,audit,fraction,0.09523809523809523,0.14285714285714285,0.047619047619047616,,true,526411ec2e9a3dae30bbbae3643cd35a81ab23b4963abf441828771fa6abf274
fgf2,b6c456cbc5348aebc2328a8c61050edf5fd8ccd3918cf624668603ae88273d20,masked_substitution,f6f0043c4db35467c91b21728ec312406961d1a8ce5012444d0b91768d3c2751,primary_parent,33c93d5c40eedd7b584ca988e66e16c5a58ac57f62499b4cb797dff4ab22d4e8,llamp_log10_mic_um,numeric,true,same_frozen_numeric_contract,minimize,log10(uM),1.4650440216064453,1.4772785902023315,0.01223456859588623,-0.01223456859588623,true,96ea8d24bc9c8ac59533cde1ed34c8a8640244664c8fdd02304d3537cb6056f4
fgf2,b6c456cbc5348aebc2328a8c61050edf5fd8ccd3918cf624668603ae88273d20,masked_substitution,f6f0043c4db35467c91b21728ec312406961d1a8ce5012444d0b91768d3c2751,primary_parent,33c93d5c40eedd7b584ca988e66e16c5a58ac57f62499b4cb797dff4ab22d4e8,macrel_amp_probability,numeric,true,same_frozen_numeric_contract,maximize,probability,0.267,0.257,-0.010000000000000009,-0.010000000000000009,true,c947e7c578228954dfb1bae05269b5a6748228378c0b8cfd0c866bdccc0f845b
fgf2,b6c456cbc5348aebc2328a8c61050edf5fd8ccd3918cf624668603ae88273d20,masked_substitution,f6f0043c4db35467c91b21728ec312406961d1a8ce5012444d0b91768d3c2751,primary_parent,33c93d5c40eedd7b584ca988e66e16c5a58ac57f62499b4cb797dff4ab22d4e8,macrel_hemolysis_label,categorical,true,same_frozen_label_contract,audit,label,low,low,,,false,dc77aa704fc66f18ff16ad1f4b75dde02cb1fa60b1be9603a16348e443000299
fgf2,b6c456cbc5348aebc2328a8c61050edf5fd8ccd3918cf624668603ae88273d20,masked_substitution,f6f0043c4db35467c91b21728ec312406961d1a8ce5012444d0b91768d3c2751,primary_parent,33c93d5c40eedd7b584ca988e66e16c5a58ac57f62499b4cb797dff4ab22d4e8,macrel_hemolysis_probability,numeric,true,same_frozen_numeric_contract,minimize,probability,0.396,0.446,0.04999999999999999,-0.04999999999999999,true,839f9d91ceeee6c47538d64f6e4c7d772324f4d955c51786971a84ad5f0082f6
fgf2,b6c456cbc5348aebc2328a8c61050edf5fd8ccd3918cf624668603ae88273d20,masked_substitution,f6f0043c4db35467c91b21728ec312406961d1a8ce5012444d0b91768d3c2751,primary_parent,33c93d5c40eedd7b584ca988e66e16c5a58ac57f62499b4cb797dff4ab22d4e8,maximum_hydrophobic_run,numeric,true,same_frozen_numeric_contract,minimize,residues,1.0,1.0,0.0,-0.0,false,455ee9501c7e3864d65119168414010ba66975229a0830375260335745bb7275
fgf2,b6c456cbc5348aebc2328a8c61050edf5fd8ccd3918cf624668603ae88273d20,masked_substitution,f6f0043c4db35467c91b21728ec312406961d1a8ce5012444d0b91768d3c2751,primary_parent,33c93d5c40eedd7b584ca988e66e16c5a58ac57f62499b4cb797dff4ab22d4e8,net_charge_ph7_4,numeric,false,audit_metric_has_no_monotonic_improvement_direction,audit,elementary_charge,6.986,7.986,1.0,,true,59d1bdb1cc850df2d8c1cfa1da8718ba74b84d5089b448b4e17445461a74a237
fgf2,b6c456cbc5348aebc2328a8c61050edf5fd8ccd3918cf624668603ae88273d20,masked_substitution,f6f0043c4db35467c91b21728ec312406961d1a8ce5012444d0b91768d3c2751,primary_parent,33c93d5c40eedd7b584ca988e66e16c5a58ac57f62499b4cb797dff4ab22d4e8,toxinpred3_hybrid_score,numeric,true,same_frozen_numeric_contract,minimize,dimensionless,0.355,0.33,-0.024999999999999967,0.024999999999999967,true,c865639332be27735dd1bcd446c01db86561f2767cf3d5c996f4f3dc10d5026d
fgf2,b6c456cbc5348aebc2328a8c61050edf5fd8ccd3918cf624668603ae88273d20,masked_substitution,f6f0043c4db35467c91b21728ec312406961d1a8ce5012444d0b91768d3c2751,primary_parent,33c93d5c40eedd7b584ca988e66e16c5a58ac57f62499b4cb797dff4ab22d4e8,toxinpred3_label,categorical,true,same_frozen_label_contract,audit,label,Non-Toxin,Non-Toxin,,,false,1c5ca3d122994dfced73b661355d70030c743c525a302d3008e567c692b3d87c
fgf2,8f76ed3c43af671cb5324ed4e3eecde4d37a9232df5312d5c9f716430e277dda,masked_substitution,94d546b1ebcf829fdfde2f87365d5d64e7fbaceab141e183bf2b4ae4f29cd4c4,primary_parent,33c93d5c40eedd7b584ca988e66e16c5a58ac57f62499b4cb797dff4ab22d4e8,amp_read_log10_mic_um,numeric,true,same_frozen_numeric_contract,minimize,log10(uM),1.9308771815866161,1.812424608098154,-0.11845257348846205,0.11845257348846205,true,7d473e6fb467d5a791cc7d73e610fde9603d371b3ff6d84a89bffb01b5dd25dd
fgf2,8f76ed3c43af671cb5324ed4e3eecde4d37a9232df5312d5c9f716430e277dda,masked_substitution,94d546b1ebcf829fdfde2f87365d5d64e7fbaceab141e183bf2b4ae4f29cd4c4,primary_parent,33c93d5c40eedd7b584ca988e66e16c5a58ac57f62499b4cb797dff4ab22d4e8,guruprasad_instability_index,numeric,true,same_frozen_numeric_contract,minimize,index,26.82381,19.666666666666668,-7.157143333333334,7.157143333333334,true,a61f28b5367d38f83016fc80c3f500fa28bc4f1344d66afe96413fe098f48dbb
fgf2,8f76ed3c43af671cb5324ed4e3eecde4d37a9232df5312d5c9f716430e277dda,masked_substitution,94d546b1ebcf829fdfde2f87365d5d64e7fbaceab141e183bf2b4ae4f29cd4c4,primary_parent,33c93d5c40eedd7b584ca988e66e16c5a58ac57f62499b4cb797dff4ab22d4e8,hydrophobic_moment_eisenberg,numeric,false,audit_metric_has_no_monotonic_improvement_direction,audit,dimensionless,0.20468947573195764,0.30253450839732754,0.0978450326653699,,true,f5dfda6f4ca4c5429c466a00b5fb75756742a225559c24bf884e8a589eb8eb14
fgf2,8f76ed3c43af671cb5324ed4e3eecde4d37a9232df5312d5c9f716430e277dda,masked_substitution,94d546b1ebcf829fdfde2f87365d5d64e7fbaceab141e183bf2b4ae4f29cd4c4,primary_parent,33c93d5c40eedd7b584ca988e66e16c5a58ac57f62499b4cb797dff4ab22d4e8,hydrophobic_ratio_modlamp,numeric,false,audit_metric_has_no_monotonic_improvement_direction,audit,fraction,0.09523809523809523,0.14285714285714285,0.047619047619047616,,true,c16cf5cdd9d9e70e2ac68c2c17e762a994e4183fb5b6748cd8e0a27147924afb
fgf2,8f76ed3c43af671cb5324ed4e3eecde4d37a9232df5312d5c9f716430e277dda,masked_substitution,94d546b1ebcf829fdfde2f87365d5d64e7fbaceab141e183bf2b4ae4f29cd4c4,primary_parent,33c93d5c40eedd7b584ca988e66e16c5a58ac57f62499b4cb797dff4ab22d4e8,llamp_log10_mic_um,numeric,true,same_frozen_numeric_contract,minimize,log10(uM),1.4650440216064453,1.4855133295059204,0.020469307899475098,-0.020469307899475098,true,00a1c86fbcf04f2b74ad7038cbebbee33f4e339177e4c28970cf4a863cc8432f
fgf2,8f76ed3c43af671cb5324ed4e3eecde4d37a9232df5312d5c9f716430e277dda,masked_substitution,94d546b1ebcf829fdfde2f87365d5d64e7fbaceab141e183bf2b4ae4f29cd4c4,primary_parent,33c93d5c40eedd7b584ca988e66e16c5a58ac57f62499b4cb797dff4ab22d4e8,macrel_amp_probability,numeric,true,same_frozen_numeric_contract,maximize,probability,0.267,0.228,-0.03900000000000001,-0.03900000000000001,true,abd715aadd56a56b87837fba6be98b526e569b65adc519e88ffe4707b33cf160
fgf2,8f76ed3c43af671cb5324ed4e3eecde4d37a9232df5312d5c9f716430e277dda,masked_substitution,94d546b1ebcf829fdfde2f87365d5d64e7fbaceab141e183bf2b4ae4f29cd4c4,primary_parent,33c93d5c40eedd7b584ca988e66e16c5a58ac57f62499b4cb797dff4ab22d4e8,macrel_hemolysis_label,categorical,true,same_frozen_label_contract,audit,label,low,low,,,false,acaacc6956f80d46ac8d69c6adccf7c09a301f0d9b8de7601dae0508533a9f73
fgf2,8f76ed3c43af671cb5324ed4e3eecde4d37a9232df5312d5c9f716430e277dda,masked_substitution,94d546b1ebcf829fdfde2f87365d5d64e7fbaceab141e183bf2b4ae4f29cd4c4,primary_parent,33c93d5c40eedd7b584ca988e66e16c5a58ac57f62499b4cb797dff4ab22d4e8,macrel_hemolysis_probability,numeric,true,same_frozen_numeric_contract,minimize,probability,0.396,0.475,0.07899999999999996,-0.07899999999999996,true,5c91fb3cdd40e9fa05bc46c9656642d65128e969ab2e247c31fa0eba61df2e0a
fgf2,8f76ed3c43af671cb5324ed4e3eecde4d37a9232df5312d5c9f716430e277dda,masked_substitution,94d546b1ebcf829fdfde2f87365d5d64e7fbaceab141e183bf2b4ae4f29cd4c4,primary_parent,33c93d5c40eedd7b584ca988e66e16c5a58ac57f62499b4cb797dff4ab22d4e8,maximum_hydrophobic_run,numeric,true,same_frozen_numeric_contract,minimize,residues,1.0,1.0,0.0,-0.0,false,1895d1b468f89d1cee6d6111392955295a247691b14dcf40fbe0da9ba741adaa
fgf2,8f76ed3c43af671cb5324ed4e3eecde4d37a9232df5312d5c9f716430e277dda,masked_substitution,94d546b1ebcf829fdfde2f87365d5d64e7fbaceab141e183bf2b4ae4f29cd4c4,primary_parent,33c93d5c40eedd7b584ca988e66e16c5a58ac57f62499b4cb797dff4ab22d4e8,net_charge_ph7_4,numeric,false,audit_metric_has_no_monotonic_improvement_direction,audit,elementary_charge,6.986,7.986,1.0,,true,77e5e5c52daa45ecae1f91299f77e4df9d2bc1913949a75bf824c36d23b6d4c2
fgf2,8f76ed3c43af671cb5324ed4e3eecde4d37a9232df5312d5c9f716430e277dda,masked_substitution,94d546b1ebcf829fdfde2f87365d5d64e7fbaceab141e183bf2b4ae4f29cd4c4,primary_parent,33c93d5c40eedd7b584ca988e66e16c5a58ac57f62499b4cb797dff4ab22d4e8,toxinpred3_hybrid_score,numeric,true,same_frozen_numeric_contract,minimize,dimensionless,0.355,0.37,0.015000000000000013,-0.015000000000000013,true,aa3ac2e89d94b95bd126f78fe1b7286a9e806eb1b5b973d17110c6f375c449ee
fgf2,8f76ed3c43af671cb5324ed4e3eecde4d37a9232df5312d5c9f716430e277dda,masked_substitution,94d546b1ebcf829fdfde2f87365d5d64e7fbaceab141e183bf2b4ae4f29cd4c4,primary_parent,33c93d5c40eedd7b584ca988e66e16c5a58ac57f62499b4cb797dff4ab22d4e8,toxinpred3_label,categorical,true,same_frozen_label_contract,audit,label,Non-Toxin,Non-Toxin,,,false,35e7073c790d9c0e8790c04d7f37e6d59bef77e2119bca5f2ea8dcf760de5113
fgf2,8677e5395b2d6cddc2346acfc8886e59795f6c7025c30d9e2a55527432ec6fad,masked_substitution,a3862ca05650e4ff882a63b20bc51f6b396a062575130513627fe294c3b47283,primary_parent,33c93d5c40eedd7b584ca988e66e16c5a58ac57f62499b4cb797dff4ab22d4e8,amp_read_log10_mic_um,numeric,true,same_frozen_numeric_contract,minimize,log10(uM),1.9308771815866161,1.6852476986962688,-0.24562948289034736,0.24562948289034736,true,10fb981e5178e5eeb965704d7d86ebd82e59e9a9fb99e9ee9027da500e9a1495
fgf2,8677e5395b2d6cddc2346acfc8886e59795f6c7025c30d9e2a55527432ec6fad,masked_substitution,a3862ca05650e4ff882a63b20bc51f6b396a062575130513627fe294c3b47283,primary_parent,33c93d5c40eedd7b584ca988e66e16c5a58ac57f62499b4cb797dff4ab22d4e8,guruprasad_instability_index,numeric,true,same_frozen_numeric_contract,minimize,index,26.82381,26.82380952380953,-4.7619047194302766e-07,4.7619047194302766e-07,true,2747a5f704dff51fa429849a4468bfd3efad2778b21a912513eb19320340d125
fgf2,8677e5395b2d6cddc2346acfc8886e59795f6c7025c30d9e2a55527432ec6fad,masked_substitution,a3862ca05650e4ff882a63b20bc51f6b396a062575130513627fe294c3b47283,primary_parent,33c93d5c40eedd7b584ca988e66e16c5a58ac57f62499b4cb797dff4ab22d4e8,hydrophobic_moment_eisenberg,numeric,false,audit_metric_has_no_monotonic_improvement_direction,audit,dimensionless,0.20468947573195764,0.25853341223609755,0.053843936504139905,,true,d1e8e714900d50ea95eaebebb92d9bb7088714eead76a159094ea8d1f3f3929d
fgf2,8677e5395b2d6cddc2346acfc8886e59795f6c7025c30d9e2a55527432ec6fad,masked_substitution,a3862ca05650e4ff882a63b20bc51f6b396a062575130513627fe294c3b47283,primary_parent,33c93d5c40eedd7b584ca988e66e16c5a58ac57f62499b4cb797dff4ab22d4e8,hydrophobic_ratio_modlamp,numeric,false,audit_metric_has_no_monotonic_improvement_direction,audit,fraction,0.09523809523809523,0.09523809523809523,0.0,,false,5719342835cb99d325e5a1a874cebdfe98403840f866bac1170b31aa821cc4a4
fgf2,8677e5395b2d6cddc2346acfc8886e59795f6c7025c30d9e2a55527432ec6fad,masked_substitution,a3862ca05650e4ff882a63b20bc51f6b396a062575130513627fe294c3b47283,primary_parent,33c93d5c40eedd7b584ca988e66e16c5a58ac57f62499b4cb797dff4ab22d4e8,llamp_log10_mic_um,numeric,true,same_frozen_numeric_contract,minimize,log10(uM),1.4650440216064453,1.633186936378479,0.1681429147720337,-0.1681429147720337,true,1979f388e672abb7e1f21fcf644a4aac882563beba944e46123802e7ccb6724f
fgf2,8677e5395b2d6cddc2346acfc8886e59795f6c7025c30d9e2a55527432ec6fad,masked_substitution,a3862ca05650e4ff882a63b20bc51f6b396a062575130513627fe294c3b47283,primary_parent,33c93d5c40eedd7b584ca988e66e16c5a58ac57f62499b4cb797dff4ab22d4e8,macrel_amp_probability,numeric,true,same_frozen_numeric_contract,maximize,probability,0.267,0.376,0.10899999999999999,0.10899999999999999,true,5637b7ef1919fc319abb89b67d545b04e15f14c7fc8f41ecf9107ba6218ccd84
fgf2,8677e5395b2d6cddc2346acfc8886e59795f6c7025c30d9e2a55527432ec6fad,masked_substitution,a3862ca05650e4ff882a63b20bc51f6b396a062575130513627fe294c3b47283,primary_parent,33c93d5c40eedd7b584ca988e66e16c5a58ac57f62499b4cb797dff4ab22d4e8,macrel_hemolysis_label,categorical,true,same_frozen_label_contract,audit,label,low,low,,,false,1f47e7548244521bea1e81bc6309dd2193610b7094d1ce0c9ef4b661514de2c7
fgf2,8677e5395b2d6cddc2346acfc8886e59795f6c7025c30d9e2a55527432ec6fad,masked_substitution,a3862ca05650e4ff882a63b20bc51f6b396a062575130513627fe294c3b47283,primary_parent,33c93d5c40eedd7b584ca988e66e16c5a58ac57f62499b4cb797dff4ab22d4e8,macrel_hemolysis_probability,numeric,true,same_frozen_numeric_contract,minimize,probability,0.396,0.475,0.07899999999999996,-0.07899999999999996,true,c3de3a2bdb75fe2cb8be32277a0677928f947e8933c844a822b71b5360ce4434
fgf2,8677e5395b2d6cddc2346acfc8886e59795f6c7025c30d9e2a55527432ec6fad,masked_substitution,a3862ca05650e4ff882a63b20bc51f6b396a062575130513627fe294c3b47283,primary_parent,33c93d5c40eedd7b584ca988e66e16c5a58ac57f62499b4cb797dff4ab22d4e8,maximum_hydrophobic_run,numeric,true,same_frozen_numeric_contract,minimize,residues,1.0,1.0,0.0,-0.0,false,62488df34d8926c10cea93c1d4c8c1c947715fc6c99fea4decbb9488613790a3
fgf2,8677e5395b2d6cddc2346acfc8886e59795f6c7025c30d9e2a55527432ec6fad,masked_substitution,a3862ca05650e4ff882a63b20bc51f6b396a062575130513627fe294c3b47283,primary_parent,33c93d5c40eedd7b584ca988e66e16c5a58ac57f62499b4cb797dff4ab22d4e8,net_charge_ph7_4,numeric,false,audit_metric_has_no_monotonic_improvement_direction,audit,elementary_charge,6.986,7.984,0.9980000000000002,,true,0ab04eac54eadd1895a9f39740f2874a08982aafc18dbcc62f4c4fb0bf27fa86
fgf2,8677e5395b2d6cddc2346acfc8886e59795f6c7025c30d9e2a55527432ec6fad,masked_substitution,a3862ca05650e4ff882a63b20bc51f6b396a062575130513627fe294c3b47283,primary_parent,33c93d5c40eedd7b584ca988e66e16c5a58ac57f62499b4cb797dff4ab22d4e8,toxinpred3_hybrid_score,numeric,true,same_frozen_numeric_contract,minimize,dimensionless,0.355,0.35,-0.0050000000000000044,0.0050000000000000044,true,3d58a45a1fd759313895db097210e2824c4702198d257b9b7f415abde777e7e4
fgf2,8677e5395b2d6cddc2346acfc8886e59795f6c7025c30d9e2a55527432ec6fad,masked_substitution,a3862ca05650e4ff882a63b20bc51f6b396a062575130513627fe294c3b47283,primary_parent,33c93d5c40eedd7b584ca988e66e16c5a58ac57f62499b4cb797dff4ab22d4e8,toxinpred3_label,categorical,true,same_frozen_label_contract,audit,label,Non-Toxin,Non-Toxin,,,false,28833e907f089b4010b5145cca97e9c0779e5d736902e37c448ef94e864d79b2
fgf2,1bd20880df740f3ee63bee0e1b8e44b4007b7b439eaf5cb23f94d183e65b204e,masked_substitution,7754ed0f4b8e1c710b169d8a86d4124f70a3dbe4daeb1a49708b6abea37a638f,primary_parent,33c93d5c40eedd7b584ca988e66e16c5a58ac57f62499b4cb797dff4ab22d4e8,amp_read_log10_mic_um,numeric,true,same_frozen_numeric_contract,minimize,log10(uM),1.9308771815866161,1.8787395192472993,-0.052137662339316826,0.052137662339316826,true,9402b8408ec6576b9e610558ecf15b5aaa67cc1933c88154806357754e042fa5
fgf2,1bd20880df740f3ee63bee0e1b8e44b4007b7b439eaf5cb23f94d183e65b204e,masked_substitution,7754ed0f4b8e1c710b169d8a86d4124f70a3dbe4daeb1a49708b6abea37a638f,primary_parent,33c93d5c40eedd7b584ca988e66e16c5a58ac57f62499b4cb797dff4ab22d4e8,guruprasad_instability_index,numeric,true,same_frozen_numeric_contract,minimize,index,26.82381,26.82380952380953,-4.7619047194302766e-07,4.7619047194302766e-07,true,6e3300d3ead1486393a9a50d4022415d35c688ad201ead8ad74e28800a35543c
fgf2,1bd20880df740f3ee63bee0e1b8e44b4007b7b439eaf5cb23f94d183e65b204e,masked_substitution,7754ed0f4b8e1c710b169d8a86d4124f70a3dbe4daeb1a49708b6abea37a638f,primary_parent,33c93d5c40eedd7b584ca988e66e16c5a58ac57f62499b4cb797dff4ab22d4e8,hydrophobic_moment_eisenberg,numeric,false,audit_metric_has_no_monotonic_improvement_direction,audit,dimensionless,0.20468947573195764,0.22021732608387137,0.01552785035191373,,true,962ee534f8f5c1d30136b21cf06b0afa957bbd9fe71c895acd90dddbd33a107b
fgf2,1bd20880df740f3ee63bee0e1b8e44b4007b7b439eaf5cb23f94d183e65b204e,masked_substitution,7754ed0f4b8e1c710b169d8a86d4124f70a3dbe4daeb1a49708b6abea37a638f,primary_parent,33c93d5c40eedd7b584ca988e66e16c5a58ac57f62499b4cb797dff4ab22d4e8,hydrophobic_ratio_modlamp,numeric,false,audit_metric_has_no_monotonic_improvement_direction,audit,fraction,0.09523809523809523,0.14285714285714285,0.047619047619047616,,true,21681e32b4713991899bdfcce3b9aa0133f393ec55083e62e886269ba666ca36
fgf2,1bd20880df740f3ee63bee0e1b8e44b4007b7b439eaf5cb23f94d183e65b204e,masked_substitution,7754ed0f4b8e1c710b169d8a86d4124f70a3dbe4daeb1a49708b6abea37a638f,primary_parent,33c93d5c40eedd7b584ca988e66e16c5a58ac57f62499b4cb797dff4ab22d4e8,llamp_log10_mic_um,numeric,true,same_frozen_numeric_contract,minimize,log10(uM),1.4650440216064453,1.6721364259719849,0.20709240436553955,-0.20709240436553955,true,38fe93764812d36afe9920e6f263b55ca10f41b3dbba5ecb57a497ab0db40995
fgf2,1bd20880df740f3ee63bee0e1b8e44b4007b7b439eaf5cb23f94d183e65b204e,masked_substitution,7754ed0f4b8e1c710b169d8a86d4124f70a3dbe4daeb1a49708b6abea37a638f,primary_parent,33c93d5c40eedd7b584ca988e66e16c5a58ac57f62499b4cb797dff4ab22d4e8,macrel_amp_probability,numeric,true,same_frozen_numeric_contract,maximize,probability,0.267,0.248,-0.019000000000000017,-0.019000000000000017,true,513b170a0ac4c4643935557be6bd6c53d155cfe7140b42a846a680af2ec64a34
fgf2,1bd20880df740f3ee63bee0e1b8e44b4007b7b439eaf5cb23f94d183e65b204e,masked_substitution,7754ed0f4b8e1c710b169d8a86d4124f70a3dbe4daeb1a49708b6abea37a638f,primary_parent,33c93d5c40eedd7b584ca988e66e16c5a58ac57f62499b4cb797dff4ab22d4e8,macrel_hemolysis_label,categorical,true,same_frozen_label_contract,audit,label,low,low,,,false,891b2ff23af81d3d299fe24fa73cbfa0d5fd94855b73ab47789e0a6c9759f589
fgf2,1bd20880df740f3ee63bee0e1b8e44b4007b7b439eaf5cb23f94d183e65b204e,masked_substitution,7754ed0f4b8e1c710b169d8a86d4124f70a3dbe4daeb1a49708b6abea37a638f,primary_parent,33c93d5c40eedd7b584ca988e66e16c5a58ac57f62499b4cb797dff4ab22d4e8,macrel_hemolysis_probability,numeric,true,same_frozen_numeric_contract,minimize,probability,0.396,0.376,-0.020000000000000018,0.020000000000000018,true,e0ca9904d69ae6be63cfa1c9f3fd040915ec645e2e8107c531e0603dbdcaf0ff
fgf2,1bd20880df740f3ee63bee0e1b8e44b4007b7b439eaf5cb23f94d183e65b204e,masked_substitution,7754ed0f4b8e1c710b169d8a86d4124f70a3dbe4daeb1a49708b6abea37a638f,primary_parent,33c93d5c40eedd7b584ca988e66e16c5a58ac57f62499b4cb797dff4ab22d4e8,maximum_hydrophobic_run,numeric,true,same_frozen_numeric_contract,minimize,residues,1.0,1.0,0.0,-0.0,false,44010882f0e6b0a816152574fad937c2506d3f4c8d5414daa12f472679ce5770
fgf2,1bd20880df740f3ee63bee0e1b8e44b4007b7b439eaf5cb23f94d183e65b204e,masked_substitution,7754ed0f4b8e1c710b169d8a86d4124f70a3dbe4daeb1a49708b6abea37a638f,primary_parent,33c93d5c40eedd7b584ca988e66e16c5a58ac57f62499b4cb797dff4ab22d4e8,net_charge_ph7_4,numeric,false,audit_metric_has_no_monotonic_improvement_direction,audit,elementary_charge,6.986,6.986,0.0,,false,c0e11f8510fc2f3972767356075b6815179a6d7ebf967891840e421a6868de53
fgf2,1bd20880df740f3ee63bee0e1b8e44b4007b7b439eaf5cb23f94d183e65b204e,masked_substitution,7754ed0f4b8e1c710b169d8a86d4124f70a3dbe4daeb1a49708b6abea37a638f,primary_parent,33c93d5c40eedd7b584ca988e66e16c5a58ac57f62499b4cb797dff4ab22d4e8,toxinpred3_hybrid_score,numeric,true,same_frozen_numeric_contract,minimize,dimensionless,0.355,0.315,-0.03999999999999998,0.03999999999999998,true,b614e1afb90b0928934fc009b85119e4995751df37de256582733c756aa5c4b7
fgf2,1bd20880df740f3ee63bee0e1b8e44b4007b7b439eaf5cb23f94d183e65b204e,masked_substitution,7754ed0f4b8e1c710b169d8a86d4124f70a3dbe4daeb1a49708b6abea37a638f,primary_parent,33c93d5c40eedd7b584ca988e66e16c5a58ac57f62499b4cb797dff4ab22d4e8,toxinpred3_label,categorical,true,same_frozen_label_contract,audit,label,Non-Toxin,Non-Toxin,,,false,b1744615394300125c9e4e248c88686af1a1af61029582a6d2e6aee4e2bb35cf
fgf2,bc9b2aaf0f56da07e3569427f4396853b4cae73d789990cd6cc3572ff49ea4bb,masked_substitution,a0f298377779e19a1c74c1ec05d3b6ead0a8d7d29f484eae02751eb286cb0a05,primary_parent,33c93d5c40eedd7b584ca988e66e16c5a58ac57f62499b4cb797dff4ab22d4e8,amp_read_log10_mic_um,numeric,true,same_frozen_numeric_contract,minimize,log10(uM),1.9308771815866161,1.8152217487845503,-0.1156554328020658,0.1156554328020658,true,e2b836e48fe32660e4500f66808ccce87b3891bbb84ddbc3510a31458746bc64
fgf2,bc9b2aaf0f56da07e3569427f4396853b4cae73d789990cd6cc3572ff49ea4bb,masked_substitution,a0f298377779e19a1c74c1ec05d3b6ead0a8d7d29f484eae02751eb286cb0a05,primary_parent,33c93d5c40eedd7b584ca988e66e16c5a58ac57f62499b4cb797dff4ab22d4e8,guruprasad_instability_index,numeric,true,same_frozen_numeric_contract,minimize,index,26.82381,26.82380952380953,-4.7619047194302766e-07,4.7619047194302766e-07,true,3cda5bf553eda879a7af6455cd522ba264603459af8b945a3f43e583adfcb3f3
fgf2,bc9b2aaf0f56da07e3569427f4396853b4cae73d789990cd6cc3572ff49ea4bb,masked_substitution,a0f298377779e19a1c74c1ec05d3b6ead0a8d7d29f484eae02751eb286cb0a05,primary_parent,33c93d5c40eedd7b584ca988e66e16c5a58ac57f62499b4cb797dff4ab22d4e8,hydrophobic_moment_eisenberg,numeric,false,audit_metric_has_no_monotonic_improvement_direction,audit,dimensionless,0.20468947573195764,0.2367011193009936,0.032011643569035964,,true,0f71b067d58afa686f779ce03d6ce2f5757fcc694669e6490c8c1a4157544df7
fgf2,bc9b2aaf0f56da07e3569427f4396853b4cae73d789990cd6cc3572ff49ea4bb,masked_substitution,a0f298377779e19a1c74c1ec05d3b6ead0a8d7d29f484eae02751eb286cb0a05,primary_parent,33c93d5c40eedd7b584ca988e66e16c5a58ac57f62499b4cb797dff4ab22d4e8,hydrophobic_ratio_modlamp,numeric,false,audit_metric_has_no_monotonic_improvement_direction,audit,fraction,0.09523809523809523,0.14285714285714285,0.047619047619047616,,true,46f88d63d4655e9eaf798af4de61235cb3d51e61c14c85e7d7f09b819b9002e8
fgf2,bc9b2aaf0f56da07e3569427f4396853b4cae73d789990cd6cc3572ff49ea4bb,masked_substitution,a0f298377779e19a1c74c1ec05d3b6ead0a8d7d29f484eae02751eb286cb0a05,primary_parent,33c93d5c40eedd7b584ca988e66e16c5a58ac57f62499b4cb797dff4ab22d4e8,llamp_log10_mic_um,numeric,true,same_frozen_numeric_contract,minimize,log10(uM),1.4650440216064453,1.7406891584396362,0.2756451368331909,-0.2756451368331909,true,f5158acb684aeae9bc58e60ee73fe14f1ed26e5b53f17853b1c0aa168d9db5ad
fgf2,bc9b2aaf0f56da07e3569427f4396853b4cae73d789990cd6cc3572ff49ea4bb,masked_substitution,a0f298377779e19a1c74c1ec05d3b6ead0a8d7d29f484eae02751eb286cb0a05,primary_parent,33c93d5c40eedd7b584ca988e66e16c5a58ac57f62499b4cb797dff4ab22d4e8,macrel_amp_probability,numeric,true,same_frozen_numeric_contract,maximize,probability,0.267,0.257,-0.010000000000000009,-0.010000000000000009,true,a25386596e6bb7a9ad61ffbaeca8521c166832db8f50b6f8a6335dd94cbca210
fgf2,bc9b2aaf0f56da07e3569427f4396853b4cae73d789990cd6cc3572ff49ea4bb,masked_substitution,a0f298377779e19a1c74c1ec05d3b6ead0a8d7d29f484eae02751eb286cb0a05,primary_parent,33c93d5c40eedd7b584ca988e66e16c5a58ac57f62499b4cb797dff4ab22d4e8,macrel_hemolysis_label,categorical,true,same_frozen_label_contract,audit,label,low,low,,,false,8eada6a6a0507ca79763dc6e940eef8e6e8c0922290aa2183c7a0e8d46e23c85
fgf2,bc9b2aaf0f56da07e3569427f4396853b4cae73d789990cd6cc3572ff49ea4bb,masked_substitution,a0f298377779e19a1c74c1ec05d3b6ead0a8d7d29f484eae02751eb286cb0a05,primary_parent,33c93d5c40eedd7b584ca988e66e16c5a58ac57f62499b4cb797dff4ab22d4e8,macrel_hemolysis_probability,numeric,true,same_frozen_numeric_contract,minimize,probability,0.396,0.406,0.010000000000000009,-0.010000000000000009,true,613588def5aa214a42c46c1f88ed42a3fb40b62fd58266e807ffa03fc84688b7
fgf2,bc9b2aaf0f56da07e3569427f4396853b4cae73d789990cd6cc3572ff49ea4bb,masked_substitution,a0f298377779e19a1c74c1ec05d3b6ead0a8d7d29f484eae02751eb286cb0a05,primary_parent,33c93d5c40eedd7b584ca988e66e16c5a58ac57f62499b4cb797dff4ab22d4e8,maximum_hydrophobic_run,numeric,true,same_frozen_numeric_contract,minimize,residues,1.0,1.0,0.0,-0.0,false,1880cf7b656968b65baa9775f27848c09463a07f00d8c9ccd76fca47f167180f
fgf2,bc9b2aaf0f56da07e3569427f4396853b4cae73d789990cd6cc3572ff49ea4bb,masked_substitution,a0f298377779e19a1c74c1ec05d3b6ead0a8d7d29f484eae02751eb286cb0a05,primary_parent,33c93d5c40eedd7b584ca988e66e16c5a58ac57f62499b4cb797dff4ab22d4e8,net_charge_ph7_4,numeric,false,audit_metric_has_no_monotonic_improvement_direction,audit,elementary_charge,6.986,6.986,0.0,,false,df391919d23afe641fc5d8c225db8576a720c61882b803be9341b734d19d892a
fgf2,bc9b2aaf0f56da07e3569427f4396853b4cae73d789990cd6cc3572ff49ea4bb,masked_substitution,a0f298377779e19a1c74c1ec05d3b6ead0a8d7d29f484eae02751eb286cb0a05,primary_parent,33c93d5c40eedd7b584ca988e66e16c5a58ac57f62499b4cb797dff4ab22d4e8,toxinpred3_hybrid_score,numeric,true,same_frozen_numeric_contract,minimize,dimensionless,0.355,0.355,0.0,-0.0,false,d57f48aba5ac71d1860012e2cdbc9b6204b1ed77467b344bcd37e3b49cf42528
fgf2,bc9b2aaf0f56da07e3569427f4396853b4cae73d789990cd6cc3572ff49ea4bb,masked_substitution,a0f298377779e19a1c74c1ec05d3b6ead0a8d7d29f484eae02751eb286cb0a05,primary_parent,33c93d5c40eedd7b584ca988e66e16c5a58ac57f62499b4cb797dff4ab22d4e8,toxinpred3_label,categorical,true,same_frozen_label_contract,audit,label,Non-Toxin,Non-Toxin,,,false,e0fd52b89b6f2758a6eeb534c680b24e3b34db6d17c0b9ae0f137d9b0ec0d1ba
fgf2,76a75f2a9f0a3aa7048938fbd3982a9f3791d7e06877dce479cd3e9ab38a9e72,masked_substitution,aa863d223df4e12375e9946da26cad06ba4ec79e06e5ad5b0a50633e8b62bf56,primary_parent,33c93d5c40eedd7b584ca988e66e16c5a58ac57f62499b4cb797dff4ab22d4e8,amp_read_log10_mic_um,numeric,true,same_frozen_numeric_contract,minimize,log10(uM),1.9308771815866161,1.8435292686405695,-0.0873479129460466,0.0873479129460466,true,a59351ab38b5669c31d1a0099de9c36540d9d0918c2c075c8e1f4857acc0a76b
fgf2,76a75f2a9f0a3aa7048938fbd3982a9f3791d7e06877dce479cd3e9ab38a9e72,masked_substitution,aa863d223df4e12375e9946da26cad06ba4ec79e06e5ad5b0a50633e8b62bf56,primary_parent,33c93d5c40eedd7b584ca988e66e16c5a58ac57f62499b4cb797dff4ab22d4e8,guruprasad_instability_index,numeric,true,same_frozen_numeric_contract,minimize,index,26.82381,26.82380952380953,-4.7619047194302766e-07,4.7619047194302766e-07,true,9a5258223a2f48a423ee2dd3380083fecfef1a1b6b9bb85359a76ee3e0157977
fgf2,76a75f2a9f0a3aa7048938fbd3982a9f3791d7e06877dce479cd3e9ab38a9e72,masked_substitution,aa863d223df4e12375e9946da26cad06ba4ec79e06e5ad5b0a50633e8b62bf56,primary_parent,33c93d5c40eedd7b584ca988e66e16c5a58ac57f62499b4cb797dff4ab22d4e8,hydrophobic_moment_eisenberg,numeric,false,audit_metric_has_no_monotonic_improvement_direction,audit,dimensionless,0.20468947573195764,0.22979134592481812,0.025101870192860476,,true,8dcb8cbc7fb1488cd1fbf37e077650ccc2e226c39cd95663bb0415c901da6e4b
fgf2,76a75f2a9f0a3aa7048938fbd3982a9f3791d7e06877dce479cd3e9ab38a9e72,masked_substitution,aa863d223df4e12375e9946da26cad06ba4ec79e06e5ad5b0a50633e8b62bf56,primary_parent,33c93d5c40eedd7b584ca988e66e16c5a58ac57f62499b4cb797dff4ab22d4e8,hydrophobic_ratio_modlamp,numeric,false,audit_metric_has_no_monotonic_improvement_direction,audit,fraction,0.09523809523809523,0.14285714285714285,0.047619047619047616,,true,ad6411b42af68838230dbe2054b5414326d71f5acdb54255e979eb9dabd96cf9
fgf2,76a75f2a9f0a3aa7048938fbd3982a9f3791d7e06877dce479cd3e9ab38a9e72,masked_substitution,aa863d223df4e12375e9946da26cad06ba4ec79e06e5ad5b0a50633e8b62bf56,primary_parent,33c93d5c40eedd7b584ca988e66e16c5a58ac57f62499b4cb797dff4ab22d4e8,llamp_log10_mic_um,numeric,true,same_frozen_numeric_contract,minimize,log10(uM),1.4650440216064453,1.692129373550415,0.22708535194396973,-0.22708535194396973,true,655a96859d4ca890c9a91630c200d620ad2e7827b716ed196d4a67a69d36d7bb
fgf2,76a75f2a9f0a3aa7048938fbd3982a9f3791d7e06877dce479cd3e9ab38a9e72,masked_substitution,aa863d223df4e12375e9946da26cad06ba4ec79e06e5ad5b0a50633e8b62bf56,primary_parent,33c93d5c40eedd7b584ca988e66e16c5a58ac57f62499b4cb797dff4ab22d4e8,macrel_amp_probability,numeric,true,same_frozen_numeric_contract,maximize,probability,0.267,0.238,-0.029000000000000026,-0.029000000000000026,true,08dab0bca9c0c13f6f4c85dd1a647c295b435c0d238fda4f7cc31e23e222fc75
fgf2,76a75f2a9f0a3aa7048938fbd3982a9f3791d7e06877dce479cd3e9ab38a9e72,masked_substitution,aa863d223df4e12375e9946da26cad06ba4ec79e06e5ad5b0a50633e8b62bf56,primary_parent,33c93d5c40eedd7b584ca988e66e16c5a58ac57f62499b4cb797dff4ab22d4e8,macrel_hemolysis_label,categorical,true,same_frozen_label_contract,audit,label,low,low,,,false,32557a76554aec0bdd21f5fd7235cc952199ed4822eec9045572d647bcfd14fc
fgf2,76a75f2a9f0a3aa7048938fbd3982a9f3791d7e06877dce479cd3e9ab38a9e72,masked_substitution,aa863d223df4e12375e9946da26cad06ba4ec79e06e5ad5b0a50633e8b62bf56,primary_parent,33c93d5c40eedd7b584ca988e66e16c5a58ac57f62499b4cb797dff4ab22d4e8,macrel_hemolysis_probability,numeric,true,same_frozen_numeric_contract,minimize,probability,0.396,0.376,-0.020000000000000018,0.020000000000000018,true,1e2b03d446d8a182826c876c6ed3a4ef032d26e88dceb9da2f68299c9d28441d
fgf2,76a75f2a9f0a3aa7048938fbd3982a9f3791d7e06877dce479cd3e9ab38a9e72,masked_substitution,aa863d223df4e12375e9946da26cad06ba4ec79e06e5ad5b0a50633e8b62bf56,primary_parent,33c93d5c40eedd7b584ca988e66e16c5a58ac57f62499b4cb797dff4ab22d4e8,maximum_hydrophobic_run,numeric,true,same_frozen_numeric_contract,minimize,residues,1.0,1.0,0.0,-0.0,false,b7e4d89d5b481ca5c5c7bf2871882a282bc2f7a2b957a4bff079d29fa904b390
fgf2,76a75f2a9f0a3aa7048938fbd3982a9f3791d7e06877dce479cd3e9ab38a9e72,masked_substitution,aa863d223df4e12375e9946da26cad06ba4ec79e06e5ad5b0a50633e8b62bf56,primary_parent,33c93d5c40eedd7b584ca988e66e16c5a58ac57f62499b4cb797dff4ab22d4e8,net_charge_ph7_4,numeric,false,audit_metric_has_no_monotonic_improvement_direction,audit,elementary_charge,6.986,6.986,0.0,,false,d284e1d320566a57a62cdc50eb3da99e8993b50cfc94f16762c4d2b911d8479f
fgf2,76a75f2a9f0a3aa7048938fbd3982a9f3791d7e06877dce479cd3e9ab38a9e72,masked_substitution,aa863d223df4e12375e9946da26cad06ba4ec79e06e5ad5b0a50633e8b62bf56,primary_parent,33c93d5c40eedd7b584ca988e66e16c5a58ac57f62499b4cb797dff4ab22d4e8,toxinpred3_hybrid_score,numeric,true,same_frozen_numeric_contract,minimize,dimensionless,0.355,0.315,-0.03999999999999998,0.03999999999999998,true,97f4c53a8ffd265c66a249d17a067e0e58039c695f7624f8ff1d0eb07151b3df
fgf2,76a75f2a9f0a3aa7048938fbd3982a9f3791d7e06877dce479cd3e9ab38a9e72,masked_substitution,aa863d223df4e12375e9946da26cad06ba4ec79e06e5ad5b0a50633e8b62bf56,primary_parent,33c93d5c40eedd7b584ca988e66e16c5a58ac57f62499b4cb797dff4ab22d4e8,toxinpred3_label,categorical,true,same_frozen_label_contract,audit,label,Non-Toxin,Non-Toxin,,,false,c5bee405aeedf78a8e7f653a3bb595531ec2f7ba8c15132711db614e1b071d8f
fgf2,1ccbc164233b975700e4d2ce67a3e51c40eea932dc957dfaea07b41e8077d69e,masked_substitution,7326d1d7ab6da7998f28d16d7a1d2af18b899f044ee79bf3b5a7fc6427fad36e,primary_parent,33c93d5c40eedd7b584ca988e66e16c5a58ac57f62499b4cb797dff4ab22d4e8,amp_read_log10_mic_um,numeric,true,same_frozen_numeric_contract,minimize,log10(uM),1.9308771815866161,1.8373669662017393,-0.0935102153848768,0.0935102153848768,true,4981cfd44608b36967db3b6dfa5bd11b2b0e5f70122f0b8fd1f213f6c790119d
fgf2,1ccbc164233b975700e4d2ce67a3e51c40eea932dc957dfaea07b41e8077d69e,masked_substitution,7326d1d7ab6da7998f28d16d7a1d2af18b899f044ee79bf3b5a7fc6427fad36e,primary_parent,33c93d5c40eedd7b584ca988e66e16c5a58ac57f62499b4cb797dff4ab22d4e8,guruprasad_instability_index,numeric,true,same_frozen_numeric_contract,minimize,index,26.82381,26.82380952380953,-4.7619047194302766e-07,4.7619047194302766e-07,true,04c83196c2af1c2a4855c45757b7ae6cf10f3e130375ff9ecc1d67a8d59605c7
fgf2,1ccbc164233b975700e4d2ce67a3e51c40eea932dc957dfaea07b41e8077d69e,masked_substitution,7326d1d7ab6da7998f28d16d7a1d2af18b899f044ee79bf3b5a7fc6427fad36e,primary_parent,33c93d5c40eedd7b584ca988e66e16c5a58ac57f62499b4cb797dff4ab22d4e8,hydrophobic_moment_eisenberg,numeric,false,audit_metric_has_no_monotonic_improvement_direction,audit,dimensionless,0.20468947573195764,0.2237769705432015,0.01908749481124386,,true,fa8570e13eac590b6184120e1bf599f1f6241873fbd615a0639bbe9251e2083e
fgf2,1ccbc164233b975700e4d2ce67a3e51c40eea932dc957dfaea07b41e8077d69e,masked_substitution,7326d1d7ab6da7998f28d16d7a1d2af18b899f044ee79bf3b5a7fc6427fad36e,primary_parent,33c93d5c40eedd7b584ca988e66e16c5a58ac57f62499b4cb797dff4ab22d4e8,hydrophobic_ratio_modlamp,numeric,false,audit_metric_has_no_monotonic_improvement_direction,audit,fraction,0.09523809523809523,0.09523809523809523,0.0,,false,3f964c1610ef5184962721ef3e357d8738a96cb9da9b2918d4fd8dd9e2905679
fgf2,1ccbc164233b975700e4d2ce67a3e51c40eea932dc957dfaea07b41e8077d69e,masked_substitution,7326d1d7ab6da7998f28d16d7a1d2af18b899f044ee79bf3b5a7fc6427fad36e,primary_parent,33c93d5c40eedd7b584ca988e66e16c5a58ac57f62499b4cb797dff4ab22d4e8,llamp_log10_mic_um,numeric,true,same_frozen_numeric_contract,minimize,log10(uM),1.4650440216064453,1.7523776292800903,0.287333607673645,-0.287333607673645,true,6b0a2446cb87f2621b1ae05530ec3b330bdac601c64aadf7f2edb3280f48e17d
fgf2,1ccbc164233b975700e4d2ce67a3e51c40eea932dc957dfaea07b41e8077d69e,masked_substitution,7326d1d7ab6da7998f28d16d7a1d2af18b899f044ee79bf3b5a7fc6427fad36e,primary_parent,33c93d5c40eedd7b584ca988e66e16c5a58ac57f62499b4cb797dff4ab22d4e8,macrel_amp_probability,numeric,true,same_frozen_numeric_contract,maximize,probability,0.267,0.257,-0.010000000000000009,-0.010000000000000009,true,9eeba8ae1fd0857464aa0b70b2d258ab9b8354350fa797c2b51874616c3f7377
fgf2,1ccbc164233b975700e4d2ce67a3e51c40eea932dc957dfaea07b41e8077d69e,masked_substitution,7326d1d7ab6da7998f28d16d7a1d2af18b899f044ee79bf3b5a7fc6427fad36e,primary_parent,33c93d5c40eedd7b584ca988e66e16c5a58ac57f62499b4cb797dff4ab22d4e8,macrel_hemolysis_label,categorical,true,same_frozen_label_contract,audit,label,low,low,,,false,01719d14b0538edf0a013de037fd2ffc4d6381a59fa5586dbedb79905815d674
fgf2,1ccbc164233b975700e4d2ce67a3e51c40eea932dc957dfaea07b41e8077d69e,masked_substitution,7326d1d7ab6da7998f28d16d7a1d2af18b899f044ee79bf3b5a7fc6427fad36e,primary_parent,33c93d5c40eedd7b584ca988e66e16c5a58ac57f62499b4cb797dff4ab22d4e8,macrel_hemolysis_probability,numeric,true,same_frozen_numeric_contract,minimize,probability,0.396,0.406,0.010000000000000009,-0.010000000000000009,true,1e081c1fd94075e5fffba0ae36909a2c0618d54e84766121dac9165313618eb3
fgf2,1ccbc164233b975700e4d2ce67a3e51c40eea932dc957dfaea07b41e8077d69e,masked_substitution,7326d1d7ab6da7998f28d16d7a1d2af18b899f044ee79bf3b5a7fc6427fad36e,primary_parent,33c93d5c40eedd7b584ca988e66e16c5a58ac57f62499b4cb797dff4ab22d4e8,maximum_hydrophobic_run,numeric,true,same_frozen_numeric_contract,minimize,residues,1.0,1.0,0.0,-0.0,false,3f16abe3eeb22b53775267500c2b9738460ff97e386eea7553056f83f88b7fd3
fgf2,1ccbc164233b975700e4d2ce67a3e51c40eea932dc957dfaea07b41e8077d69e,masked_substitution,7326d1d7ab6da7998f28d16d7a1d2af18b899f044ee79bf3b5a7fc6427fad36e,primary_parent,33c93d5c40eedd7b584ca988e66e16c5a58ac57f62499b4cb797dff4ab22d4e8,net_charge_ph7_4,numeric,false,audit_metric_has_no_monotonic_improvement_direction,audit,elementary_charge,6.986,6.986,0.0,,false,deba4cd0a6e02d1e71aa5ac65799454e3142fcffc7a17f444937dc0cfb714cb4
fgf2,1ccbc164233b975700e4d2ce67a3e51c40eea932dc957dfaea07b41e8077d69e,masked_substitution,7326d1d7ab6da7998f28d16d7a1d2af18b899f044ee79bf3b5a7fc6427fad36e,primary_parent,33c93d5c40eedd7b584ca988e66e16c5a58ac57f62499b4cb797dff4ab22d4e8,toxinpred3_hybrid_score,numeric,true,same_frozen_numeric_contract,minimize,dimensionless,0.355,0.38,0.025000000000000022,-0.025000000000000022,true,2caa81fedad81d265cae9a85567f24215ab9250215d6616651ecf7bd3abe1d52
fgf2,1ccbc164233b975700e4d2ce67a3e51c40eea932dc957dfaea07b41e8077d69e,masked_substitution,7326d1d7ab6da7998f28d16d7a1d2af18b899f044ee79bf3b5a7fc6427fad36e,primary_parent,33c93d5c40eedd7b584ca988e66e16c5a58ac57f62499b4cb797dff4ab22d4e8,toxinpred3_label,categorical,true,same_frozen_label_contract,audit,label,Non-Toxin,Non-Toxin,,,false,2d691c0d8b925fd8827327b035d4af69add44a9a7c85f2292b738045d5845e46
fgf2,865d8d774a7632ff9c52f8a7582156efe69ec21e886e38d512a579c7a0e0ed30,masked_substitution,7f0c1ec828b1168e70d34bc3600fd51511b506ab5e649d705201093e54966eed,primary_parent,33c93d5c40eedd7b584ca988e66e16c5a58ac57f62499b4cb797dff4ab22d4e8,amp_read_log10_mic_um,numeric,true,same_frozen_numeric_contract,minimize,log10(uM),1.9308771815866161,1.7653325137831568,-0.16554466780345933,0.16554466780345933,true,901836d44a5be53d494ab9d7a74b9634525e08a20af3ea563fe5c3f04d21d94d
fgf2,865d8d774a7632ff9c52f8a7582156efe69ec21e886e38d512a579c7a0e0ed30,masked_substitution,7f0c1ec828b1168e70d34bc3600fd51511b506ab5e649d705201093e54966eed,primary_parent,33c93d5c40eedd7b584ca988e66e16c5a58ac57f62499b4cb797dff4ab22d4e8,guruprasad_instability_index,numeric,true,same_frozen_numeric_contract,minimize,index,26.82381,18.771428571428576,-8.052381428571426,8.052381428571426,true,edffb45a86d77492524fb544302a15182aacceef6a6d1d949d8adcbf80718a58
fgf2,865d8d774a7632ff9c52f8a7582156efe69ec21e886e38d512a579c7a0e0ed30,masked_substitution,7f0c1ec828b1168e70d34bc3600fd51511b506ab5e649d705201093e54966eed,primary_parent,33c93d5c40eedd7b584ca988e66e16c5a58ac57f62499b4cb797dff4ab22d4e8,hydrophobic_moment_eisenberg,numeric,false,audit_metric_has_no_monotonic_improvement_direction,audit,dimensionless,0.20468947573195764,0.21435972342638776,0.009670247694430117,,true,984d9d31da4132bca2e9118966589712bf48de441428d5b5310584246b445bbf
fgf2,865d8d774a7632ff9c52f8a7582156efe69ec21e886e38d512a579c7a0e0ed30,masked_substitution,7f0c1ec828b1168e70d34bc3600fd51511b506ab5e649d705201093e54966eed,primary_parent,33c93d5c40eedd7b584ca988e66e16c5a58ac57f62499b4cb797dff4ab22d4e8,hydrophobic_ratio_modlamp,numeric,false,audit_metric_has_no_monotonic_improvement_direction,audit,fraction,0.09523809523809523,0.09523809523809523,0.0,,false,faade420bd3c81c12cd0bc86753a638bf40a40d7800b6d588b26da3d4dd155e1
fgf2,865d8d774a7632ff9c52f8a7582156efe69ec21e886e38d512a579c7a0e0ed30,masked_substitution,7f0c1ec828b1168e70d34bc3600fd51511b506ab5e649d705201093e54966eed,primary_parent,33c93d5c40eedd7b584ca988e66e16c5a58ac57f62499b4cb797dff4ab22d4e8,llamp_log10_mic_um,numeric,true,same_frozen_numeric_contract,minimize,log10(uM),1.4650440216064453,1.7853236198425293,0.320279598236084,-0.320279598236084,true,92ca53ffa74a43302f53514b415b3c12637dba258b378817c55f903088c8ebce
fgf2,865d8d774a7632ff9c52f8a7582156efe69ec21e886e38d512a579c7a0e0ed30,masked_substitution,7f0c1ec828b1168e70d34bc3600fd51511b506ab5e649d705201093e54966eed,primary_parent,33c93d5c40eedd7b584ca988e66e16c5a58ac57f62499b4cb797dff4ab22d4e8,macrel_amp_probability,numeric,true,same_frozen_numeric_contract,maximize,probability,0.267,0.386,0.119,0.119,true,ada8dfc6f8b57095d05ceeadb5f0d9f052a3594c3a930ffe59d5037fdb000743
fgf2,865d8d774a7632ff9c52f8a7582156efe69ec21e886e38d512a579c7a0e0ed30,masked_substitution,7f0c1ec828b1168e70d34bc3600fd51511b506ab5e649d705201093e54966eed,primary_parent,33c93d5c40eedd7b584ca988e66e16c5a58ac57f62499b4cb797dff4ab22d4e8,macrel_hemolysis_label,categorical,true,same_frozen_label_contract,audit,label,low,low,,,false,4047ff86ffb3d7a184a10efae267b99e9c849d6b804edec977940d0c13d992be
fgf2,865d8d774a7632ff9c52f8a7582156efe69ec21e886e38d512a579c7a0e0ed30,masked_substitution,7f0c1ec828b1168e70d34bc3600fd51511b506ab5e649d705201093e54966eed,primary_parent,33c93d5c40eedd7b584ca988e66e16c5a58ac57f62499b4cb797dff4ab22d4e8,macrel_hemolysis_probability,numeric,true,same_frozen_numeric_contract,minimize,probability,0.396,0.386,-0.010000000000000009,0.010000000000000009,true,cf9ea8bc3dc50c2a1cd2ba06e645fd788be89a35ebe2b8281b5b7981a68c0a76
fgf2,865d8d774a7632ff9c52f8a7582156efe69ec21e886e38d512a579c7a0e0ed30,masked_substitution,7f0c1ec828b1168e70d34bc3600fd51511b506ab5e649d705201093e54966eed,primary_parent,33c93d5c40eedd7b584ca988e66e16c5a58ac57f62499b4cb797dff4ab22d4e8,maximum_hydrophobic_run,numeric,true,same_frozen_numeric_contract,minimize,residues,1.0,1.0,0.0,-0.0,false,c5b2806088815e5599b1053d02fb2e40f8fdc6e48476ee743dce85032a2f550d
fgf2,865d8d774a7632ff9c52f8a7582156efe69ec21e886e38d512a579c7a0e0ed30,masked_substitution,7f0c1ec828b1168e70d34bc3600fd51511b506ab5e649d705201093e54966eed,primary_parent,33c93d5c40eedd7b584ca988e66e16c5a58ac57f62499b4cb797dff4ab22d4e8,net_charge_ph7_4,numeric,false,audit_metric_has_no_monotonic_improvement_direction,audit,elementary_charge,6.986,6.984,-0.0019999999999997797,,true,398891923e5f451ca5bc2540c7398b6eed16fc5354d849e75e7cea77786149db
fgf2,865d8d774a7632ff9c52f8a7582156efe69ec21e886e38d512a579c7a0e0ed30,masked_substitution,7f0c1ec828b1168e70d34bc3600fd51511b506ab5e649d705201093e54966eed,primary_parent,33c93d5c40eedd7b584ca988e66e16c5a58ac57f62499b4cb797dff4ab22d4e8,toxinpred3_hybrid_score,numeric,true,same_frozen_numeric_contract,minimize,dimensionless,0.355,0.365,0.010000000000000009,-0.010000000000000009,true,52af326069664f2b23007c0edab93f1bf57c889dee71519dede112cbb1a3b3ba
fgf2,865d8d774a7632ff9c52f8a7582156efe69ec21e886e38d512a579c7a0e0ed30,masked_substitution,7f0c1ec828b1168e70d34bc3600fd51511b506ab5e649d705201093e54966eed,primary_parent,33c93d5c40eedd7b584ca988e66e16c5a58ac57f62499b4cb797dff4ab22d4e8,toxinpred3_label,categorical,true,same_frozen_label_contract,audit,label,Non-Toxin,Non-Toxin,,,false,527212f8ae1dd47edc2e6b96406ee26faa02bdc666ad1a287b76506cc3357276
fgf2,e5791be119dfced79ccb050cc28c1c51ac60ef652aaec06c81d794b46b5d384d,masked_substitution,538018db09d722ab6a81c3c98e40c80ef0629d502e2c57535fc539dfb82132d5,primary_parent,33c93d5c40eedd7b584ca988e66e16c5a58ac57f62499b4cb797dff4ab22d4e8,amp_read_log10_mic_um,numeric,true,same_frozen_numeric_contract,minimize,log10(uM),1.9308771815866161,1.8764332223078717,-0.05444395927874446,0.05444395927874446,true,82c27f671e5d7691c51c7f87c1e35e978c566a9be481d67feb51a01ac0484802
fgf2,e5791be119dfced79ccb050cc28c1c51ac60ef652aaec06c81d794b46b5d384d,masked_substitution,538018db09d722ab6a81c3c98e40c80ef0629d502e2c57535fc539dfb82132d5,primary_parent,33c93d5c40eedd7b584ca988e66e16c5a58ac57f62499b4cb797dff4ab22d4e8,guruprasad_instability_index,numeric,true,same_frozen_numeric_contract,minimize,index,26.82381,20.947619047619046,-5.876190952380956,5.876190952380956,true,c821154b6056c96125810463c83714da2f69ca32e710437c1aacfcd370595c63
fgf2,e5791be119dfced79ccb050cc28c1c51ac60ef652aaec06c81d794b46b5d384d,masked_substitution,538018db09d722ab6a81c3c98e40c80ef0629d502e2c57535fc539dfb82132d5,primary_parent,33c93d5c40eedd7b584ca988e66e16c5a58ac57f62499b4cb797dff4ab22d4e8,hydrophobic_moment_eisenberg,numeric,false,audit_metric_has_no_monotonic_improvement_direction,audit,dimensionless,0.20468947573195764,0.058537608372530595,-0.14615186735942703,,true,97b5e730b9d825c9ad7e02c940126eb73584d367a6020c17d5a07dfa9ee66052
fgf2,e5791be119dfced79ccb050cc28c1c51ac60ef652aaec06c81d794b46b5d384d,masked_substitution,538018db09d722ab6a81c3c98e40c80ef0629d502e2c57535fc539dfb82132d5,primary_parent,33c93d5c40eedd7b584ca988e66e16c5a58ac57f62499b4cb797dff4ab22d4e8,hydrophobic_ratio_modlamp,numeric,false,audit_metric_has_no_monotonic_improvement_direction,audit,fraction,0.09523809523809523,0.14285714285714285,0.047619047619047616,,true,1f236370e5eb65f0637a1951ec738dc72a5502cf433f8f76041703edc17437ea
fgf2,e5791be119dfced79ccb050cc28c1c51ac60ef652aaec06c81d794b46b5d384d,masked_substitution,538018db09d722ab6a81c3c98e40c80ef0629d502e2c57535fc539dfb82132d5,primary_parent,33c93d5c40eedd7b584ca988e66e16c5a58ac57f62499b4cb797dff4ab22d4e8,llamp_log10_mic_um,numeric,true,same_frozen_numeric_contract,minimize,log10(uM),1.4650440216064453,1.7038239240646362,0.23877990245819092,-0.23877990245819092,true,dace3d02d53f9819faa9a18408879d789ef39cdaa5442381c450d1d5bd1dbb7b
fgf2,e5791be119dfced79ccb050cc28c1c51ac60ef652aaec06c81d794b46b5d384d,masked_substitution,538018db09d722ab6a81c3c98e40c80ef0629d502e2c57535fc539dfb82132d5,primary_parent,33c93d5c40eedd7b584ca988e66e16c5a58ac57f62499b4cb797dff4ab22d4e8,macrel_amp_probability,numeric,true,same_frozen_numeric_contract,maximize,probability,0.267,0.248,-0.019000000000000017,-0.019000000000000017,true,6754ab3f7f3e7fecd3805a4e45df3afffd394d2c03657e1f378a07daadb286dc
fgf2,e5791be119dfced79ccb050cc28c1c51ac60ef652aaec06c81d794b46b5d384d,masked_substitution,538018db09d722ab6a81c3c98e40c80ef0629d502e2c57535fc539dfb82132d5,primary_parent,33c93d5c40eedd7b584ca988e66e16c5a58ac57f62499b4cb797dff4ab22d4e8,macrel_hemolysis_label,categorical,true,same_frozen_label_contract,audit,label,low,low,,,false,1df1c38f34663ee223c6bdb1a5fe1a6885610891063fdf1930bf7317cc4997d9
fgf2,e5791be119dfced79ccb050cc28c1c51ac60ef652aaec06c81d794b46b5d384d,masked_substitution,538018db09d722ab6a81c3c98e40c80ef0629d502e2c57535fc539dfb82132d5,primary_parent,33c93d5c40eedd7b584ca988e66e16c5a58ac57f62499b4cb797dff4ab22d4e8,macrel_hemolysis_probability,numeric,true,same_frozen_numeric_contract,minimize,probability,0.396,0.317,-0.07900000000000001,0.07900000000000001,true,9e8f381f6f711afe2c9fb37b8168edafad3b89733c2775f56df6a920fb9b2d74
fgf2,e5791be119dfced79ccb050cc28c1c51ac60ef652aaec06c81d794b46b5d384d,masked_substitution,538018db09d722ab6a81c3c98e40c80ef0629d502e2c57535fc539dfb82132d5,primary_parent,33c93d5c40eedd7b584ca988e66e16c5a58ac57f62499b4cb797dff4ab22d4e8,maximum_hydrophobic_run,numeric,true,same_frozen_numeric_contract,minimize,residues,1.0,1.0,0.0,-0.0,false,b69c32b36873350e3878f668ca53d444c19d9345e5b94c91480435755f224498
fgf2,e5791be119dfced79ccb050cc28c1c51ac60ef652aaec06c81d794b46b5d384d,masked_substitution,538018db09d722ab6a81c3c98e40c80ef0629d502e2c57535fc539dfb82132d5,primary_parent,33c93d5c40eedd7b584ca988e66e16c5a58ac57f62499b4cb797dff4ab22d4e8,net_charge_ph7_4,numeric,false,audit_metric_has_no_monotonic_improvement_direction,audit,elementary_charge,6.986,5.986,-1.0,,true,58e76781e666688796f53d80b23913d0f47b3f088e203b3b1458f9bbdc6d8fe6
fgf2,e5791be119dfced79ccb050cc28c1c51ac60ef652aaec06c81d794b46b5d384d,masked_substitution,538018db09d722ab6a81c3c98e40c80ef0629d502e2c57535fc539dfb82132d5,primary_parent,33c93d5c40eedd7b584ca988e66e16c5a58ac57f62499b4cb797dff4ab22d4e8,toxinpred3_hybrid_score,numeric,true,same_frozen_numeric_contract,minimize,dimensionless,0.355,0.335,-0.019999999999999962,0.019999999999999962,true,4b0e3982136a471722831056e40b06e8798e255c2017684576fbb2f0461201c1
fgf2,e5791be119dfced79ccb050cc28c1c51ac60ef652aaec06c81d794b46b5d384d,masked_substitution,538018db09d722ab6a81c3c98e40c80ef0629d502e2c57535fc539dfb82132d5,primary_parent,33c93d5c40eedd7b584ca988e66e16c5a58ac57f62499b4cb797dff4ab22d4e8,toxinpred3_label,categorical,true,same_frozen_label_contract,audit,label,Non-Toxin,Non-Toxin,,,false,e1f3cf76661e280e5f6e017c62d2d15828e445cb117d523be06e884a553a6fe4
fgf2,6bc0e0348337bef8c1c679d03d8a85cfbb717b271489953695a9e36cef0ada59,masked_substitution,9841ff441746c46be3c5c43cf4b802ecf87c3da9f2a132b50b72079a32c5b2c5,primary_parent,33c93d5c40eedd7b584ca988e66e16c5a58ac57f62499b4cb797dff4ab22d4e8,amp_read_log10_mic_um,numeric,true,same_frozen_numeric_contract,minimize,log10(uM),1.9308771815866161,1.860547540739304,-0.07032964084731219,0.07032964084731219,true,f2c8e06ae4e6c7189ff741ced1ae9e34a5b0787ba1df91fa3746e2eddf73951e
fgf2,6bc0e0348337bef8c1c679d03d8a85cfbb717b271489953695a9e36cef0ada59,masked_substitution,9841ff441746c46be3c5c43cf4b802ecf87c3da9f2a132b50b72079a32c5b2c5,primary_parent,33c93d5c40eedd7b584ca988e66e16c5a58ac57f62499b4cb797dff4ab22d4e8,guruprasad_instability_index,numeric,true,same_frozen_numeric_contract,minimize,index,26.82381,41.871428571428574,15.047618571428572,-15.047618571428572,true,5008d6e7d52769074fafd3108ee7731d1e44189db6dddc372f77dbbf90d5c1d1
fgf2,6bc0e0348337bef8c1c679d03d8a85cfbb717b271489953695a9e36cef0ada59,masked_substitution,9841ff441746c46be3c5c43cf4b802ecf87c3da9f2a132b50b72079a32c5b2c5,primary_parent,33c93d5c40eedd7b584ca988e66e16c5a58ac57f62499b4cb797dff4ab22d4e8,hydrophobic_moment_eisenberg,numeric,false,audit_metric_has_no_monotonic_improvement_direction,audit,dimensionless,0.20468947573195764,0.026586242820061237,-0.1781032329118964,,true,dc358a1ea74a57450e8502148317b4ce25754253b63fdf7783b050df5c4cbf73
fgf2,6bc0e0348337bef8c1c679d03d8a85cfbb717b271489953695a9e36cef0ada59,masked_substitution,9841ff441746c46be3c5c43cf4b802ecf87c3da9f2a132b50b72079a32c5b2c5,primary_parent,33c93d5c40eedd7b584ca988e66e16c5a58ac57f62499b4cb797dff4ab22d4e8,hydrophobic_ratio_modlamp,numeric,false,audit_metric_has_no_monotonic_improvement_direction,audit,fraction,0.09523809523809523,0.14285714285714285,0.047619047619047616,,true,2f92093b21d2f381e7c03f16f1bbfd68eeb4852e746b876be552c572610236d8
fgf2,6bc0e0348337bef8c1c679d03d8a85cfbb717b271489953695a9e36cef0ada59,masked_substitution,9841ff441746c46be3c5c43cf4b802ecf87c3da9f2a132b50b72079a32c5b2c5,primary_parent,33c93d5c40eedd7b584ca988e66e16c5a58ac57f62499b4cb797dff4ab22d4e8,llamp_log10_mic_um,numeric,true,same_frozen_numeric_contract,minimize,log10(uM),1.4650440216064453,1.416676640510559,-0.04836738109588623,0.04836738109588623,true,931fa02b9888418949dc5540ea1307630d60db7bcbe8263ca604a0b4c2ed766d
fgf2,6bc0e0348337bef8c1c679d03d8a85cfbb717b271489953695a9e36cef0ada59,masked_substitution,9841ff441746c46be3c5c43cf4b802ecf87c3da9f2a132b50b72079a32c5b2c5,primary_parent,33c93d5c40eedd7b584ca988e66e16c5a58ac57f62499b4cb797dff4ab22d4e8,macrel_amp_probability,numeric,true,same_frozen_numeric_contract,maximize,probability,0.267,0.228,-0.03900000000000001,-0.03900000000000001,true,6288536a8e49cdc71f582e0be2095291685959ce3b04b7772134ed6c4a041370
fgf2,6bc0e0348337bef8c1c679d03d8a85cfbb717b271489953695a9e36cef0ada59,masked_substitution,9841ff441746c46be3c5c43cf4b802ecf87c3da9f2a132b50b72079a32c5b2c5,primary_parent,33c93d5c40eedd7b584ca988e66e16c5a58ac57f62499b4cb797dff4ab22d4e8,macrel_hemolysis_label,categorical,true,same_frozen_label_contract,audit,label,low,low,,,false,c0d0e5557396ef8dca903234bcee4070f895bc31145ed7e64cd803dde7e9bea2
fgf2,6bc0e0348337bef8c1c679d03d8a85cfbb717b271489953695a9e36cef0ada59,masked_substitution,9841ff441746c46be3c5c43cf4b802ecf87c3da9f2a132b50b72079a32c5b2c5,primary_parent,33c93d5c40eedd7b584ca988e66e16c5a58ac57f62499b4cb797dff4ab22d4e8,macrel_hemolysis_probability,numeric,true,same_frozen_numeric_contract,minimize,probability,0.396,0.337,-0.059,0.059,true,f354032884ee66103eca6c7b7a0bed61d58426249bcf1305d9e6bcc781568606
fgf2,6bc0e0348337bef8c1c679d03d8a85cfbb717b271489953695a9e36cef0ada59,masked_substitution,9841ff441746c46be3c5c43cf4b802ecf87c3da9f2a132b50b72079a32c5b2c5,primary_parent,33c93d5c40eedd7b584ca988e66e16c5a58ac57f62499b4cb797dff4ab22d4e8,maximum_hydrophobic_run,numeric,true,same_frozen_numeric_contract,minimize,residues,1.0,1.0,0.0,-0.0,false,43a623bd74d1f21d534b89d813325d3c3e413854f808d3289d73d7dfaea1a91c
fgf2,6bc0e0348337bef8c1c679d03d8a85cfbb717b271489953695a9e36cef0ada59,masked_substitution,9841ff441746c46be3c5c43cf4b802ecf87c3da9f2a132b50b72079a32c5b2c5,primary_parent,33c93d5c40eedd7b584ca988e66e16c5a58ac57f62499b4cb797dff4ab22d4e8,net_charge_ph7_4,numeric,false,audit_metric_has_no_monotonic_improvement_direction,audit,elementary_charge,6.986,5.986,-1.0,,true,8f01efb44363f39c3005be5508656eabde4054396748842d8338cd970ba556c0
fgf2,6bc0e0348337bef8c1c679d03d8a85cfbb717b271489953695a9e36cef0ada59,masked_substitution,9841ff441746c46be3c5c43cf4b802ecf87c3da9f2a132b50b72079a32c5b2c5,primary_parent,33c93d5c40eedd7b584ca988e66e16c5a58ac57f62499b4cb797dff4ab22d4e8,toxinpred3_hybrid_score,numeric,true,same_frozen_numeric_contract,minimize,dimensionless,0.355,0.34,-0.014999999999999958,0.014999999999999958,true,c005306785e299508bb6c9cf9a2a8a10fd2a3c359166ed3aa5ba603c075a17c3
fgf2,6bc0e0348337bef8c1c679d03d8a85cfbb717b271489953695a9e36cef0ada59,masked_substitution,9841ff441746c46be3c5c43cf4b802ecf87c3da9f2a132b50b72079a32c5b2c5,primary_parent,33c93d5c40eedd7b584ca988e66e16c5a58ac57f62499b4cb797dff4ab22d4e8,toxinpred3_label,categorical,true,same_frozen_label_contract,audit,label,Non-Toxin,Non-Toxin,,,false,c12b3274789611a8ddc8751e926728af51da1636c5887c1bb6364c823db0a8c2
fgf2,c57048bfb3ad532b3140ad2aa627c1b8be43126702a0102c049808d66bad1291,masked_substitution,e08d36628ae27a8c44461dd17550a554b913f9dcc02863b88a88e59d094ef180,primary_parent,33c93d5c40eedd7b584ca988e66e16c5a58ac57f62499b4cb797dff4ab22d4e8,amp_read_log10_mic_um,numeric,true,same_frozen_numeric_contract,minimize,log10(uM),1.9308771815866161,1.878915310895368,-0.051961870691248135,0.051961870691248135,true,e51f1c5054080751248f8aa12e11785fd55ea981617609353a8f1730b93179e9
fgf2,c57048bfb3ad532b3140ad2aa627c1b8be43126702a0102c049808d66bad1291,masked_substitution,e08d36628ae27a8c44461dd17550a554b913f9dcc02863b88a88e59d094ef180,primary_parent,33c93d5c40eedd7b584ca988e66e16c5a58ac57f62499b4cb797dff4ab22d4e8,guruprasad_instability_index,numeric,true,same_frozen_numeric_contract,minimize,index,26.82381,20.947619047619046,-5.876190952380956,5.876190952380956,true,073371c6936a81e3d355d76f1190baabdbb9271fe9656321d23a342137e262ed
fgf2,c57048bfb3ad532b3140ad2aa627c1b8be43126702a0102c049808d66bad1291,masked_substitution,e08d36628ae27a8c44461dd17550a554b913f9dcc02863b88a88e59d094ef180,primary_parent,33c93d5c40eedd7b584ca988e66e16c5a58ac57f62499b4cb797dff4ab22d4e8,hydrophobic_moment_eisenberg,numeric,false,audit_metric_has_no_monotonic_improvement_direction,audit,dimensionless,0.20468947573195764,0.03776749362266364,-0.166921982109294,,true,768adb23d15a42414ce209c12731eb55b567d58efd330f55d32251788d28f291
fgf2,c57048bfb3ad532b3140ad2aa627c1b8be43126702a0102c049808d66bad1291,masked_substitution,e08d36628ae27a8c44461dd17550a554b913f9dcc02863b88a88e59d094ef180,primary_parent,33c93d5c40eedd7b584ca988e66e16c5a58ac57f62499b4cb797dff4ab22d4e8,hydrophobic_ratio_modlamp,numeric,false,audit_metric_has_no_monotonic_improvement_direction,audit,fraction,0.09523809523809523,0.14285714285714285,0.047619047619047616,,true,31d58ad759630c7c9b06af4c1b3d1c502c0730c7cbcd5ae727a3b6bb5a84ae8a
fgf2,c57048bfb3ad532b3140ad2aa627c1b8be43126702a0102c049808d66bad1291,masked_substitution,e08d36628ae27a8c44461dd17550a554b913f9dcc02863b88a88e59d094ef180,primary_parent,33c93d5c40eedd7b584ca988e66e16c5a58ac57f62499b4cb797dff4ab22d4e8,llamp_log10_mic_um,numeric,true,same_frozen_numeric_contract,minimize,log10(uM),1.4650440216064453,1.369954228401184,-0.09508979320526123,0.09508979320526123,true,bc2e8135793d7c63f099c354cae89cdae13a7fa34399a373ceec3ce1d5fb4fc8
fgf2,c57048bfb3ad532b3140ad2aa627c1b8be43126702a0102c049808d66bad1291,masked_substitution,e08d36628ae27a8c44461dd17550a554b913f9dcc02863b88a88e59d094ef180,primary_parent,33c93d5c40eedd7b584ca988e66e16c5a58ac57f62499b4cb797dff4ab22d4e8,macrel_amp_probability,numeric,true,same_frozen_numeric_contract,maximize,probability,0.267,0.248,-0.019000000000000017,-0.019000000000000017,true,2afd94c263880a03fd7255cff12721a8a500a0a8d0621157848c8642a55fcfb1
fgf2,c57048bfb3ad532b3140ad2aa627c1b8be43126702a0102c049808d66bad1291,masked_substitution,e08d36628ae27a8c44461dd17550a554b913f9dcc02863b88a88e59d094ef180,primary_parent,33c93d5c40eedd7b584ca988e66e16c5a58ac57f62499b4cb797dff4ab22d4e8,macrel_hemolysis_label,categorical,true,same_frozen_label_contract,audit,label,low,low,,,false,3918b9fccf7b55565b503533774d6c9447d7b61c99fd02af0225d237144d5494
fgf2,c57048bfb3ad532b3140ad2aa627c1b8be43126702a0102c049808d66bad1291,masked_substitution,e08d36628ae27a8c44461dd17550a554b913f9dcc02863b88a88e59d094ef180,primary_parent,33c93d5c40eedd7b584ca988e66e16c5a58ac57f62499b4cb797dff4ab22d4e8,macrel_hemolysis_probability,numeric,true,same_frozen_numeric_contract,minimize,probability,0.396,0.366,-0.030000000000000027,0.030000000000000027,true,75fdf7c9e244a6ae613463aba6a3d19be95d51cb6a51b41647c55d598e5fcc8e
fgf2,c57048bfb3ad532b3140ad2aa627c1b8be43126702a0102c049808d66bad1291,masked_substitution,e08d36628ae27a8c44461dd17550a554b913f9dcc02863b88a88e59d094ef180,primary_parent,33c93d5c40eedd7b584ca988e66e16c5a58ac57f62499b4cb797dff4ab22d4e8,maximum_hydrophobic_run,numeric,true,same_frozen_numeric_contract,minimize,residues,1.0,1.0,0.0,-0.0,false,048198698177271a1822af3cc02b87dab10ceab9dda301883adf50e1d16d3f29
fgf2,c57048bfb3ad532b3140ad2aa627c1b8be43126702a0102c049808d66bad1291,masked_substitution,e08d36628ae27a8c44461dd17550a554b913f9dcc02863b88a88e59d094ef180,primary_parent,33c93d5c40eedd7b584ca988e66e16c5a58ac57f62499b4cb797dff4ab22d4e8,net_charge_ph7_4,numeric,false,audit_metric_has_no_monotonic_improvement_direction,audit,elementary_charge,6.986,5.986,-1.0,,true,52cbc2134bd174d48a7a207ff69333353e37a47366713e133051ded9a8d8db06
fgf2,c57048bfb3ad532b3140ad2aa627c1b8be43126702a0102c049808d66bad1291,masked_substitution,e08d36628ae27a8c44461dd17550a554b913f9dcc02863b88a88e59d094ef180,primary_parent,33c93d5c40eedd7b584ca988e66e16c5a58ac57f62499b4cb797dff4ab22d4e8,toxinpred3_hybrid_score,numeric,true,same_frozen_numeric_contract,minimize,dimensionless,0.355,0.36,0.0050000000000000044,-0.0050000000000000044,true,489dd08fa4b2b64fb51a51de89f063339a005aaf9eeb33251426b22a59c4619e
fgf2,c57048bfb3ad532b3140ad2aa627c1b8be43126702a0102c049808d66bad1291,masked_substitution,e08d36628ae27a8c44461dd17550a554b913f9dcc02863b88a88e59d094ef180,primary_parent,33c93d5c40eedd7b584ca988e66e16c5a58ac57f62499b4cb797dff4ab22d4e8,toxinpred3_label,categorical,true,same_frozen_label_contract,audit,label,Non-Toxin,Non-Toxin,,,false,b5b85e9cea38752016a15d93872330b51c89416e367f331d5a7ccf614ab7dcb6
fgf2,d4c19fb3c2c3103d687035644792224e8bd7bbe5282949603d7fb8878ef572d9,masked_substitution,10ea11030743e9951828cc8a93cc3fe5c726167c490528c7998d22444760f495,primary_parent,33c93d5c40eedd7b584ca988e66e16c5a58ac57f62499b4cb797dff4ab22d4e8,amp_read_log10_mic_um,numeric,true,same_frozen_numeric_contract,minimize,log10(uM),1.9308771815866161,1.781161143063468,-0.1497160385231482,0.1497160385231482,true,0620de1092383d2003d043559c242d4f8f5fbcf69f491e42a3d32059116b4d3b
fgf2,d4c19fb3c2c3103d687035644792224e8bd7bbe5282949603d7fb8878ef572d9,masked_substitution,10ea11030743e9951828cc8a93cc3fe5c726167c490528c7998d22444760f495,primary_parent,33c93d5c40eedd7b584ca988e66e16c5a58ac57f62499b4cb797dff4ab22d4e8,guruprasad_instability_index,numeric,true,same_frozen_numeric_contract,minimize,index,26.82381,20.947619047619046,-5.876190952380956,5.876190952380956,true,c14fb7d90baf3ca7320acb5dc872b5ad18b70b9392d1015811b7f057220ccaf3
fgf2,d4c19fb3c2c3103d687035644792224e8bd7bbe5282949603d7fb8878ef572d9,masked_substitution,10ea11030743e9951828cc8a93cc3fe5c726167c490528c7998d22444760f495,primary_parent,33c93d5c40eedd7b584ca988e66e16c5a58ac57f62499b4cb797dff4ab22d4e8,hydrophobic_moment_eisenberg,numeric,false,audit_metric_has_no_monotonic_improvement_direction,audit,dimensionless,0.20468947573195764,0.03776749362266364,-0.166921982109294,,true,00a52922e832fb330cc2328f5bdcb7a262656a811d06969ff51d6fd49db8c520
fgf2,d4c19fb3c2c3103d687035644792224e8bd7bbe5282949603d7fb8878ef572d9,masked_substitution,10ea11030743e9951828cc8a93cc3fe5c726167c490528c7998d22444760f495,primary_parent,33c93d5c40eedd7b584ca988e66e16c5a58ac57f62499b4cb797dff4ab22d4e8,hydrophobic_ratio_modlamp,numeric,false,audit_metric_has_no_monotonic_improvement_direction,audit,fraction,0.09523809523809523,0.14285714285714285,0.047619047619047616,,true,079fdc538d0a0e8c50d359853bb1892ef808c02403ad05f0847a4c258a71ea0d
fgf2,d4c19fb3c2c3103d687035644792224e8bd7bbe5282949603d7fb8878ef572d9,masked_substitution,10ea11030743e9951828cc8a93cc3fe5c726167c490528c7998d22444760f495,primary_parent,33c93d5c40eedd7b584ca988e66e16c5a58ac57f62499b4cb797dff4ab22d4e8,llamp_log10_mic_um,numeric,true,same_frozen_numeric_contract,minimize,log10(uM),1.4650440216064453,1.3666702508926392,-0.09837377071380615,0.09837377071380615,true,cade6770b94886747855123359c05fddb1241156b523e961381dd426c722a1a5
fgf2,d4c19fb3c2c3103d687035644792224e8bd7bbe5282949603d7fb8878ef572d9,masked_substitution,10ea11030743e9951828cc8a93cc3fe5c726167c490528c7998d22444760f495,primary_parent,33c93d5c40eedd7b584ca988e66e16c5a58ac57f62499b4cb797dff4ab22d4e8,macrel_amp_probability,numeric,true,same_frozen_numeric_contract,maximize,probability,0.267,0.248,-0.019000000000000017,-0.019000000000000017,true,d739fede0a9269c23c96e32fde0d653fd7cc3be983b235fbaec892f01f102c0b
fgf2,d4c19fb3c2c3103d687035644792224e8bd7bbe5282949603d7fb8878ef572d9,masked_substitution,10ea11030743e9951828cc8a93cc3fe5c726167c490528c7998d22444760f495,primary_parent,33c93d5c40eedd7b584ca988e66e16c5a58ac57f62499b4cb797dff4ab22d4e8,macrel_hemolysis_label,categorical,true,same_frozen_label_contract,audit,label,low,low,,,false,fcd960934fcaac31bcc6237089d32678ec7ffa206b2f775db718e77439fe3685
fgf2,d4c19fb3c2c3103d687035644792224e8bd7bbe5282949603d7fb8878ef572d9,masked_substitution,10ea11030743e9951828cc8a93cc3fe5c726167c490528c7998d22444760f495,primary_parent,33c93d5c40eedd7b584ca988e66e16c5a58ac57f62499b4cb797dff4ab22d4e8,macrel_hemolysis_probability,numeric,true,same_frozen_numeric_contract,minimize,probability,0.396,0.327,-0.069,0.069,true,988978a890a5a26b529cc80243ed7a0e7fefc20f5e5279703ffc62e1ceae7e4f
fgf2,d4c19fb3c2c3103d687035644792224e8bd7bbe5282949603d7fb8878ef572d9,masked_substitution,10ea11030743e9951828cc8a93cc3fe5c726167c490528c7998d22444760f495,primary_parent,33c93d5c40eedd7b584ca988e66e16c5a58ac57f62499b4cb797dff4ab22d4e8,maximum_hydrophobic_run,numeric,true,same_frozen_numeric_contract,minimize,residues,1.0,1.0,0.0,-0.0,false,e6594f5f7af4533f7ac2719b95eb4fe465359019e34ad7ff3c76ff3f092481a8
fgf2,d4c19fb3c2c3103d687035644792224e8bd7bbe5282949603d7fb8878ef572d9,masked_substitution,10ea11030743e9951828cc8a93cc3fe5c726167c490528c7998d22444760f495,primary_parent,33c93d5c40eedd7b584ca988e66e16c5a58ac57f62499b4cb797dff4ab22d4e8,net_charge_ph7_4,numeric,false,audit_metric_has_no_monotonic_improvement_direction,audit,elementary_charge,6.986,5.986,-1.0,,true,b40c9e98accaad6d89cb986277348039c3b0a896f99a7e876dbdbd2f99bf5a54
fgf2,d4c19fb3c2c3103d687035644792224e8bd7bbe5282949603d7fb8878ef572d9,masked_substitution,10ea11030743e9951828cc8a93cc3fe5c726167c490528c7998d22444760f495,primary_parent,33c93d5c40eedd7b584ca988e66e16c5a58ac57f62499b4cb797dff4ab22d4e8,toxinpred3_hybrid_score,numeric,true,same_frozen_numeric_contract,minimize,dimensionless,0.355,0.3,-0.05499999999999999,0.05499999999999999,true,1d81e44b19b7edc4848cc642d97dbf60fc7ec481cc0fdff673fa3ca5475b554b
fgf2,d4c19fb3c2c3103d687035644792224e8bd7bbe5282949603d7fb8878ef572d9,masked_substitution,10ea11030743e9951828cc8a93cc3fe5c726167c490528c7998d22444760f495,primary_parent,33c93d5c40eedd7b584ca988e66e16c5a58ac57f62499b4cb797dff4ab22d4e8,toxinpred3_label,categorical,true,same_frozen_label_contract,audit,label,Non-Toxin,Non-Toxin,,,false,5f9a08cc74822144824d2907f0e7b6310272a07ad8477e1487b3f550a4de8475
fgf2,300fd3780fe0e079f36a191979c202fd17a55220f7c69bfd29b1efd353108ad8,masked_substitution,f2fc1e0b48359d5cd600d6f2c3e2ce3f5c36018c59cc55201e07ce11ac23f3be,primary_parent,33c93d5c40eedd7b584ca988e66e16c5a58ac57f62499b4cb797dff4ab22d4e8,amp_read_log10_mic_um,numeric,true,same_frozen_numeric_contract,minimize,log10(uM),1.9308771815866161,1.854371020509094,-0.07650616107752217,0.07650616107752217,true,8025a1bfe3803d5cf9821238870ab53413da307aa2556e7637c68fa7692f1371
fgf2,300fd3780fe0e079f36a191979c202fd17a55220f7c69bfd29b1efd353108ad8,masked_substitution,f2fc1e0b48359d5cd600d6f2c3e2ce3f5c36018c59cc55201e07ce11ac23f3be,primary_parent,33c93d5c40eedd7b584ca988e66e16c5a58ac57f62499b4cb797dff4ab22d4e8,guruprasad_instability_index,numeric,true,same_frozen_numeric_contract,minimize,index,26.82381,20.947619047619046,-5.876190952380956,5.876190952380956,true,49b20b4e46a99976ed116ad08d148c7beab6edae5e3795a048d2e8e68aec0e9f
fgf2,300fd3780fe0e079f36a191979c202fd17a55220f7c69bfd29b1efd353108ad8,masked_substitution,f2fc1e0b48359d5cd600d6f2c3e2ce3f5c36018c59cc55201e07ce11ac23f3be,primary_parent,33c93d5c40eedd7b584ca988e66e16c5a58ac57f62499b4cb797dff4ab22d4e8,hydrophobic_moment_eisenberg,numeric,false,audit_metric_has_no_monotonic_improvement_direction,audit,dimensionless,0.20468947573195764,0.07491706677565813,-0.12977240895629952,,true,482b8e8ab8aa65888f7905558c9a93ce6d586111fb7bf206ff801b94a583950e
fgf2,300fd3780fe0e079f36a191979c202fd17a55220f7c69bfd29b1efd353108ad8,masked_substitution,f2fc1e0b48359d5cd600d6f2c3e2ce3f5c36018c59cc55201e07ce11ac23f3be,primary_parent,33c93d5c40eedd7b584ca988e66e16c5a58ac57f62499b4cb797dff4ab22d4e8,hydrophobic_ratio_modlamp,numeric,false,audit_metric_has_no_monotonic_improvement_direction,audit,fraction,0.09523809523809523,0.09523809523809523,0.0,,false,f6e3140e3838bfbc1b602827eb2d663e5b4d7affca721cc224bbe9ada86b483e
fgf2,300fd3780fe0e079f36a191979c202fd17a55220f7c69bfd29b1efd353108ad8,masked_substitution,f2fc1e0b48359d5cd600d6f2c3e2ce3f5c36018c59cc55201e07ce11ac23f3be,primary_parent,33c93d5c40eedd7b584ca988e66e16c5a58ac57f62499b4cb797dff4ab22d4e8,llamp_log10_mic_um,numeric,true,same_frozen_numeric_contract,minimize,log10(uM),1.4650440216064453,1.466546893119812,0.0015028715133666992,-0.0015028715133666992,true,92dce0fa017389bc315c5d77eb01048f3912c5b137787b9b006b57d0ad1a4adb
fgf2,300fd3780fe0e079f36a191979c202fd17a55220f7c69bfd29b1efd353108ad8,masked_substitution,f2fc1e0b48359d5cd600d6f2c3e2ce3f5c36018c59cc55201e07ce11ac23f3be,primary_parent,33c93d5c40eedd7b584ca988e66e16c5a58ac57f62499b4cb797dff4ab22d4e8,macrel_amp_probability,numeric,true,same_frozen_numeric_contract,maximize,probability,0.267,0.337,0.07,0.07,true,3ac5a79b577d72b00975aa925ff895491ea65e4b51fbe4c712f72e17a2988343
fgf2,300fd3780fe0e079f36a191979c202fd17a55220f7c69bfd29b1efd353108ad8,masked_substitution,f2fc1e0b48359d5cd600d6f2c3e2ce3f5c36018c59cc55201e07ce11ac23f3be,primary_parent,33c93d5c40eedd7b584ca988e66e16c5a58ac57f62499b4cb797dff4ab22d4e8,macrel_hemolysis_label,categorical,true,same_frozen_label_contract,audit,label,low,low,,,false,cb57fa3c43e4d4e250c51672fa951152b9ad50e76bea7b3ade2db09b5dc30cd8
fgf2,300fd3780fe0e079f36a191979c202fd17a55220f7c69bfd29b1efd353108ad8,masked_substitution,f2fc1e0b48359d5cd600d6f2c3e2ce3f5c36018c59cc55201e07ce11ac23f3be,primary_parent,33c93d5c40eedd7b584ca988e66e16c5a58ac57f62499b4cb797dff4ab22d4e8,macrel_hemolysis_probability,numeric,true,same_frozen_numeric_contract,minimize,probability,0.396,0.376,-0.020000000000000018,0.020000000000000018,true,d6f7a3766a4289d045935c7781ef4de4f50a556da7d657c79e10cfd46b733242
fgf2,300fd3780fe0e079f36a191979c202fd17a55220f7c69bfd29b1efd353108ad8,masked_substitution,f2fc1e0b48359d5cd600d6f2c3e2ce3f5c36018c59cc55201e07ce11ac23f3be,primary_parent,33c93d5c40eedd7b584ca988e66e16c5a58ac57f62499b4cb797dff4ab22d4e8,maximum_hydrophobic_run,numeric,true,same_frozen_numeric_contract,minimize,residues,1.0,1.0,0.0,-0.0,false,a306814c0acb8570f05a2f1b9c816d42316c34fdef76200e588c3ae212c6e5c3
fgf2,300fd3780fe0e079f36a191979c202fd17a55220f7c69bfd29b1efd353108ad8,masked_substitution,f2fc1e0b48359d5cd600d6f2c3e2ce3f5c36018c59cc55201e07ce11ac23f3be,primary_parent,33c93d5c40eedd7b584ca988e66e16c5a58ac57f62499b4cb797dff4ab22d4e8,net_charge_ph7_4,numeric,false,audit_metric_has_no_monotonic_improvement_direction,audit,elementary_charge,6.986,5.984,-1.0019999999999998,,true,545729379188f8245f8d023fbd0fcadcd1b9bbdea65801a4b4bc9f442aec2ac4
fgf2,300fd3780fe0e079f36a191979c202fd17a55220f7c69bfd29b1efd353108ad8,masked_substitution,f2fc1e0b48359d5cd600d6f2c3e2ce3f5c36018c59cc55201e07ce11ac23f3be,primary_parent,33c93d5c40eedd7b584ca988e66e16c5a58ac57f62499b4cb797dff4ab22d4e8,toxinpred3_hybrid_score,numeric,true,same_frozen_numeric_contract,minimize,dimensionless,0.355,0.32,-0.034999999999999976,0.034999999999999976,true,de8c1aa8484a3b865a2f585f5a4250ec7f16e6199b1848661456bf6357562626
fgf2,300fd3780fe0e079f36a191979c202fd17a55220f7c69bfd29b1efd353108ad8,masked_substitution,f2fc1e0b48359d5cd600d6f2c3e2ce3f5c36018c59cc55201e07ce11ac23f3be,primary_parent,33c93d5c40eedd7b584ca988e66e16c5a58ac57f62499b4cb797dff4ab22d4e8,toxinpred3_label,categorical,true,same_frozen_label_contract,audit,label,Non-Toxin,Non-Toxin,,,false,b6da0c6432effea64ab3a7282969eb4efe1008f4208b230dbfc691dbe7f4e888
fgf2,d12f4ba6e8d9b59cf497ce0573d77454b136e62e0a44f450e4a3d93cd9e9c5ac,masked_substitution,8070be531a510663a3f2c8d697fed8d9d0ee8c14e14364a9e9060095233ae9b9,primary_parent,33c93d5c40eedd7b584ca988e66e16c5a58ac57f62499b4cb797dff4ab22d4e8,amp_read_log10_mic_um,numeric,true,same_frozen_numeric_contract,minimize,log10(uM),1.9308771815866161,1.8778028188228035,-0.05307436276381261,0.05307436276381261,true,82dfdfa7fbb3f692f34ee871d3d26e183e30f389b42fde40889396e5abb7d42a
fgf2,d12f4ba6e8d9b59cf497ce0573d77454b136e62e0a44f450e4a3d93cd9e9c5ac,masked_substitution,8070be531a510663a3f2c8d697fed8d9d0ee8c14e14364a9e9060095233ae9b9,primary_parent,33c93d5c40eedd7b584ca988e66e16c5a58ac57f62499b4cb797dff4ab22d4e8,guruprasad_instability_index,numeric,true,same_frozen_numeric_contract,minimize,index,26.82381,24.538095238095238,-2.2857147619047637,2.2857147619047637,true,85d40e37d98ec83715881d790eb8717650828d7ea7c16e1347380205472bf2dd
fgf2,d12f4ba6e8d9b59cf497ce0573d77454b136e62e0a44f450e4a3d93cd9e9c5ac,masked_substitution,8070be531a510663a3f2c8d697fed8d9d0ee8c14e14364a9e9060095233ae9b9,primary_parent,33c93d5c40eedd7b584ca988e66e16c5a58ac57f62499b4cb797dff4ab22d4e8,hydrophobic_moment_eisenberg,numeric,false,audit_metric_has_no_monotonic_improvement_direction,audit,dimensionless,0.20468947573195764,0.2530076343008987,0.04831815856894103,,true,3d2b429e86791b8311b19e50306ca8d89767b4bd8fc287c7f40837c8a766ee13
fgf2,d12f4ba6e8d9b59cf497ce0573d77454b136e62e0a44f450e4a3d93cd9e9c5ac,masked_substitution,8070be531a510663a3f2c8d697fed8d9d0ee8c14e14364a9e9060095233ae9b9,primary_parent,33c93d5c40eedd7b584ca988e66e16c5a58ac57f62499b4cb797dff4ab22d4e8,hydrophobic_ratio_modlamp,numeric,false,audit_metric_has_no_monotonic_improvement_direction,audit,fraction,0.09523809523809523,0.14285714285714285,0.047619047619047616,,true,c117e97fb2315a739928eea79a8968e9fa3d700d689ed656b1d44d2e92b003d2
fgf2,d12f4ba6e8d9b59cf497ce0573d77454b136e62e0a44f450e4a3d93cd9e9c5ac,masked_substitution,8070be531a510663a3f2c8d697fed8d9d0ee8c14e14364a9e9060095233ae9b9,primary_parent,33c93d5c40eedd7b584ca988e66e16c5a58ac57f62499b4cb797dff4ab22d4e8,llamp_log10_mic_um,numeric,true,same_frozen_numeric_contract,minimize,log10(uM),1.4650440216064453,1.4833595752716064,0.018315553665161133,-0.018315553665161133,true,0617a00115c6e6f5835a5fb6e7265f0e75d94eba27d55299cf3d66e0888d3786
fgf2,d12f4ba6e8d9b59cf497ce0573d77454b136e62e0a44f450e4a3d93cd9e9c5ac,masked_substitution,8070be531a510663a3f2c8d697fed8d9d0ee8c14e14364a9e9060095233ae9b9,primary_parent,33c93d5c40eedd7b584ca988e66e16c5a58ac57f62499b4cb797dff4ab22d4e8,macrel_amp_probability,numeric,true,same_frozen_numeric_contract,maximize,probability,0.267,0.248,-0.019000000000000017,-0.019000000000000017,true,f73493fd79c3c221b04a1593819157ab1958bf0fbf873b16a9152285212ad4c6
fgf2,d12f4ba6e8d9b59cf497ce0573d77454b136e62e0a44f450e4a3d93cd9e9c5ac,masked_substitution,8070be531a510663a3f2c8d697fed8d9d0ee8c14e14364a9e9060095233ae9b9,primary_parent,33c93d5c40eedd7b584ca988e66e16c5a58ac57f62499b4cb797dff4ab22d4e8,macrel_hemolysis_label,categorical,true,same_frozen_label_contract,audit,label,low,low,,,false,625999c49f81642278febea833794b23267ce1d3c478ed2fbb4a16241ce8495c
fgf2,d12f4ba6e8d9b59cf497ce0573d77454b136e62e0a44f450e4a3d93cd9e9c5ac,masked_substitution,8070be531a510663a3f2c8d697fed8d9d0ee8c14e14364a9e9060095233ae9b9,primary_parent,33c93d5c40eedd7b584ca988e66e16c5a58ac57f62499b4cb797dff4ab22d4e8,macrel_hemolysis_probability,numeric,true,same_frozen_numeric_contract,minimize,probability,0.396,0.396,0.0,-0.0,false,69f2a08093c736bbbf692bda6facc687a158ce092613c3db4ea832e1b90ed2a0
fgf2,d12f4ba6e8d9b59cf497ce0573d77454b136e62e0a44f450e4a3d93cd9e9c5ac,masked_substitution,8070be531a510663a3f2c8d697fed8d9d0ee8c14e14364a9e9060095233ae9b9,primary_parent,33c93d5c40eedd7b584ca988e66e16c5a58ac57f62499b4cb797dff4ab22d4e8,maximum_hydrophobic_run,numeric,true,same_frozen_numeric_contract,minimize,residues,1.0,1.0,0.0,-0.0,false,6bc8dded995c8595507d281b71e9c2db7f654b7f9f73d92385c51606e8ac2c7b
fgf2,d12f4ba6e8d9b59cf497ce0573d77454b136e62e0a44f450e4a3d93cd9e9c5ac,masked_substitution,8070be531a510663a3f2c8d697fed8d9d0ee8c14e14364a9e9060095233ae9b9,primary_parent,33c93d5c40eedd7b584ca988e66e16c5a58ac57f62499b4cb797dff4ab22d4e8,net_charge_ph7_4,numeric,false,audit_metric_has_no_monotonic_improvement_direction,audit,elementary_charge,6.986,6.986,0.0,,false,1d9029edc6642e246f67bd3d0e7380b7c4fdb62327d910aa1e01f52f937555f6
fgf2,d12f4ba6e8d9b59cf497ce0573d77454b136e62e0a44f450e4a3d93cd9e9c5ac,masked_substitution,8070be531a510663a3f2c8d697fed8d9d0ee8c14e14364a9e9060095233ae9b9,primary_parent,33c93d5c40eedd7b584ca988e66e16c5a58ac57f62499b4cb797dff4ab22d4e8,toxinpred3_hybrid_score,numeric,true,same_frozen_numeric_contract,minimize,dimensionless,0.355,0.35,-0.0050000000000000044,0.0050000000000000044,true,6454004b9dc9b36cfc59f1b578f1fb6389a05d9aebee9a3c8fb071160a228263
fgf2,d12f4ba6e8d9b59cf497ce0573d77454b136e62e0a44f450e4a3d93cd9e9c5ac,masked_substitution,8070be531a510663a3f2c8d697fed8d9d0ee8c14e14364a9e9060095233ae9b9,primary_parent,33c93d5c40eedd7b584ca988e66e16c5a58ac57f62499b4cb797dff4ab22d4e8,toxinpred3_label,categorical,true,same_frozen_label_contract,audit,label,Non-Toxin,Non-Toxin,,,false,6587655bc691eac90a06d75d2c8eb734f4873df16e82ba4714c97c8e08c08baf
fgf2,3cc47916992d6eaf872ae79a39f340f06d16bbc0f44701c76e67fa591011dbb7,masked_substitution,59380079b43d1686696cde80402665423e0f4ce47779f7494848b81916c43f26,primary_parent,33c93d5c40eedd7b584ca988e66e16c5a58ac57f62499b4cb797dff4ab22d4e8,amp_read_log10_mic_um,numeric,true,same_frozen_numeric_contract,minimize,log10(uM),1.9308771815866161,1.8463236983986187,-0.08455348318799749,0.08455348318799749,true,a0b51ab4382176c952ac3e17f51344b54e84d5275b7fe7bc5a3d110664e743e5
fgf2,3cc47916992d6eaf872ae79a39f340f06d16bbc0f44701c76e67fa591011dbb7,masked_substitution,59380079b43d1686696cde80402665423e0f4ce47779f7494848b81916c43f26,primary_parent,33c93d5c40eedd7b584ca988e66e16c5a58ac57f62499b4cb797dff4ab22d4e8,guruprasad_instability_index,numeric,true,same_frozen_numeric_contract,minimize,index,26.82381,24.538095238095238,-2.2857147619047637,2.2857147619047637,true,f452be7eff5f1557a677020b4632993a50a5a832a750f04dbc6151c3ae7747ca
fgf2,3cc47916992d6eaf872ae79a39f340f06d16bbc0f44701c76e67fa591011dbb7,masked_substitution,59380079b43d1686696cde80402665423e0f4ce47779f7494848b81916c43f26,primary_parent,33c93d5c40eedd7b584ca988e66e16c5a58ac57f62499b4cb797dff4ab22d4e8,hydrophobic_moment_eisenberg,numeric,false,audit_metric_has_no_monotonic_improvement_direction,audit,dimensionless,0.20468947573195764,0.24431658070028592,0.039627104968328275,,true,a4f07631d50e250ca9941b378548a3527d92520ee24129ad696cffc22b56d8b8
fgf2,3cc47916992d6eaf872ae79a39f340f06d16bbc0f44701c76e67fa591011dbb7,masked_substitution,59380079b43d1686696cde80402665423e0f4ce47779f7494848b81916c43f26,primary_parent,33c93d5c40eedd7b584ca988e66e16c5a58ac57f62499b4cb797dff4ab22d4e8,hydrophobic_ratio_modlamp,numeric,false,audit_metric_has_no_monotonic_improvement_direction,audit,fraction,0.09523809523809523,0.14285714285714285,0.047619047619047616,,true,da98ce7163b4e2313b6c5b7248fc349b3459ab886c620503bc9f5edcb7cc9275
fgf2,3cc47916992d6eaf872ae79a39f340f06d16bbc0f44701c76e67fa591011dbb7,masked_substitution,59380079b43d1686696cde80402665423e0f4ce47779f7494848b81916c43f26,primary_parent,33c93d5c40eedd7b584ca988e66e16c5a58ac57f62499b4cb797dff4ab22d4e8,llamp_log10_mic_um,numeric,true,same_frozen_numeric_contract,minimize,log10(uM),1.4650440216064453,1.3146649599075317,-0.15037906169891357,0.15037906169891357,true,81be816cb5696a212898c1ae8895520fab5d25d436d751abc20c8acde3c4237a
fgf2,3cc47916992d6eaf872ae79a39f340f06d16bbc0f44701c76e67fa591011dbb7,masked_substitution,59380079b43d1686696cde80402665423e0f4ce47779f7494848b81916c43f26,primary_parent,33c93d5c40eedd7b584ca988e66e16c5a58ac57f62499b4cb797dff4ab22d4e8,macrel_amp_probability,numeric,true,same_frozen_numeric_contract,maximize,probability,0.267,0.228,-0.03900000000000001,-0.03900000000000001,true,dcf852b7ea3804939677215484f6c0292669d14aa30d7a00f2e75c1dd481b816
fgf2,3cc47916992d6eaf872ae79a39f340f06d16bbc0f44701c76e67fa591011dbb7,masked_substitution,59380079b43d1686696cde80402665423e0f4ce47779f7494848b81916c43f26,primary_parent,33c93d5c40eedd7b584ca988e66e16c5a58ac57f62499b4cb797dff4ab22d4e8,macrel_hemolysis_label,categorical,true,same_frozen_label_contract,audit,label,low,low,,,false,f9b41ecba451a9ea34593e05091acc1bd642e8973b8abd8c01daaabe99d6451a
fgf2,3cc47916992d6eaf872ae79a39f340f06d16bbc0f44701c76e67fa591011dbb7,masked_substitution,59380079b43d1686696cde80402665423e0f4ce47779f7494848b81916c43f26,primary_parent,33c93d5c40eedd7b584ca988e66e16c5a58ac57f62499b4cb797dff4ab22d4e8,macrel_hemolysis_probability,numeric,true,same_frozen_numeric_contract,minimize,probability,0.396,0.356,-0.040000000000000036,0.040000000000000036,true,42bbfdb09fded9fd2f74ea5223508a5be58f110326ced0b3632c098a912b1f3f
fgf2,3cc47916992d6eaf872ae79a39f340f06d16bbc0f44701c76e67fa591011dbb7,masked_substitution,59380079b43d1686696cde80402665423e0f4ce47779f7494848b81916c43f26,primary_parent,33c93d5c40eedd7b584ca988e66e16c5a58ac57f62499b4cb797dff4ab22d4e8,maximum_hydrophobic_run,numeric,true,same_frozen_numeric_contract,minimize,residues,1.0,1.0,0.0,-0.0,false,1303432b54fb18e6c2a8031592b537c1b3a685ddb635765f43ae8a9cbb744934
fgf2,3cc47916992d6eaf872ae79a39f340f06d16bbc0f44701c76e67fa591011dbb7,masked_substitution,59380079b43d1686696cde80402665423e0f4ce47779f7494848b81916c43f26,primary_parent,33c93d5c40eedd7b584ca988e66e16c5a58ac57f62499b4cb797dff4ab22d4e8,net_charge_ph7_4,numeric,false,audit_metric_has_no_monotonic_improvement_direction,audit,elementary_charge,6.986,6.986,0.0,,false,5ab980aaf62fa43c7df7b47f460f46f0a864a49f504eddca7ea2ea5cc330d8cb
fgf2,3cc47916992d6eaf872ae79a39f340f06d16bbc0f44701c76e67fa591011dbb7,masked_substitution,59380079b43d1686696cde80402665423e0f4ce47779f7494848b81916c43f26,primary_parent,33c93d5c40eedd7b584ca988e66e16c5a58ac57f62499b4cb797dff4ab22d4e8,toxinpred3_hybrid_score,numeric,true,same_frozen_numeric_contract,minimize,dimensionless,0.355,0.255,-0.09999999999999998,0.09999999999999998,true,72484c7d52a4064c5460503a566b677d11c15b0524dd9841b66c6c670c85dc6b
fgf2,3cc47916992d6eaf872ae79a39f340f06d16bbc0f44701c76e67fa591011dbb7,masked_substitution,59380079b43d1686696cde80402665423e0f4ce47779f7494848b81916c43f26,primary_parent,33c93d5c40eedd7b584ca988e66e16c5a58ac57f62499b4cb797dff4ab22d4e8,toxinpred3_label,categorical,true,same_frozen_label_contract,audit,label,Non-Toxin,Non-Toxin,,,false,67cce24349cce32d0c83b8d423277ded95ab4d6a3d482f5a96c9ed4ffb38286d
fgf2,6f3de02fb3571123447f539811294a1a895aa200fe49028ec28f872fc85810d7,masked_substitution,073d03eec7dcadfab16a4e3445555bdc2c4bc0a1e8e5b6292a6d2e7cbbe60922,primary_parent,33c93d5c40eedd7b584ca988e66e16c5a58ac57f62499b4cb797dff4ab22d4e8,amp_read_log10_mic_um,numeric,true,same_frozen_numeric_contract,minimize,log10(uM),1.9308771815866161,1.820014053628397,-0.11086312795821907,0.11086312795821907,true,888dfd247663efc74f754246b6c489153b7b9ce93d8d0a015299f31ba6e055e3
fgf2,6f3de02fb3571123447f539811294a1a895aa200fe49028ec28f872fc85810d7,masked_substitution,073d03eec7dcadfab16a4e3445555bdc2c4bc0a1e8e5b6292a6d2e7cbbe60922,primary_parent,33c93d5c40eedd7b584ca988e66e16c5a58ac57f62499b4cb797dff4ab22d4e8,guruprasad_instability_index,numeric,true,same_frozen_numeric_contract,minimize,index,26.82381,20.947619047619046,-5.876190952380956,5.876190952380956,true,6a770911245b84c6672577d9678aa4253c53d9d3dc3050ed7d968f622e04324d
fgf2,6f3de02fb3571123447f539811294a1a895aa200fe49028ec28f872fc85810d7,masked_substitution,073d03eec7dcadfab16a4e3445555bdc2c4bc0a1e8e5b6292a6d2e7cbbe60922,primary_parent,33c93d5c40eedd7b584ca988e66e16c5a58ac57f62499b4cb797dff4ab22d4e8,hydrophobic_moment_eisenberg,numeric,false,audit_metric_has_no_monotonic_improvement_direction,audit,dimensionless,0.20468947573195764,0.22306873431753155,0.018379258585573904,,true,7c70eb86d41da314b2b47923a82862ccc575a8fe8172d470005b966dd02ab93d
fgf2,6f3de02fb3571123447f539811294a1a895aa200fe49028ec28f872fc85810d7,masked_substitution,073d03eec7dcadfab16a4e3445555bdc2c4bc0a1e8e5b6292a6d2e7cbbe60922,primary_parent,33c93d5c40eedd7b584ca988e66e16c5a58ac57f62499b4cb797dff4ab22d4e8,hydrophobic_ratio_modlamp,numeric,false,audit_metric_has_no_monotonic_improvement_direction,audit,fraction,0.09523809523809523,0.09523809523809523,0.0,,false,eb9b8baa4f3c00377dae28d1f11e06797363a11bc8d33c4d9103371cea4e4432
fgf2,6f3de02fb3571123447f539811294a1a895aa200fe49028ec28f872fc85810d7,masked_substitution,073d03eec7dcadfab16a4e3445555bdc2c4bc0a1e8e5b6292a6d2e7cbbe60922,primary_parent,33c93d5c40eedd7b584ca988e66e16c5a58ac57f62499b4cb797dff4ab22d4e8,llamp_log10_mic_um,numeric,true,same_frozen_numeric_contract,minimize,log10(uM),1.4650440216064453,1.3343628644943237,-0.13068115711212158,0.13068115711212158,true,e625e080168122a125a65f8ad6db821e9f876113eaf0f83b90c482b63b806f31
fgf2,6f3de02fb3571123447f539811294a1a895aa200fe49028ec28f872fc85810d7,masked_substitution,073d03eec7dcadfab16a4e3445555bdc2c4bc0a1e8e5b6292a6d2e7cbbe60922,primary_parent,33c93d5c40eedd7b584ca988e66e16c5a58ac57f62499b4cb797dff4ab22d4e8,macrel_amp_probability,numeric,true,same_frozen_numeric_contract,maximize,probability,0.267,0.386,0.119,0.119,true,48858a2469b340b70ddec5ad23258339d03d331b7438c69fdebc673c98612aa3
fgf2,6f3de02fb3571123447f539811294a1a895aa200fe49028ec28f872fc85810d7,masked_substitution,073d03eec7dcadfab16a4e3445555bdc2c4bc0a1e8e5b6292a6d2e7cbbe60922,primary_parent,33c93d5c40eedd7b584ca988e66e16c5a58ac57f62499b4cb797dff4ab22d4e8,macrel_hemolysis_label,categorical,true,same_frozen_label_contract,audit,label,low,low,,,false,a7780c21395b4d9c648063865677958cf1376cac7b6a13148cb15d1310a90b0d
fgf2,6f3de02fb3571123447f539811294a1a895aa200fe49028ec28f872fc85810d7,masked_substitution,073d03eec7dcadfab16a4e3445555bdc2c4bc0a1e8e5b6292a6d2e7cbbe60922,primary_parent,33c93d5c40eedd7b584ca988e66e16c5a58ac57f62499b4cb797dff4ab22d4e8,macrel_hemolysis_probability,numeric,true,same_frozen_numeric_contract,minimize,probability,0.396,0.406,0.010000000000000009,-0.010000000000000009,true,56b820cfa6a5fae2b2af1cb06c73cfba7ca8b748d16b303d961c370f83d66466
fgf2,6f3de02fb3571123447f539811294a1a895aa200fe49028ec28f872fc85810d7,masked_substitution,073d03eec7dcadfab16a4e3445555bdc2c4bc0a1e8e5b6292a6d2e7cbbe60922,primary_parent,33c93d5c40eedd7b584ca988e66e16c5a58ac57f62499b4cb797dff4ab22d4e8,maximum_hydrophobic_run,numeric,true,same_frozen_numeric_contract,minimize,residues,1.0,1.0,0.0,-0.0,false,7df500944468e92539a17599bb610961f255e79655b16580a49a883fa606cfe2
fgf2,6f3de02fb3571123447f539811294a1a895aa200fe49028ec28f872fc85810d7,masked_substitution,073d03eec7dcadfab16a4e3445555bdc2c4bc0a1e8e5b6292a6d2e7cbbe60922,primary_parent,33c93d5c40eedd7b584ca988e66e16c5a58ac57f62499b4cb797dff4ab22d4e8,net_charge_ph7_4,numeric,false,audit_metric_has_no_monotonic_improvement_direction,audit,elementary_charge,6.986,6.984,-0.0019999999999997797,,true,b8ecdd25ca4a05717fbdda3e6d919dbbcd9dad4e0b6f87de7347a38df635a02a
fgf2,6f3de02fb3571123447f539811294a1a895aa200fe49028ec28f872fc85810d7,masked_substitution,073d03eec7dcadfab16a4e3445555bdc2c4bc0a1e8e5b6292a6d2e7cbbe60922,primary_parent,33c93d5c40eedd7b584ca988e66e16c5a58ac57f62499b4cb797dff4ab22d4e8,toxinpred3_hybrid_score,numeric,true,same_frozen_numeric_contract,minimize,dimensionless,0.355,0.365,0.010000000000000009,-0.010000000000000009,true,45087f0101dfa67f0e11109b190903f62ec8345bab0b1ab30b8ee2aa23407bb6
fgf2,6f3de02fb3571123447f539811294a1a895aa200fe49028ec28f872fc85810d7,masked_substitution,073d03eec7dcadfab16a4e3445555bdc2c4bc0a1e8e5b6292a6d2e7cbbe60922,primary_parent,33c93d5c40eedd7b584ca988e66e16c5a58ac57f62499b4cb797dff4ab22d4e8,toxinpred3_label,categorical,true,same_frozen_label_contract,audit,label,Non-Toxin,Non-Toxin,,,false,18bc043843a6c05a99ad309a22c2016daab78b7540a3f50995dd4dfa8e14a649
fgf2,108a45398cabebf2d07ba7bee85b1fd0b292c32aa63ac4fd86824c1acf970728,masked_substitution,92482bda74c7ecd05c93ca5de10f50058517c3a9a04af5d29110b005340c256d,primary_parent,33c93d5c40eedd7b584ca988e66e16c5a58ac57f62499b4cb797dff4ab22d4e8,amp_read_log10_mic_um,numeric,true,same_frozen_numeric_contract,minimize,log10(uM),1.9308771815866161,1.8194701167775595,-0.1114070648090566,0.1114070648090566,true,27bae97c2b2e76f32f6525f3e27d092ecac6ed9ba3ee9a637248c58a901bd5d9
fgf2,108a45398cabebf2d07ba7bee85b1fd0b292c32aa63ac4fd86824c1acf970728,masked_substitution,92482bda74c7ecd05c93ca5de10f50058517c3a9a04af5d29110b005340c256d,primary_parent,33c93d5c40eedd7b584ca988e66e16c5a58ac57f62499b4cb797dff4ab22d4e8,guruprasad_instability_index,numeric,true,same_frozen_numeric_contract,minimize,index,26.82381,47.295238095238105,20.471428095238103,-20.471428095238103,true,050e67fe8aec8cd94070affa7f32353fd6f1afa70632256c7b4b70e9c6c01158
fgf2,108a45398cabebf2d07ba7bee85b1fd0b292c32aa63ac4fd86824c1acf970728,masked_substitution,92482bda74c7ecd05c93ca5de10f50058517c3a9a04af5d29110b005340c256d,primary_parent,33c93d5c40eedd7b584ca988e66e16c5a58ac57f62499b4cb797dff4ab22d4e8,hydrophobic_moment_eisenberg,numeric,false,audit_metric_has_no_monotonic_improvement_direction,audit,dimensionless,0.20468947573195764,0.30491805713402625,0.10022858140206861,,true,b942cd2b7804e417a0acc8c85ef6aa20f83ff28d30f03f7a9cc0bb9e747fc882
fgf2,108a45398cabebf2d07ba7bee85b1fd0b292c32aa63ac4fd86824c1acf970728,masked_substitution,92482bda74c7ecd05c93ca5de10f50058517c3a9a04af5d29110b005340c256d,primary_parent,33c93d5c40eedd7b584ca988e66e16c5a58ac57f62499b4cb797dff4ab22d4e8,hydrophobic_ratio_modlamp,numeric,false,audit_metric_has_no_monotonic_improvement_direction,audit,fraction,0.09523809523809523,0.14285714285714285,0.047619047619047616,,true,a53ccef9f044f1b31659acf686379a6bd09e2e03f9a41bc263310a89d98941db
fgf2,108a45398cabebf2d07ba7bee85b1fd0b292c32aa63ac4fd86824c1acf970728,masked_substitution,92482bda74c7ecd05c93ca5de10f50058517c3a9a04af5d29110b005340c256d,primary_parent,33c93d5c40eedd7b584ca988e66e16c5a58ac57f62499b4cb797dff4ab22d4e8,llamp_log10_mic_um,numeric,true,same_frozen_numeric_contract,minimize,log10(uM),1.4650440216064453,1.6888014078140259,0.22375738620758057,-0.22375738620758057,true,b9e91ad8eb2f90a265768ae5c70c0eb6ccc4153b7b02736283bb4bbbb789ee1c
fgf2,108a45398cabebf2d07ba7bee85b1fd0b292c32aa63ac4fd86824c1acf970728,masked_substitution,92482bda74c7ecd05c93ca5de10f50058517c3a9a04af5d29110b005340c256d,primary_parent,33c93d5c40eedd7b584ca988e66e16c5a58ac57f62499b4cb797dff4ab22d4e8,macrel_amp_probability,numeric,true,same_frozen_numeric_contract,maximize,probability,0.267,0.238,-0.029000000000000026,-0.029000000000000026,true,e5aaf5a427e5989b9afac9665f0fde2d4679a0529c51fee859567f545d23f99e
fgf2,108a45398cabebf2d07ba7bee85b1fd0b292c32aa63ac4fd86824c1acf970728,masked_substitution,92482bda74c7ecd05c93ca5de10f50058517c3a9a04af5d29110b005340c256d,primary_parent,33c93d5c40eedd7b584ca988e66e16c5a58ac57f62499b4cb797dff4ab22d4e8,macrel_hemolysis_label,categorical,true,same_frozen_label_contract,audit,label,low,low,,,false,2a31a5f98cba61567da7ea53446a78c76b5c09df35c5b9d2f713f6e07c1f9dc6
fgf2,108a45398cabebf2d07ba7bee85b1fd0b292c32aa63ac4fd86824c1acf970728,masked_substitution,92482bda74c7ecd05c93ca5de10f50058517c3a9a04af5d29110b005340c256d,primary_parent,33c93d5c40eedd7b584ca988e66e16c5a58ac57f62499b4cb797dff4ab22d4e8,macrel_hemolysis_probability,numeric,true,same_frozen_numeric_contract,minimize,probability,0.396,0.465,0.069,-0.069,true,b2aeba1bf8d373e4c9d374fe99264635332ab0272c6dc44a751257074959b051
fgf2,108a45398cabebf2d07ba7bee85b1fd0b292c32aa63ac4fd86824c1acf970728,masked_substitution,92482bda74c7ecd05c93ca5de10f50058517c3a9a04af5d29110b005340c256d,primary_parent,33c93d5c40eedd7b584ca988e66e16c5a58ac57f62499b4cb797dff4ab22d4e8,maximum_hydrophobic_run,numeric,true,same_frozen_numeric_contract,minimize,residues,1.0,1.0,0.0,-0.0,false,d28dc8d416bc489d1bf543baa80a38897397d6942cf8f04d0bbb553671cbb619
fgf2,108a45398cabebf2d07ba7bee85b1fd0b292c32aa63ac4fd86824c1acf970728,masked_substitution,92482bda74c7ecd05c93ca5de10f50058517c3a9a04af5d29110b005340c256d,primary_parent,33c93d5c40eedd7b584ca988e66e16c5a58ac57f62499b4cb797dff4ab22d4e8,net_charge_ph7_4,numeric,false,audit_metric_has_no_monotonic_improvement_direction,audit,elementary_charge,6.986,6.986,0.0,,false,b1ca86b21e9cedd13e205558ea731911f303fb3039ff94ad97bff7e0520a2dee
fgf2,108a45398cabebf2d07ba7bee85b1fd0b292c32aa63ac4fd86824c1acf970728,masked_substitution,92482bda74c7ecd05c93ca5de10f50058517c3a9a04af5d29110b005340c256d,primary_parent,33c93d5c40eedd7b584ca988e66e16c5a58ac57f62499b4cb797dff4ab22d4e8,toxinpred3_hybrid_score,numeric,true,same_frozen_numeric_contract,minimize,dimensionless,0.355,0.38,0.025000000000000022,-0.025000000000000022,true,dce28c54ebdb05fb9a3556982e5f4dfcb9c53d0f347233a7f2fdb961e9ff71c6
fgf2,108a45398cabebf2d07ba7bee85b1fd0b292c32aa63ac4fd86824c1acf970728,masked_substitution,92482bda74c7ecd05c93ca5de10f50058517c3a9a04af5d29110b005340c256d,primary_parent,33c93d5c40eedd7b584ca988e66e16c5a58ac57f62499b4cb797dff4ab22d4e8,toxinpred3_label,categorical,true,same_frozen_label_contract,audit,label,Non-Toxin,Non-Toxin,,,false,b756becf53a783304e1a510c377eb4bdd79c30419f5052de75f09dc5291e45ad
fgf2,b96e1d3075ab6497e7dcc5bd24f58b2e164b32a5ecd53ab69a14bb2546cc4f1c,masked_substitution,05424d7a7ad3083853460f283f0ad26989da756380694773e1d8684ab56fa79a,primary_parent,33c93d5c40eedd7b584ca988e66e16c5a58ac57f62499b4cb797dff4ab22d4e8,amp_read_log10_mic_um,numeric,true,same_frozen_numeric_contract,minimize,log10(uM),1.9308771815866161,1.6987515598888683,-0.23212562169774786,0.23212562169774786,true,187649f081d1de303e66d33728c1f6adb0857133014e5a773440973026e00e5b
fgf2,b96e1d3075ab6497e7dcc5bd24f58b2e164b32a5ecd53ab69a14bb2546cc4f1c,masked_substitution,05424d7a7ad3083853460f283f0ad26989da756380694773e1d8684ab56fa79a,primary_parent,33c93d5c40eedd7b584ca988e66e16c5a58ac57f62499b4cb797dff4ab22d4e8,guruprasad_instability_index,numeric,true,same_frozen_numeric_contract,minimize,index,26.82381,29.042857142857144,2.2190471428571428,-2.2190471428571428,true,810218cfe43c3c47d0f02dc792b85494b7ff057f72aa9652bbab75b0f3bf376d
fgf2,b96e1d3075ab6497e7dcc5bd24f58b2e164b32a5ecd53ab69a14bb2546cc4f1c,masked_substitution,05424d7a7ad3083853460f283f0ad26989da756380694773e1d8684ab56fa79a,primary_parent,33c93d5c40eedd7b584ca988e66e16c5a58ac57f62499b4cb797dff4ab22d4e8,hydrophobic_moment_eisenberg,numeric,false,audit_metric_has_no_monotonic_improvement_direction,audit,dimensionless,0.20468947573195764,0.2912699645953029,0.08658048886334527,,true,4823a212f598189b68593ab7821658c9b8a880618718346080cba1db1e2f29e5
fgf2,b96e1d3075ab6497e7dcc5bd24f58b2e164b32a5ecd53ab69a14bb2546cc4f1c,masked_substitution,05424d7a7ad3083853460f283f0ad26989da756380694773e1d8684ab56fa79a,primary_parent,33c93d5c40eedd7b584ca988e66e16c5a58ac57f62499b4cb797dff4ab22d4e8,hydrophobic_ratio_modlamp,numeric,false,audit_metric_has_no_monotonic_improvement_direction,audit,fraction,0.09523809523809523,0.14285714285714285,0.047619047619047616,,true,e1354a002fe8333cb6d5c336077f3dabc0975028d2d976ead5494fc3d87ecb18
fgf2,b96e1d3075ab6497e7dcc5bd24f58b2e164b32a5ecd53ab69a14bb2546cc4f1c,masked_substitution,05424d7a7ad3083853460f283f0ad26989da756380694773e1d8684ab56fa79a,primary_parent,33c93d5c40eedd7b584ca988e66e16c5a58ac57f62499b4cb797dff4ab22d4e8,llamp_log10_mic_um,numeric,true,same_frozen_numeric_contract,minimize,log10(uM),1.4650440216064453,1.5476113557815552,0.08256733417510986,-0.08256733417510986,true,e7b65ac4d8b67289df3db09be5301eeb452affa77b9fe04ed5994fbe905e3df6
fgf2,b96e1d3075ab6497e7dcc5bd24f58b2e164b32a5ecd53ab69a14bb2546cc4f1c,masked_substitution,05424d7a7ad3083853460f283f0ad26989da756380694773e1d8684ab56fa79a,primary_parent,33c93d5c40eedd7b584ca988e66e16c5a58ac57f62499b4cb797dff4ab22d4e8,macrel_amp_probability,numeric,true,same_frozen_numeric_contract,maximize,probability,0.267,0.248,-0.019000000000000017,-0.019000000000000017,true,1fd4fe71f1f0ef18344bb55dd1ac516db60e0beeb73eff10331eb8c0ff23be6d
fgf2,b96e1d3075ab6497e7dcc5bd24f58b2e164b32a5ecd53ab69a14bb2546cc4f1c,masked_substitution,05424d7a7ad3083853460f283f0ad26989da756380694773e1d8684ab56fa79a,primary_parent,33c93d5c40eedd7b584ca988e66e16c5a58ac57f62499b4cb797dff4ab22d4e8,macrel_hemolysis_label,categorical,true,same_frozen_label_contract,audit,label,low,low,,,false,920cee3dffb2855314bcbf5a09272418189cc7587e9780528596003924717175
fgf2,b96e1d3075ab6497e7dcc5bd24f58b2e164b32a5ecd53ab69a14bb2546cc4f1c,masked_substitution,05424d7a7ad3083853460f283f0ad26989da756380694773e1d8684ab56fa79a,primary_parent,33c93d5c40eedd7b584ca988e66e16c5a58ac57f62499b4cb797dff4ab22d4e8,macrel_hemolysis_probability,numeric,true,same_frozen_numeric_contract,minimize,probability,0.396,0.416,0.019999999999999962,-0.019999999999999962,true,1aabd114a48857098c1d1cf99b79e99919671d1dd44f7d33847b18d50a9173b8
fgf2,b96e1d3075ab6497e7dcc5bd24f58b2e164b32a5ecd53ab69a14bb2546cc4f1c,masked_substitution,05424d7a7ad3083853460f283f0ad26989da756380694773e1d8684ab56fa79a,primary_parent,33c93d5c40eedd7b584ca988e66e16c5a58ac57f62499b4cb797dff4ab22d4e8,maximum_hydrophobic_run,numeric,true,same_frozen_numeric_contract,minimize,residues,1.0,1.0,0.0,-0.0,false,fcde5ee790ca5f3750879c3b6c42522ddeb3a6c1c0c75677b62c39316740924b
fgf2,b96e1d3075ab6497e7dcc5bd24f58b2e164b32a5ecd53ab69a14bb2546cc4f1c,masked_substitution,05424d7a7ad3083853460f283f0ad26989da756380694773e1d8684ab56fa79a,primary_parent,33c93d5c40eedd7b584ca988e66e16c5a58ac57f62499b4cb797dff4ab22d4e8,net_charge_ph7_4,numeric,false,audit_metric_has_no_monotonic_improvement_direction,audit,elementary_charge,6.986,6.986,0.0,,false,51b961bbf40df248b653dad9d64b7eb9bd2341ea5a41ce083533dd42d59e999e
fgf2,b96e1d3075ab6497e7dcc5bd24f58b2e164b32a5ecd53ab69a14bb2546cc4f1c,masked_substitution,05424d7a7ad3083853460f283f0ad26989da756380694773e1d8684ab56fa79a,primary_parent,33c93d5c40eedd7b584ca988e66e16c5a58ac57f62499b4cb797dff4ab22d4e8,toxinpred3_hybrid_score,numeric,true,same_frozen_numeric_contract,minimize,dimensionless,0.355,0.325,-0.02999999999999997,0.02999999999999997,true,e3029cc5d3a29871a07c7f3fa1aa0f9213e777e0415223237f84f950e9a01962
fgf2,b96e1d3075ab6497e7dcc5bd24f58b2e164b32a5ecd53ab69a14bb2546cc4f1c,masked_substitution,05424d7a7ad3083853460f283f0ad26989da756380694773e1d8684ab56fa79a,primary_parent,33c93d5c40eedd7b584ca988e66e16c5a58ac57f62499b4cb797dff4ab22d4e8,toxinpred3_label,categorical,true,same_frozen_label_contract,audit,label,Non-Toxin,Non-Toxin,,,false,14e36401ecd7e5147a1f409b97cdb4826469b55fd399f87028bd17436a098a5c
fgf2,d89d79c92a96f3dd8994cc15cda47b7c0aa767c358ae641f95e42eecc5248069,masked_substitution,4d3e5d7427ad4ab30777e3fa7c23db7b069ab1526cc8f1aa8b86b04355869f74,primary_parent,33c93d5c40eedd7b584ca988e66e16c5a58ac57f62499b4cb797dff4ab22d4e8,amp_read_log10_mic_um,numeric,true,same_frozen_numeric_contract,minimize,log10(uM),1.9308771815866161,1.717057373284948,-0.21381980830166825,0.21381980830166825,true,f21deb78d58efc55d03696a5d15167ef4a2f0ee24fde0a0e779063c0c1a10117
fgf2,d89d79c92a96f3dd8994cc15cda47b7c0aa767c358ae641f95e42eecc5248069,masked_substitution,4d3e5d7427ad4ab30777e3fa7c23db7b069ab1526cc8f1aa8b86b04355869f74,primary_parent,33c93d5c40eedd7b584ca988e66e16c5a58ac57f62499b4cb797dff4ab22d4e8,guruprasad_instability_index,numeric,true,same_frozen_numeric_contract,minimize,index,26.82381,30.414285714285718,3.5904757142857164,-3.5904757142857164,true,4844191b7720714be7e9d023d6ad8cecae8786b97ba9b4262d1169584259897e
fgf2,d89d79c92a96f3dd8994cc15cda47b7c0aa767c358ae641f95e42eecc5248069,masked_substitution,4d3e5d7427ad4ab30777e3fa7c23db7b069ab1526cc8f1aa8b86b04355869f74,primary_parent,33c93d5c40eedd7b584ca988e66e16c5a58ac57f62499b4cb797dff4ab22d4e8,hydrophobic_moment_eisenberg,numeric,false,audit_metric_has_no_monotonic_improvement_direction,audit,dimensionless,0.20468947573195764,0.2534294750652826,0.04873999933332493,,true,3168237263e59122f1ae43a6ec2de748a3212b562dd0e309fdd6ae2134317b4a
fgf2,d89d79c92a96f3dd8994cc15cda47b7c0aa767c358ae641f95e42eecc5248069,masked_substitution,4d3e5d7427ad4ab30777e3fa7c23db7b069ab1526cc8f1aa8b86b04355869f74,primary_parent,33c93d5c40eedd7b584ca988e66e16c5a58ac57f62499b4cb797dff4ab22d4e8,hydrophobic_ratio_modlamp,numeric,false,audit_metric_has_no_monotonic_improvement_direction,audit,fraction,0.09523809523809523,0.09523809523809523,0.0,,false,0aeccd954705a9f2a92d3a81ece1c9dd03dc094203748fe0ec92da98b0190206
fgf2,d89d79c92a96f3dd8994cc15cda47b7c0aa767c358ae641f95e42eecc5248069,masked_substitution,4d3e5d7427ad4ab30777e3fa7c23db7b069ab1526cc8f1aa8b86b04355869f74,primary_parent,33c93d5c40eedd7b584ca988e66e16c5a58ac57f62499b4cb797dff4ab22d4e8,llamp_log10_mic_um,numeric,true,same_frozen_numeric_contract,minimize,log10(uM),1.4650440216064453,1.546170949935913,0.08112692832946777,-0.08112692832946777,true,152a2d300a761dcd3907734ded016e8d01e068543762490b4ec6f666a1a9ad98
fgf2,d89d79c92a96f3dd8994cc15cda47b7c0aa767c358ae641f95e42eecc5248069,masked_substitution,4d3e5d7427ad4ab30777e3fa7c23db7b069ab1526cc8f1aa8b86b04355869f74,primary_parent,33c93d5c40eedd7b584ca988e66e16c5a58ac57f62499b4cb797dff4ab22d4e8,macrel_amp_probability,numeric,true,same_frozen_numeric_contract,maximize,probability,0.267,0.366,0.09899999999999998,0.09899999999999998,true,7600a711b20f87218c3fbca985fbf3a18f50b73787b5f1a62ed760e597a2e508
fgf2,d89d79c92a96f3dd8994cc15cda47b7c0aa767c358ae641f95e42eecc5248069,masked_substitution,4d3e5d7427ad4ab30777e3fa7c23db7b069ab1526cc8f1aa8b86b04355869f74,primary_parent,33c93d5c40eedd7b584ca988e66e16c5a58ac57f62499b4cb797dff4ab22d4e8,macrel_hemolysis_label,categorical,true,same_frozen_label_contract,audit,label,low,low,,,false,d30fe767568921fbfc8f654ce9e0be913d7a0220abd62e5ff90180976777920f
fgf2,d89d79c92a96f3dd8994cc15cda47b7c0aa767c358ae641f95e42eecc5248069,masked_substitution,4d3e5d7427ad4ab30777e3fa7c23db7b069ab1526cc8f1aa8b86b04355869f74,primary_parent,33c93d5c40eedd7b584ca988e66e16c5a58ac57f62499b4cb797dff4ab22d4e8,macrel_hemolysis_probability,numeric,true,same_frozen_numeric_contract,minimize,probability,0.396,0.406,0.010000000000000009,-0.010000000000000009,true,8deb826cf07049262e901f9f7858733fbe1bccb85a54ffaca7ddd4befde06e60
fgf2,d89d79c92a96f3dd8994cc15cda47b7c0aa767c358ae641f95e42eecc5248069,masked_substitution,4d3e5d7427ad4ab30777e3fa7c23db7b069ab1526cc8f1aa8b86b04355869f74,primary_parent,33c93d5c40eedd7b584ca988e66e16c5a58ac57f62499b4cb797dff4ab22d4e8,maximum_hydrophobic_run,numeric,true,same_frozen_numeric_contract,minimize,residues,1.0,1.0,0.0,-0.0,false,02360b187a8f95da90d18f0f357a3adb4fc0867c740a7a829f6e34dc358f7ddf
fgf2,d89d79c92a96f3dd8994cc15cda47b7c0aa767c358ae641f95e42eecc5248069,masked_substitution,4d3e5d7427ad4ab30777e3fa7c23db7b069ab1526cc8f1aa8b86b04355869f74,primary_parent,33c93d5c40eedd7b584ca988e66e16c5a58ac57f62499b4cb797dff4ab22d4e8,net_charge_ph7_4,numeric,false,audit_metric_has_no_monotonic_improvement_direction,audit,elementary_charge,6.986,6.984,-0.0019999999999997797,,true,c5517a9283838f592a82a8e0adab297dd90bc9b5a2c8ca55cd3cbab8ef8c55b2
fgf2,d89d79c92a96f3dd8994cc15cda47b7c0aa767c358ae641f95e42eecc5248069,masked_substitution,4d3e5d7427ad4ab30777e3fa7c23db7b069ab1526cc8f1aa8b86b04355869f74,primary_parent,33c93d5c40eedd7b584ca988e66e16c5a58ac57f62499b4cb797dff4ab22d4e8,toxinpred3_hybrid_score,numeric,true,same_frozen_numeric_contract,minimize,dimensionless,0.355,0.34,-0.014999999999999958,0.014999999999999958,true,be54e3b39acae8c0a5cedd1db4f1491ecd248a6410ba57bcc711e5371ce6b7ca
fgf2,d89d79c92a96f3dd8994cc15cda47b7c0aa767c358ae641f95e42eecc5248069,masked_substitution,4d3e5d7427ad4ab30777e3fa7c23db7b069ab1526cc8f1aa8b86b04355869f74,primary_parent,33c93d5c40eedd7b584ca988e66e16c5a58ac57f62499b4cb797dff4ab22d4e8,toxinpred3_label,categorical,true,same_frozen_label_contract,audit,label,Non-Toxin,Non-Toxin,,,false,6645cb812bc23943638199b9e4eb2282d6702f1b6ad10e64a3916a1120fee192
fgf2,d326125a38eafdac91e13b0c01cbabcc26c626ae11e3a34754a6c73f6ed765a4,masked_substitution,9351958dc601c2f0c4c2252d0716ea2760f4f08fa1a775e0f15c4b5f42c7976f,primary_parent,33c93d5c40eedd7b584ca988e66e16c5a58ac57f62499b4cb797dff4ab22d4e8,amp_read_log10_mic_um,numeric,true,same_frozen_numeric_contract,minimize,log10(uM),1.9308771815866161,1.7159859997014297,-0.2148911818851864,0.2148911818851864,true,6089047431cf9b25ff3102c142a59fa6f5b36ca31c0051a5c8f31e9552449f52
fgf2,d326125a38eafdac91e13b0c01cbabcc26c626ae11e3a34754a6c73f6ed765a4,masked_substitution,9351958dc601c2f0c4c2252d0716ea2760f4f08fa1a775e0f15c4b5f42c7976f,primary_parent,33c93d5c40eedd7b584ca988e66e16c5a58ac57f62499b4cb797dff4ab22d4e8,guruprasad_instability_index,numeric,true,same_frozen_numeric_contract,minimize,index,26.82381,21.861904761904764,-4.9619052380952375,4.9619052380952375,true,ea37bdb49d11c7cd719ac9d22b4dcad20c64c0150e7469fb7c80e801d4007eca
fgf2,d326125a38eafdac91e13b0c01cbabcc26c626ae11e3a34754a6c73f6ed765a4,masked_substitution,9351958dc601c2f0c4c2252d0716ea2760f4f08fa1a775e0f15c4b5f42c7976f,primary_parent,33c93d5c40eedd7b584ca988e66e16c5a58ac57f62499b4cb797dff4ab22d4e8,hydrophobic_moment_eisenberg,numeric,false,audit_metric_has_no_monotonic_improvement_direction,audit,dimensionless,0.20468947573195764,0.1667694955089773,-0.03791998022298035,,true,34986a06c1511666409c7251bd85bc47c46ec13f245203873ed630006fa2cf4d
fgf2,d326125a38eafdac91e13b0c01cbabcc26c626ae11e3a34754a6c73f6ed765a4,masked_substitution,9351958dc601c2f0c4c2252d0716ea2760f4f08fa1a775e0f15c4b5f42c7976f,primary_parent,33c93d5c40eedd7b584ca988e66e16c5a58ac57f62499b4cb797dff4ab22d4e8,hydrophobic_ratio_modlamp,numeric,false,audit_metric_has_no_monotonic_improvement_direction,audit,fraction,0.09523809523809523,0.14285714285714285,0.047619047619047616,,true,d840412da6e61013a4a78400cec926a786c0e9a2087385cdc218dcb8d422e307
fgf2,d326125a38eafdac91e13b0c01cbabcc26c626ae11e3a34754a6c73f6ed765a4,masked_substitution,9351958dc601c2f0c4c2252d0716ea2760f4f08fa1a775e0f15c4b5f42c7976f,primary_parent,33c93d5c40eedd7b584ca988e66e16c5a58ac57f62499b4cb797dff4ab22d4e8,llamp_log10_mic_um,numeric,true,same_frozen_numeric_contract,minimize,log10(uM),1.4650440216064453,1.5057522058486938,0.040708184242248535,-0.040708184242248535,true,7b5dc26948924879564fa37eaba1a13e3a23c460e3566c503acecf83e1b62eaa
fgf2,d326125a38eafdac91e13b0c01cbabcc26c626ae11e3a34754a6c73f6ed765a4,masked_substitution,9351958dc601c2f0c4c2252d0716ea2760f4f08fa1a775e0f15c4b5f42c7976f,primary_parent,33c93d5c40eedd7b584ca988e66e16c5a58ac57f62499b4cb797dff4ab22d4e8,macrel_amp_probability,numeric,true,same_frozen_numeric_contract,maximize,probability,0.267,0.257,-0.010000000000000009,-0.010000000000000009,true,9087daed5a91c22b97c3466a6ef2ee76a9bf46917874814e1cd09200220ecee9
fgf2,d326125a38eafdac91e13b0c01cbabcc26c626ae11e3a34754a6c73f6ed765a4,masked_substitution,9351958dc601c2f0c4c2252d0716ea2760f4f08fa1a775e0f15c4b5f42c7976f,primary_parent,33c93d5c40eedd7b584ca988e66e16c5a58ac57f62499b4cb797dff4ab22d4e8,macrel_hemolysis_label,categorical,true,same_frozen_label_contract,audit,label,low,low,,,false,83d3e3b9269e479a342be6400948f1872a14fa96ded2b0493694137b528057a0
fgf2,d326125a38eafdac91e13b0c01cbabcc26c626ae11e3a34754a6c73f6ed765a4,masked_substitution,9351958dc601c2f0c4c2252d0716ea2760f4f08fa1a775e0f15c4b5f42c7976f,primary_parent,33c93d5c40eedd7b584ca988e66e16c5a58ac57f62499b4cb797dff4ab22d4e8,macrel_hemolysis_probability,numeric,true,same_frozen_numeric_contract,minimize,probability,0.396,0.356,-0.040000000000000036,0.040000000000000036,true,369bb50f87dfd3b078ff4d45e0d237a28ab01561c1d748b70072dd0b359c4668
fgf2,d326125a38eafdac91e13b0c01cbabcc26c626ae11e3a34754a6c73f6ed765a4,masked_substitution,9351958dc601c2f0c4c2252d0716ea2760f4f08fa1a775e0f15c4b5f42c7976f,primary_parent,33c93d5c40eedd7b584ca988e66e16c5a58ac57f62499b4cb797dff4ab22d4e8,maximum_hydrophobic_run,numeric,true,same_frozen_numeric_contract,minimize,residues,1.0,1.0,0.0,-0.0,false,6d68b743c8d9217c12e734cd33f18c8a376e88c7ca620f14911ce4e487e52a20
fgf2,d326125a38eafdac91e13b0c01cbabcc26c626ae11e3a34754a6c73f6ed765a4,masked_substitution,9351958dc601c2f0c4c2252d0716ea2760f4f08fa1a775e0f15c4b5f42c7976f,primary_parent,33c93d5c40eedd7b584ca988e66e16c5a58ac57f62499b4cb797dff4ab22d4e8,net_charge_ph7_4,numeric,false,audit_metric_has_no_monotonic_improvement_direction,audit,elementary_charge,6.986,5.987,-0.9989999999999997,,true,47c51528f3d7c58319a9a3554b4f708b41a8aed04aeb002f46e105ec864dc9ec
fgf2,d326125a38eafdac91e13b0c01cbabcc26c626ae11e3a34754a6c73f6ed765a4,masked_substitution,9351958dc601c2f0c4c2252d0716ea2760f4f08fa1a775e0f15c4b5f42c7976f,primary_parent,33c93d5c40eedd7b584ca988e66e16c5a58ac57f62499b4cb797dff4ab22d4e8,toxinpred3_hybrid_score,numeric,true,same_frozen_numeric_contract,minimize,dimensionless,0.355,0.305,-0.04999999999999999,0.04999999999999999,true,3344de029ddc2027b6220040dd4f8ff2ba67408ad0350e1a70f71150b6a448c4
fgf2,d326125a38eafdac91e13b0c01cbabcc26c626ae11e3a34754a6c73f6ed765a4,masked_substitution,9351958dc601c2f0c4c2252d0716ea2760f4f08fa1a775e0f15c4b5f42c7976f,primary_parent,33c93d5c40eedd7b584ca988e66e16c5a58ac57f62499b4cb797dff4ab22d4e8,toxinpred3_label,categorical,true,same_frozen_label_contract,audit,label,Non-Toxin,Non-Toxin,,,false,2bf58cbd154d1c2a2b912daeaad02de09bc512af62beefa6be5681fc7ec82806
fgf2,dad6a10523c922eb6ac2db9c6b5749859782fb7bbe4fb55ca7dfdca07f6c7122,masked_substitution,1c289d3cd7409a3aeecaaae969f1602c8ed2f42dfed98032327373c3f5c0ad0f,primary_parent,33c93d5c40eedd7b584ca988e66e16c5a58ac57f62499b4cb797dff4ab22d4e8,amp_read_log10_mic_um,numeric,true,same_frozen_numeric_contract,minimize,log10(uM),1.9308771815866161,1.6062077620464006,-0.32466941954021555,0.32466941954021555,true,3d8a15b875ba13079863ede937c14e79c298a6edd756f72b820e8ef09d451756
fgf2,dad6a10523c922eb6ac2db9c6b5749859782fb7bbe4fb55ca7dfdca07f6c7122,masked_substitution,1c289d3cd7409a3aeecaaae969f1602c8ed2f42dfed98032327373c3f5c0ad0f,primary_parent,33c93d5c40eedd7b584ca988e66e16c5a58ac57f62499b4cb797dff4ab22d4e8,guruprasad_instability_index,numeric,true,same_frozen_numeric_contract,minimize,index,26.82381,23.233333333333334,-3.5904766666666674,3.5904766666666674,true,2b855e34692f6aa1ea2cc7b8588c3486c00300c6d2b61513aa915d402f740f61
fgf2,dad6a10523c922eb6ac2db9c6b5749859782fb7bbe4fb55ca7dfdca07f6c7122,masked_substitution,1c289d3cd7409a3aeecaaae969f1602c8ed2f42dfed98032327373c3f5c0ad0f,primary_parent,33c93d5c40eedd7b584ca988e66e16c5a58ac57f62499b4cb797dff4ab22d4e8,hydrophobic_moment_eisenberg,numeric,false,audit_metric_has_no_monotonic_improvement_direction,audit,dimensionless,0.20468947573195764,0.17032455412224323,-0.03436492160971441,,true,ea7bc76c48c3729dbc438d663008b8e84cad3f26a724000b5e52f2283266ff51
fgf2,dad6a10523c922eb6ac2db9c6b5749859782fb7bbe4fb55ca7dfdca07f6c7122,masked_substitution,1c289d3cd7409a3aeecaaae969f1602c8ed2f42dfed98032327373c3f5c0ad0f,primary_parent,33c93d5c40eedd7b584ca988e66e16c5a58ac57f62499b4cb797dff4ab22d4e8,hydrophobic_ratio_modlamp,numeric,false,audit_metric_has_no_monotonic_improvement_direction,audit,fraction,0.09523809523809523,0.09523809523809523,0.0,,false,5c8449a09869e037177169104951cc278b9dd0327870cbb4da64bcad17b75133
fgf2,dad6a10523c922eb6ac2db9c6b5749859782fb7bbe4fb55ca7dfdca07f6c7122,masked_substitution,1c289d3cd7409a3aeecaaae969f1602c8ed2f42dfed98032327373c3f5c0ad0f,primary_parent,33c93d5c40eedd7b584ca988e66e16c5a58ac57f62499b4cb797dff4ab22d4e8,llamp_log10_mic_um,numeric,true,same_frozen_numeric_contract,minimize,log10(uM),1.4650440216064453,1.5730773210525513,0.10803329944610596,-0.10803329944610596,true,c2f886f1e2953cec089f94fa83de6fc14bd884c3fa0470987c17330171630d9e
fgf2,dad6a10523c922eb6ac2db9c6b5749859782fb7bbe4fb55ca7dfdca07f6c7122,masked_substitution,1c289d3cd7409a3aeecaaae969f1602c8ed2f42dfed98032327373c3f5c0ad0f,primary_parent,33c93d5c40eedd7b584ca988e66e16c5a58ac57f62499b4cb797dff4ab22d4e8,macrel_amp_probability,numeric,true,same_frozen_numeric_contract,maximize,probability,0.267,0.347,0.07999999999999996,0.07999999999999996,true,7e317a945b8453bc6ae24322f6df4f6cce051befd7da006ce646e95746b44b3d
fgf2,dad6a10523c922eb6ac2db9c6b5749859782fb7bbe4fb55ca7dfdca07f6c7122,masked_substitution,1c289d3cd7409a3aeecaaae969f1602c8ed2f42dfed98032327373c3f5c0ad0f,primary_parent,33c93d5c40eedd7b584ca988e66e16c5a58ac57f62499b4cb797dff4ab22d4e8,macrel_hemolysis_label,categorical,true,same_frozen_label_contract,audit,label,low,low,,,false,8d09b6f077d578b630dd8b15817a734c0e0fb7b8f5c5a375db835c3595ed95d1
fgf2,dad6a10523c922eb6ac2db9c6b5749859782fb7bbe4fb55ca7dfdca07f6c7122,masked_substitution,1c289d3cd7409a3aeecaaae969f1602c8ed2f42dfed98032327373c3f5c0ad0f,primary_parent,33c93d5c40eedd7b584ca988e66e16c5a58ac57f62499b4cb797dff4ab22d4e8,macrel_hemolysis_probability,numeric,true,same_frozen_numeric_contract,minimize,probability,0.396,0.386,-0.010000000000000009,0.010000000000000009,true,462118262ed137928f8e3bb9c87b8e9ddb7c3d12230ac99d5e9eb8f7157c44ee
fgf2,dad6a10523c922eb6ac2db9c6b5749859782fb7bbe4fb55ca7dfdca07f6c7122,masked_substitution,1c289d3cd7409a3aeecaaae969f1602c8ed2f42dfed98032327373c3f5c0ad0f,primary_parent,33c93d5c40eedd7b584ca988e66e16c5a58ac57f62499b4cb797dff4ab22d4e8,maximum_hydrophobic_run,numeric,true,same_frozen_numeric_contract,minimize,residues,1.0,1.0,0.0,-0.0,false,2dbe8270fd198cac0ad88d5b38e184312a21daf46a360e16e28076d1c214d26c
fgf2,dad6a10523c922eb6ac2db9c6b5749859782fb7bbe4fb55ca7dfdca07f6c7122,masked_substitution,1c289d3cd7409a3aeecaaae969f1602c8ed2f42dfed98032327373c3f5c0ad0f,primary_parent,33c93d5c40eedd7b584ca988e66e16c5a58ac57f62499b4cb797dff4ab22d4e8,net_charge_ph7_4,numeric,false,audit_metric_has_no_monotonic_improvement_direction,audit,elementary_charge,6.986,5.985,-1.0009999999999994,,true,21c025acc5ef32f007aea5d96108054aecc963e366f1f399fd5882cc9f24b33f
fgf2,dad6a10523c922eb6ac2db9c6b5749859782fb7bbe4fb55ca7dfdca07f6c7122,masked_substitution,1c289d3cd7409a3aeecaaae969f1602c8ed2f42dfed98032327373c3f5c0ad0f,primary_parent,33c93d5c40eedd7b584ca988e66e16c5a58ac57f62499b4cb797dff4ab22d4e8,toxinpred3_hybrid_score,numeric,true,same_frozen_numeric_contract,minimize,dimensionless,0.355,0.305,-0.04999999999999999,0.04999999999999999,true,6ef1baab4349aea68d1ed545c5eb84029c63fe8e914774b89f7092318914c71d
fgf2,dad6a10523c922eb6ac2db9c6b5749859782fb7bbe4fb55ca7dfdca07f6c7122,masked_substitution,1c289d3cd7409a3aeecaaae969f1602c8ed2f42dfed98032327373c3f5c0ad0f,primary_parent,33c93d5c40eedd7b584ca988e66e16c5a58ac57f62499b4cb797dff4ab22d4e8,toxinpred3_label,categorical,true,same_frozen_label_contract,audit,label,Non-Toxin,Non-Toxin,,,false,38ae918a4ac8df870ea3660e5951ecb40f5c6baf9e5b861acc0a5dd3a216f774
fgf2,dd3785166d018d3e7508c5d487c5dd776806942228b65bed6359a3caf973023a,masked_substitution,86ebbe01991137130d60be91400223179f5b10df55c11eda0fb4125b3d77c6cb,primary_parent,33c93d5c40eedd7b584ca988e66e16c5a58ac57f62499b4cb797dff4ab22d4e8,amp_read_log10_mic_um,numeric,true,same_frozen_numeric_contract,minimize,log10(uM),1.9308771815866161,1.837867061877421,-0.09301011970919504,0.09301011970919504,true,26188f8c9de0e321250d94abf94f135cd76ad507b7d91a29aba012ebdfe021b2
fgf2,dd3785166d018d3e7508c5d487c5dd776806942228b65bed6359a3caf973023a,masked_substitution,86ebbe01991137130d60be91400223179f5b10df55c11eda0fb4125b3d77c6cb,primary_parent,33c93d5c40eedd7b584ca988e66e16c5a58ac57f62499b4cb797dff4ab22d4e8,guruprasad_instability_index,numeric,true,same_frozen_numeric_contract,minimize,index,26.82381,26.82380952380953,-4.7619047194302766e-07,4.7619047194302766e-07,true,9cb0d6156931e9a826d575af52e386a5e26090cb940c4686ff59c05a3c9a54e4
fgf2,dd3785166d018d3e7508c5d487c5dd776806942228b65bed6359a3caf973023a,masked_substitution,86ebbe01991137130d60be91400223179f5b10df55c11eda0fb4125b3d77c6cb,primary_parent,33c93d5c40eedd7b584ca988e66e16c5a58ac57f62499b4cb797dff4ab22d4e8,hydrophobic_moment_eisenberg,numeric,false,audit_metric_has_no_monotonic_improvement_direction,audit,dimensionless,0.20468947573195764,0.15201640049821707,-0.05267307523374057,,true,0e6ab495f6863d08b17e70a9052f91793dc728398c5840f2dce46699e80cfea2
fgf2,dd3785166d018d3e7508c5d487c5dd776806942228b65bed6359a3caf973023a,masked_substitution,86ebbe01991137130d60be91400223179f5b10df55c11eda0fb4125b3d77c6cb,primary_parent,33c93d5c40eedd7b584ca988e66e16c5a58ac57f62499b4cb797dff4ab22d4e8,hydrophobic_ratio_modlamp,numeric,false,audit_metric_has_no_monotonic_improvement_direction,audit,fraction,0.09523809523809523,0.14285714285714285,0.047619047619047616,,true,fd208d831e7025f196602f8315fb64ebee9ad68925c0c7d0628597acf2b3942f
fgf2,dd3785166d018d3e7508c5d487c5dd776806942228b65bed6359a3caf973023a,masked_substitution,86ebbe01991137130d60be91400223179f5b10df55c11eda0fb4125b3d77c6cb,primary_parent,33c93d5c40eedd7b584ca988e66e16c5a58ac57f62499b4cb797dff4ab22d4e8,llamp_log10_mic_um,numeric,true,same_frozen_numeric_contract,minimize,log10(uM),1.4650440216064453,1.5238350629806519,0.05879104137420654,-0.05879104137420654,true,bd019e9f72798d395d36419f1ac74232051704bcc31f13ab0f584356cfa5fe9b
fgf2,dd3785166d018d3e7508c5d487c5dd776806942228b65bed6359a3caf973023a,masked_substitution,86ebbe01991137130d60be91400223179f5b10df55c11eda0fb4125b3d77c6cb,primary_parent,33c93d5c40eedd7b584ca988e66e16c5a58ac57f62499b4cb797dff4ab22d4e8,macrel_amp_probability,numeric,true,same_frozen_numeric_contract,maximize,probability,0.267,0.248,-0.019000000000000017,-0.019000000000000017,true,7de1eee9b6ff346242f829407790f8e1ce59edc075f056911bbe6a5e96e44c63
fgf2,dd3785166d018d3e7508c5d487c5dd776806942228b65bed6359a3caf973023a,masked_substitution,86ebbe01991137130d60be91400223179f5b10df55c11eda0fb4125b3d77c6cb,primary_parent,33c93d5c40eedd7b584ca988e66e16c5a58ac57f62499b4cb797dff4ab22d4e8,macrel_hemolysis_label,categorical,true,same_frozen_label_contract,audit,label,low,low,,,false,3d54f36d6a1dd6b9d7f9ab1b7f81beab6fc178d8efa1233899826858c477df25
fgf2,dd3785166d018d3e7508c5d487c5dd776806942228b65bed6359a3caf973023a,masked_substitution,86ebbe01991137130d60be91400223179f5b10df55c11eda0fb4125b3d77c6cb,primary_parent,33c93d5c40eedd7b584ca988e66e16c5a58ac57f62499b4cb797dff4ab22d4e8,macrel_hemolysis_probability,numeric,true,same_frozen_numeric_contract,minimize,probability,0.396,0.327,-0.069,0.069,true,6b1bb9ddf649d9351c3f5fe28277c4e06a139a27ea89c644078ee826047f5696
fgf2,dd3785166d018d3e7508c5d487c5dd776806942228b65bed6359a3caf973023a,masked_substitution,86ebbe01991137130d60be91400223179f5b10df55c11eda0fb4125b3d77c6cb,primary_parent,33c93d5c40eedd7b584ca988e66e16c5a58ac57f62499b4cb797dff4ab22d4e8,maximum_hydrophobic_run,numeric,true,same_frozen_numeric_contract,minimize,residues,1.0,1.0,0.0,-0.0,false,5afa9dff253d46471a9d35d7f9727bd2af9797134b84789a08b2fde866989d1b
fgf2,dd3785166d018d3e7508c5d487c5dd776806942228b65bed6359a3caf973023a,masked_substitution,86ebbe01991137130d60be91400223179f5b10df55c11eda0fb4125b3d77c6cb,primary_parent,33c93d5c40eedd7b584ca988e66e16c5a58ac57f62499b4cb797dff4ab22d4e8,net_charge_ph7_4,numeric,false,audit_metric_has_no_monotonic_improvement_direction,audit,elementary_charge,6.986,5.987,-0.9989999999999997,,true,921aad348d5458fe9c1f368368f9d4874589bc224bfc24eafb5946c5614feb6f
fgf2,dd3785166d018d3e7508c5d487c5dd776806942228b65bed6359a3caf973023a,masked_substitution,86ebbe01991137130d60be91400223179f5b10df55c11eda0fb4125b3d77c6cb,primary_parent,33c93d5c40eedd7b584ca988e66e16c5a58ac57f62499b4cb797dff4ab22d4e8,toxinpred3_hybrid_score,numeric,true,same_frozen_numeric_contract,minimize,dimensionless,0.355,0.0,-0.355,0.355,true,b0080c6e2fe4c96b6b40fa03f67d8a1255c7e507c45a9d5c4680d7adf7a80648
fgf2,dd3785166d018d3e7508c5d487c5dd776806942228b65bed6359a3caf973023a,masked_substitution,86ebbe01991137130d60be91400223179f5b10df55c11eda0fb4125b3d77c6cb,primary_parent,33c93d5c40eedd7b584ca988e66e16c5a58ac57f62499b4cb797dff4ab22d4e8,toxinpred3_label,categorical,true,same_frozen_label_contract,audit,label,Non-Toxin,Non-Toxin,,,false,6b442f84f6fd65de052b8d08d0cc7b96d3de8cc096a10b51dc1a523fb23b3f39
fgf2,7edaf3a5de4b3a2cd1f6d6868eef3857d455b204d65cab168a7251e7c4c521fc,masked_substitution,1924badb8cc12a4b93f1f7fab003132ed8bdceb1e135c10ca53ed9838884b97f,primary_parent,33c93d5c40eedd7b584ca988e66e16c5a58ac57f62499b4cb797dff4ab22d4e8,amp_read_log10_mic_um,numeric,true,same_frozen_numeric_contract,minimize,log10(uM),1.9308771815866161,1.8817452510840416,-0.04913193050257458,0.04913193050257458,true,0ced611c7124ae0edcba825ea9f1e6dd11738bc501e166e28b4a0d60cfcfe3bf
fgf2,7edaf3a5de4b3a2cd1f6d6868eef3857d455b204d65cab168a7251e7c4c521fc,masked_substitution,1924badb8cc12a4b93f1f7fab003132ed8bdceb1e135c10ca53ed9838884b97f,primary_parent,33c93d5c40eedd7b584ca988e66e16c5a58ac57f62499b4cb797dff4ab22d4e8,guruprasad_instability_index,numeric,true,same_frozen_numeric_contract,minimize,index,26.82381,22.78095238095238,-4.04285761904762,4.04285761904762,true,a9f80eb56610e060705683d54b1999852ccb4321351d762651057e6b902bee69
fgf2,7edaf3a5de4b3a2cd1f6d6868eef3857d455b204d65cab168a7251e7c4c521fc,masked_substitution,1924badb8cc12a4b93f1f7fab003132ed8bdceb1e135c10ca53ed9838884b97f,primary_parent,33c93d5c40eedd7b584ca988e66e16c5a58ac57f62499b4cb797dff4ab22d4e8,hydrophobic_moment_eisenberg,numeric,false,audit_metric_has_no_monotonic_improvement_direction,audit,dimensionless,0.20468947573195764,0.1472577709248451,-0.057431704807112544,,true,353c93682dfe188dfcd59d8e0d9612bd339cbe82724e7cb1d68f57232f805ac9
fgf2,7edaf3a5de4b3a2cd1f6d6868eef3857d455b204d65cab168a7251e7c4c521fc,masked_substitution,1924badb8cc12a4b93f1f7fab003132ed8bdceb1e135c10ca53ed9838884b97f,primary_parent,33c93d5c40eedd7b584ca988e66e16c5a58ac57f62499b4cb797dff4ab22d4e8,hydrophobic_ratio_modlamp,numeric,false,audit_metric_has_no_monotonic_improvement_direction,audit,fraction,0.09523809523809523,0.14285714285714285,0.047619047619047616,,true,4deb303d8e611207c030897dd53ec83a6c3f7bb27698ae95e3c138caef87c387
fgf2,7edaf3a5de4b3a2cd1f6d6868eef3857d455b204d65cab168a7251e7c4c521fc,masked_substitution,1924badb8cc12a4b93f1f7fab003132ed8bdceb1e135c10ca53ed9838884b97f,primary_parent,33c93d5c40eedd7b584ca988e66e16c5a58ac57f62499b4cb797dff4ab22d4e8,llamp_log10_mic_um,numeric,true,same_frozen_numeric_contract,minimize,log10(uM),1.4650440216064453,1.5449122190475464,0.07986819744110107,-0.07986819744110107,true,182ae0b64add57955c12cb035d818547228b4a2d781d9e96f1eaf3a2dc02143a
fgf2,7edaf3a5de4b3a2cd1f6d6868eef3857d455b204d65cab168a7251e7c4c521fc,masked_substitution,1924badb8cc12a4b93f1f7fab003132ed8bdceb1e135c10ca53ed9838884b97f,primary_parent,33c93d5c40eedd7b584ca988e66e16c5a58ac57f62499b4cb797dff4ab22d4e8,macrel_amp_probability,numeric,true,same_frozen_numeric_contract,maximize,probability,0.267,0.257,-0.010000000000000009,-0.010000000000000009,true,a0a557a6d8e3ec24685da847f4ad5d12fb72e26ac0b5acf76bb39a8291688e1b
fgf2,7edaf3a5de4b3a2cd1f6d6868eef3857d455b204d65cab168a7251e7c4c521fc,masked_substitution,1924badb8cc12a4b93f1f7fab003132ed8bdceb1e135c10ca53ed9838884b97f,primary_parent,33c93d5c40eedd7b584ca988e66e16c5a58ac57f62499b4cb797dff4ab22d4e8,macrel_hemolysis_label,categorical,true,same_frozen_label_contract,audit,label,low,low,,,false,db48fc6dd0d4ece6d7b0d162de524e62ce887f69d32d3309c655400336252b87
fgf2,7edaf3a5de4b3a2cd1f6d6868eef3857d455b204d65cab168a7251e7c4c521fc,masked_substitution,1924badb8cc12a4b93f1f7fab003132ed8bdceb1e135c10ca53ed9838884b97f,primary_parent,33c93d5c40eedd7b584ca988e66e16c5a58ac57f62499b4cb797dff4ab22d4e8,macrel_hemolysis_probability,numeric,true,same_frozen_numeric_contract,minimize,probability,0.396,0.347,-0.049000000000000044,0.049000000000000044,true,c54c5f1044615f1e1ed76f93c2ee1cf68af42cea08fd68d88075f00a2f883bee
fgf2,7edaf3a5de4b3a2cd1f6d6868eef3857d455b204d65cab168a7251e7c4c521fc,masked_substitution,1924badb8cc12a4b93f1f7fab003132ed8bdceb1e135c10ca53ed9838884b97f,primary_parent,33c93d5c40eedd7b584ca988e66e16c5a58ac57f62499b4cb797dff4ab22d4e8,maximum_hydrophobic_run,numeric,true,same_frozen_numeric_contract,minimize,residues,1.0,1.0,0.0,-0.0,false,02fa65730c9ab9e28ffed2604824ab765f3673d13cc0ac410c2633427752b6a2
fgf2,7edaf3a5de4b3a2cd1f6d6868eef3857d455b204d65cab168a7251e7c4c521fc,masked_substitution,1924badb8cc12a4b93f1f7fab003132ed8bdceb1e135c10ca53ed9838884b97f,primary_parent,33c93d5c40eedd7b584ca988e66e16c5a58ac57f62499b4cb797dff4ab22d4e8,net_charge_ph7_4,numeric,false,audit_metric_has_no_monotonic_improvement_direction,audit,elementary_charge,6.986,5.987,-0.9989999999999997,,true,382002330b61307b668238506da9fbd4a28d182d7acffd442b0afa99ac347c06
fgf2,7edaf3a5de4b3a2cd1f6d6868eef3857d455b204d65cab168a7251e7c4c521fc,masked_substitution,1924badb8cc12a4b93f1f7fab003132ed8bdceb1e135c10ca53ed9838884b97f,primary_parent,33c93d5c40eedd7b584ca988e66e16c5a58ac57f62499b4cb797dff4ab22d4e8,toxinpred3_hybrid_score,numeric,true,same_frozen_numeric_contract,minimize,dimensionless,0.355,0.26,-0.09499999999999997,0.09499999999999997,true,dc9fd71a0362dfdab718a6124410c3568796a8f28ccdad8dcc2e377667cb602f
fgf2,7edaf3a5de4b3a2cd1f6d6868eef3857d455b204d65cab168a7251e7c4c521fc,masked_substitution,1924badb8cc12a4b93f1f7fab003132ed8bdceb1e135c10ca53ed9838884b97f,primary_parent,33c93d5c40eedd7b584ca988e66e16c5a58ac57f62499b4cb797dff4ab22d4e8,toxinpred3_label,categorical,true,same_frozen_label_contract,audit,label,Non-Toxin,Non-Toxin,,,false,98ef3ef4fc578262c75ee447986b02fec98dc30cea3e664c0fdb4038ed87c79f
fgf2,75f43e01dd89c0fa427d2190bf17c7978cbc170dba0cb498d104acbee7a0b52e,masked_substitution,871f85aa33058ff60a26aaf9d0313dd1ca5cdbbfb20d45061bfc994ba58bee31,primary_parent,33c93d5c40eedd7b584ca988e66e16c5a58ac57f62499b4cb797dff4ab22d4e8,amp_read_log10_mic_um,numeric,true,same_frozen_numeric_contract,minimize,log10(uM),1.9308771815866161,1.8946624284358216,-0.03621475315079459,0.03621475315079459,true,0b39456a5f0f742c31fe98660c125581d1ab8c6d5554846dd81328562a76e478
fgf2,75f43e01dd89c0fa427d2190bf17c7978cbc170dba0cb498d104acbee7a0b52e,masked_substitution,871f85aa33058ff60a26aaf9d0313dd1ca5cdbbfb20d45061bfc994ba58bee31,primary_parent,33c93d5c40eedd7b584ca988e66e16c5a58ac57f62499b4cb797dff4ab22d4e8,guruprasad_instability_index,numeric,true,same_frozen_numeric_contract,minimize,index,26.82381,26.82380952380953,-4.7619047194302766e-07,4.7619047194302766e-07,true,908ec6e6238fee9f1cfdd9225b30cabfd23a0550916e90c8f04bf1214cc30ff4
fgf2,75f43e01dd89c0fa427d2190bf17c7978cbc170dba0cb498d104acbee7a0b52e,masked_substitution,871f85aa33058ff60a26aaf9d0313dd1ca5cdbbfb20d45061bfc994ba58bee31,primary_parent,33c93d5c40eedd7b584ca988e66e16c5a58ac57f62499b4cb797dff4ab22d4e8,hydrophobic_moment_eisenberg,numeric,false,audit_metric_has_no_monotonic_improvement_direction,audit,dimensionless,0.20468947573195764,0.14973417324116708,-0.05495530249079056,,true,4a7d5aaf0988e5366efbc3a37c041acde07facc1fd01ae2ecdc6395ae388db96
fgf2,75f43e01dd89c0fa427d2190bf17c7978cbc170dba0cb498d104acbee7a0b52e,masked_substitution,871f85aa33058ff60a26aaf9d0313dd1ca5cdbbfb20d45061bfc994ba58bee31,primary_parent,33c93d5c40eedd7b584ca988e66e16c5a58ac57f62499b4cb797dff4ab22d4e8,hydrophobic_ratio_modlamp,numeric,false,audit_metric_has_no_monotonic_improvement_direction,audit,fraction,0.09523809523809523,0.09523809523809523,0.0,,false,1f71e145fc2cd54a44d59821348a87f14739920fdca33f0ac54fe87da0b3e490
fgf2,75f43e01dd89c0fa427d2190bf17c7978cbc170dba0cb498d104acbee7a0b52e,masked_substitution,871f85aa33058ff60a26aaf9d0313dd1ca5cdbbfb20d45061bfc994ba58bee31,primary_parent,33c93d5c40eedd7b584ca988e66e16c5a58ac57f62499b4cb797dff4ab22d4e8,llamp_log10_mic_um,numeric,true,same_frozen_numeric_contract,minimize,log10(uM),1.4650440216064453,1.3677560091018677,-0.09728801250457764,0.09728801250457764,true,3eae730007ce6b975d7e2555a070e2b192a1d18f7afad93df164595ede23bf50
fgf2,75f43e01dd89c0fa427d2190bf17c7978cbc170dba0cb498d104acbee7a0b52e,masked_substitution,871f85aa33058ff60a26aaf9d0313dd1ca5cdbbfb20d45061bfc994ba58bee31,primary_parent,33c93d5c40eedd7b584ca988e66e16c5a58ac57f62499b4cb797dff4ab22d4e8,macrel_amp_probability,numeric,true,same_frozen_numeric_contract,maximize,probability,0.267,0.208,-0.059000000000000025,-0.059000000000000025,true,71f3673569bbc0d346027b4880edbbf33410a4f1deb8b6e345b27d1e8487b4f6
fgf2,75f43e01dd89c0fa427d2190bf17c7978cbc170dba0cb498d104acbee7a0b52e,masked_substitution,871f85aa33058ff60a26aaf9d0313dd1ca5cdbbfb20d45061bfc994ba58bee31,primary_parent,33c93d5c40eedd7b584ca988e66e16c5a58ac57f62499b4cb797dff4ab22d4e8,macrel_hemolysis_label,categorical,true,same_frozen_label_contract,audit,label,low,low,,,false,66ac522ecf24adf1949ee503e2ced51cedf913e320fe8ce29830b00d76713aa5
fgf2,75f43e01dd89c0fa427d2190bf17c7978cbc170dba0cb498d104acbee7a0b52e,masked_substitution,871f85aa33058ff60a26aaf9d0313dd1ca5cdbbfb20d45061bfc994ba58bee31,primary_parent,33c93d5c40eedd7b584ca988e66e16c5a58ac57f62499b4cb797dff4ab22d4e8,macrel_hemolysis_probability,numeric,true,same_frozen_numeric_contract,minimize,probability,0.396,0.366,-0.030000000000000027,0.030000000000000027,true,58a6bfc15422f19385b4b970cb9af0bc9ad6b8c728f1ef7437cd3cd01bee923a
fgf2,75f43e01dd89c0fa427d2190bf17c7978cbc170dba0cb498d104acbee7a0b52e,masked_substitution,871f85aa33058ff60a26aaf9d0313dd1ca5cdbbfb20d45061bfc994ba58bee31,primary_parent,33c93d5c40eedd7b584ca988e66e16c5a58ac57f62499b4cb797dff4ab22d4e8,maximum_hydrophobic_run,numeric,true,same_frozen_numeric_contract,minimize,residues,1.0,1.0,0.0,-0.0,false,9caa12554c475f9ba8aead39a46dee0567eee0329fd5bf044f4804b848298012
fgf2,75f43e01dd89c0fa427d2190bf17c7978cbc170dba0cb498d104acbee7a0b52e,masked_substitution,871f85aa33058ff60a26aaf9d0313dd1ca5cdbbfb20d45061bfc994ba58bee31,primary_parent,33c93d5c40eedd7b584ca988e66e16c5a58ac57f62499b4cb797dff4ab22d4e8,net_charge_ph7_4,numeric,false,audit_metric_has_no_monotonic_improvement_direction,audit,elementary_charge,6.986,5.987,-0.9989999999999997,,true,3489c605d0c63cef1aadce31977d58ed0e70a9dba19596bf398f37346cacc863
fgf2,75f43e01dd89c0fa427d2190bf17c7978cbc170dba0cb498d104acbee7a0b52e,masked_substitution,871f85aa33058ff60a26aaf9d0313dd1ca5cdbbfb20d45061bfc994ba58bee31,primary_parent,33c93d5c40eedd7b584ca988e66e16c5a58ac57f62499b4cb797dff4ab22d4e8,toxinpred3_hybrid_score,numeric,true,same_frozen_numeric_contract,minimize,dimensionless,0.355,0.37,0.015000000000000013,-0.015000000000000013,true,e08343aa75f11c84888e165d9b81ccc299a5ad55859fa556394026ba3b880e4d
fgf2,75f43e01dd89c0fa427d2190bf17c7978cbc170dba0cb498d104acbee7a0b52e,masked_substitution,871f85aa33058ff60a26aaf9d0313dd1ca5cdbbfb20d45061bfc994ba58bee31,primary_parent,33c93d5c40eedd7b584ca988e66e16c5a58ac57f62499b4cb797dff4ab22d4e8,toxinpred3_label,categorical,true,same_frozen_label_contract,audit,label,Non-Toxin,Non-Toxin,,,false,2048898aefc2759e35adb11048bba3f144b3ca9365f61e2897fed0ea04e872cb
fgf2,346e4c68611b2b6d25539bb091174774dfa2434b2c4b7e9df394b02ed14e70af,masked_substitution,0ac5a4a9aea9990be75ac6bad6f5fe9af3ac1f8865be9a860618bb38b7bf97e3,primary_parent,33c93d5c40eedd7b584ca988e66e16c5a58ac57f62499b4cb797dff4ab22d4e8,amp_read_log10_mic_um,numeric,true,same_frozen_numeric_contract,minimize,log10(uM),1.9308771815866161,1.7464109649182307,-0.18446621666838547,0.18446621666838547,true,17562e0fa7703d3567b11d8ab14570c186a5338e2803c44406754ae1bf653656
fgf2,346e4c68611b2b6d25539bb091174774dfa2434b2c4b7e9df394b02ed14e70af,masked_substitution,0ac5a4a9aea9990be75ac6bad6f5fe9af3ac1f8865be9a860618bb38b7bf97e3,primary_parent,33c93d5c40eedd7b584ca988e66e16c5a58ac57f62499b4cb797dff4ab22d4e8,guruprasad_instability_index,numeric,true,same_frozen_numeric_contract,minimize,index,26.82381,23.233333333333334,-3.5904766666666674,3.5904766666666674,true,4109b11de7ead627b70630c47f4b4f3fd886dc0dfa4499d99ee98a4bda553e30
fgf2,346e4c68611b2b6d25539bb091174774dfa2434b2c4b7e9df394b02ed14e70af,masked_substitution,0ac5a4a9aea9990be75ac6bad6f5fe9af3ac1f8865be9a860618bb38b7bf97e3,primary_parent,33c93d5c40eedd7b584ca988e66e16c5a58ac57f62499b4cb797dff4ab22d4e8,hydrophobic_moment_eisenberg,numeric,false,audit_metric_has_no_monotonic_improvement_direction,audit,dimensionless,0.20468947573195764,0.157679426362981,-0.04701004936897665,,true,6c2bd0aebe760ae36f9f4d0ca25fe2bb7c2b36e4d4a1a6625d3f493662e40b32
fgf2,346e4c68611b2b6d25539bb091174774dfa2434b2c4b7e9df394b02ed14e70af,masked_substitution,0ac5a4a9aea9990be75ac6bad6f5fe9af3ac1f8865be9a860618bb38b7bf97e3,primary_parent,33c93d5c40eedd7b584ca988e66e16c5a58ac57f62499b4cb797dff4ab22d4e8,hydrophobic_ratio_modlamp,numeric,false,audit_metric_has_no_monotonic_improvement_direction,audit,fraction,0.09523809523809523,0.09523809523809523,0.0,,false,bbc21c58fbe19f5045d89210f9b0b6c13d38a714b38c79066d1dd0b4bc894c50
fgf2,346e4c68611b2b6d25539bb091174774dfa2434b2c4b7e9df394b02ed14e70af,masked_substitution,0ac5a4a9aea9990be75ac6bad6f5fe9af3ac1f8865be9a860618bb38b7bf97e3,primary_parent,33c93d5c40eedd7b584ca988e66e16c5a58ac57f62499b4cb797dff4ab22d4e8,llamp_log10_mic_um,numeric,true,same_frozen_numeric_contract,minimize,log10(uM),1.4650440216064453,1.4896436929702759,0.024599671363830566,-0.024599671363830566,true,11e07478cdaa95783d879384a59b4426838c5d427427dd1daad8039154d90967
fgf2,346e4c68611b2b6d25539bb091174774dfa2434b2c4b7e9df394b02ed14e70af,masked_substitution,0ac5a4a9aea9990be75ac6bad6f5fe9af3ac1f8865be9a860618bb38b7bf97e3,primary_parent,33c93d5c40eedd7b584ca988e66e16c5a58ac57f62499b4cb797dff4ab22d4e8,macrel_amp_probability,numeric,true,same_frozen_numeric_contract,maximize,probability,0.267,0.356,0.08899999999999997,0.08899999999999997,true,c709e2eea0961468aa5d9e4772bd411cd83055aaba97985dc529cb7ec347a852
fgf2,346e4c68611b2b6d25539bb091174774dfa2434b2c4b7e9df394b02ed14e70af,masked_substitution,0ac5a4a9aea9990be75ac6bad6f5fe9af3ac1f8865be9a860618bb38b7bf97e3,primary_parent,33c93d5c40eedd7b584ca988e66e16c5a58ac57f62499b4cb797dff4ab22d4e8,macrel_hemolysis_label,categorical,true,same_frozen_label_contract,audit,label,low,low,,,false,4c5918761a81442b22cab19b5e3485bcef6db1d3fe3f89a3a4ea237efbd2c5db
fgf2,346e4c68611b2b6d25539bb091174774dfa2434b2c4b7e9df394b02ed14e70af,masked_substitution,0ac5a4a9aea9990be75ac6bad6f5fe9af3ac1f8865be9a860618bb38b7bf97e3,primary_parent,33c93d5c40eedd7b584ca988e66e16c5a58ac57f62499b4cb797dff4ab22d4e8,macrel_hemolysis_probability,numeric,true,same_frozen_numeric_contract,minimize,probability,0.396,0.386,-0.010000000000000009,0.010000000000000009,true,b6662c3a4659e702aca8b47fac795ed35eb50deb46202088bfd2f997b109ce49
fgf2,346e4c68611b2b6d25539bb091174774dfa2434b2c4b7e9df394b02ed14e70af,masked_substitution,0ac5a4a9aea9990be75ac6bad6f5fe9af3ac1f8865be9a860618bb38b7bf97e3,primary_parent,33c93d5c40eedd7b584ca988e66e16c5a58ac57f62499b4cb797dff4ab22d4e8,maximum_hydrophobic_run,numeric,true,same_frozen_numeric_contract,minimize,residues,1.0,1.0,0.0,-0.0,false,975d3d504ba66b91e571cdc47eaf39ae6e632da5d6d6bb933f06167da3f6cfba
fgf2,346e4c68611b2b6d25539bb091174774dfa2434b2c4b7e9df394b02ed14e70af,masked_substitution,0ac5a4a9aea9990be75ac6bad6f5fe9af3ac1f8865be9a860618bb38b7bf97e3,primary_parent,33c93d5c40eedd7b584ca988e66e16c5a58ac57f62499b4cb797dff4ab22d4e8,net_charge_ph7_4,numeric,false,audit_metric_has_no_monotonic_improvement_direction,audit,elementary_charge,6.986,5.985,-1.0009999999999994,,true,bec22cc898b59546b04fbbe73b4810c241ea5c8e88ab17955718351675ee6a6e
fgf2,346e4c68611b2b6d25539bb091174774dfa2434b2c4b7e9df394b02ed14e70af,masked_substitution,0ac5a4a9aea9990be75ac6bad6f5fe9af3ac1f8865be9a860618bb38b7bf97e3,primary_parent,33c93d5c40eedd7b584ca988e66e16c5a58ac57f62499b4cb797dff4ab22d4e8,toxinpred3_hybrid_score,numeric,true,same_frozen_numeric_contract,minimize,dimensionless,0.355,0.36,0.0050000000000000044,-0.0050000000000000044,true,804f7f4f196cbf7463c4a178c1c24386f763a07623aa3de72860f715507d562b
fgf2,346e4c68611b2b6d25539bb091174774dfa2434b2c4b7e9df394b02ed14e70af,masked_substitution,0ac5a4a9aea9990be75ac6bad6f5fe9af3ac1f8865be9a860618bb38b7bf97e3,primary_parent,33c93d5c40eedd7b584ca988e66e16c5a58ac57f62499b4cb797dff4ab22d4e8,toxinpred3_label,categorical,true,same_frozen_label_contract,audit,label,Non-Toxin,Non-Toxin,,,false,858c49ef2fe2b0d43fa349c3f3945060daaeb5d1c7f9ada6d865cfc3f3a6f210
fgf2,c5d1eaea0fa53d273ddc66cbc17f1fff602366e8d4362b033e13a4fe966f98ea,masked_substitution,96b1bd537209e71fb91453a9c784a175b97d16b7d5fc3ab3a0e6032027089aeb,primary_parent,33c93d5c40eedd7b584ca988e66e16c5a58ac57f62499b4cb797dff4ab22d4e8,amp_read_log10_mic_um,numeric,true,same_frozen_numeric_contract,minimize,log10(uM),1.9308771815866161,1.6048797708189178,-0.3259974107676984,0.3259974107676984,true,e468a614e1466f1909ee456e812d29c752e500a43397c1b2fc13eea6f406c694
fgf2,c5d1eaea0fa53d273ddc66cbc17f1fff602366e8d4362b033e13a4fe966f98ea,masked_substitution,96b1bd537209e71fb91453a9c784a175b97d16b7d5fc3ab3a0e6032027089aeb,primary_parent,33c93d5c40eedd7b584ca988e66e16c5a58ac57f62499b4cb797dff4ab22d4e8,guruprasad_instability_index,numeric,true,same_frozen_numeric_contract,minimize,index,26.82381,26.82380952380953,-4.7619047194302766e-07,4.7619047194302766e-07,true,64c1ddfe3b9a83986ca1819f6642e7c6df5554ef3cfb37a31e7306fc77a6ab23
fgf2,c5d1eaea0fa53d273ddc66cbc17f1fff602366e8d4362b033e13a4fe966f98ea,masked_substitution,96b1bd537209e71fb91453a9c784a175b97d16b7d5fc3ab3a0e6032027089aeb,primary_parent,33c93d5c40eedd7b584ca988e66e16c5a58ac57f62499b4cb797dff4ab22d4e8,hydrophobic_moment_eisenberg,numeric,false,audit_metric_has_no_monotonic_improvement_direction,audit,dimensionless,0.20468947573195764,0.260642564617562,0.05595308888560438,,true,ae1a2c8a631ecdb8fc35c9df219ef9f03ff3149bbdb917697603468eea82c465
fgf2,c5d1eaea0fa53d273ddc66cbc17f1fff602366e8d4362b033e13a4fe966f98ea,masked_substitution,96b1bd537209e71fb91453a9c784a175b97d16b7d5fc3ab3a0e6032027089aeb,primary_parent,33c93d5c40eedd7b584ca988e66e16c5a58ac57f62499b4cb797dff4ab22d4e8,hydrophobic_ratio_modlamp,numeric,false,audit_metric_has_no_monotonic_improvement_direction,audit,fraction,0.09523809523809523,0.14285714285714285,0.047619047619047616,,true,6ea7cbf1eca41e9ed44ccba88291baa1e40d49efe2b8f6608d35ab6f079063d3
fgf2,c5d1eaea0fa53d273ddc66cbc17f1fff602366e8d4362b033e13a4fe966f98ea,masked_substitution,96b1bd537209e71fb91453a9c784a175b97d16b7d5fc3ab3a0e6032027089aeb,primary_parent,33c93d5c40eedd7b584ca988e66e16c5a58ac57f62499b4cb797dff4ab22d4e8,llamp_log10_mic_um,numeric,true,same_frozen_numeric_contract,minimize,log10(uM),1.4650440216064453,1.1534680128097534,-0.3115760087966919,0.3115760087966919,true,4faf79b7838d170bcbc58106fa53c074e94759fff924840fae8465d59eac7e7a
fgf2,c5d1eaea0fa53d273ddc66cbc17f1fff602366e8d4362b033e13a4fe966f98ea,masked_substitution,96b1bd537209e71fb91453a9c784a175b97d16b7d5fc3ab3a0e6032027089aeb,primary_parent,33c93d5c40eedd7b584ca988e66e16c5a58ac57f62499b4cb797dff4ab22d4e8,macrel_amp_probability,numeric,true,same_frozen_numeric_contract,maximize,probability,0.267,0.267,0.0,0.0,false,167bd3816dfdea4b869771261801c2eed71598ddf2e29b22f2d1affe01a8e749
fgf2,c5d1eaea0fa53d273ddc66cbc17f1fff602366e8d4362b033e13a4fe966f98ea,masked_substitution,96b1bd537209e71fb91453a9c784a175b97d16b7d5fc3ab3a0e6032027089aeb,primary_parent,33c93d5c40eedd7b584ca988e66e16c5a58ac57f62499b4cb797dff4ab22d4e8,macrel_hemolysis_label,categorical,true,same_frozen_label_contract,audit,label,low,low,,,false,d9ad656528d2f69ab719ae0ebf37021cdc293dcc73167aec01ebbf009d5cb290
fgf2,c5d1eaea0fa53d273ddc66cbc17f1fff602366e8d4362b033e13a4fe966f98ea,masked_substitution,96b1bd537209e71fb91453a9c784a175b97d16b7d5fc3ab3a0e6032027089aeb,primary_parent,33c93d5c40eedd7b584ca988e66e16c5a58ac57f62499b4cb797dff4ab22d4e8,macrel_hemolysis_probability,numeric,true,same_frozen_numeric_contract,minimize,probability,0.396,0.386,-0.010000000000000009,0.010000000000000009,true,becc9f28b439bd6eb7e8e6a123eca1df4e8cbf291c78acd2fba7711d1b50e713
fgf2,c5d1eaea0fa53d273ddc66cbc17f1fff602366e8d4362b033e13a4fe966f98ea,masked_substitution,96b1bd537209e71fb91453a9c784a175b97d16b7d5fc3ab3a0e6032027089aeb,primary_parent,33c93d5c40eedd7b584ca988e66e16c5a58ac57f62499b4cb797dff4ab22d4e8,maximum_hydrophobic_run,numeric,true,same_frozen_numeric_contract,minimize,residues,1.0,1.0,0.0,-0.0,false,a5410e12f5210d311f9ba8022c4b680971e7e5f5e8734899d4aa3eec871f92df
fgf2,c5d1eaea0fa53d273ddc66cbc17f1fff602366e8d4362b033e13a4fe966f98ea,masked_substitution,96b1bd537209e71fb91453a9c784a175b97d16b7d5fc3ab3a0e6032027089aeb,primary_parent,33c93d5c40eedd7b584ca988e66e16c5a58ac57f62499b4cb797dff4ab22d4e8,net_charge_ph7_4,numeric,false,audit_metric_has_no_monotonic_improvement_direction,audit,elementary_charge,6.986,7.986,1.0,,true,ebda4b1178ebf0f7a127fa27f7f092d5b2512ff7d3fdfe8bef927f63181dc8b3
fgf2,c5d1eaea0fa53d273ddc66cbc17f1fff602366e8d4362b033e13a4fe966f98ea,masked_substitution,96b1bd537209e71fb91453a9c784a175b97d16b7d5fc3ab3a0e6032027089aeb,primary_parent,33c93d5c40eedd7b584ca988e66e16c5a58ac57f62499b4cb797dff4ab22d4e8,toxinpred3_hybrid_score,numeric,true,same_frozen_numeric_contract,minimize,dimensionless,0.355,0.0,-0.355,0.355,true,dcd283bce01a46d1139a150824325e28dff6c4af78e673c711b997bbd1dc40cb
fgf2,c5d1eaea0fa53d273ddc66cbc17f1fff602366e8d4362b033e13a4fe966f98ea,masked_substitution,96b1bd537209e71fb91453a9c784a175b97d16b7d5fc3ab3a0e6032027089aeb,primary_parent,33c93d5c40eedd7b584ca988e66e16c5a58ac57f62499b4cb797dff4ab22d4e8,toxinpred3_label,categorical,true,same_frozen_label_contract,audit,label,Non-Toxin,Non-Toxin,,,false,5dd1863dbf18993058ffcd6c49c61fd513a32a547085ca78e0a6ea8cfba856f3
fgf2,a5059ea20562a33228ef5e1ca662dbc48774e6093bd6c2985881e460ca23b364,masked_substitution,9675358a127e1c4a45297078745a285383626e29efd10145b991bfa34e2ba3ae,primary_parent,33c93d5c40eedd7b584ca988e66e16c5a58ac57f62499b4cb797dff4ab22d4e8,amp_read_log10_mic_um,numeric,true,same_frozen_numeric_contract,minimize,log10(uM),1.9308771815866161,1.623542178401952,-0.3073350031846642,0.3073350031846642,true,4468a6594c1f6adde804821b89ad5297ebf1e8bbd4b888ff4de2ac1ad0a366e3
fgf2,a5059ea20562a33228ef5e1ca662dbc48774e6093bd6c2985881e460ca23b364,masked_substitution,9675358a127e1c4a45297078745a285383626e29efd10145b991bfa34e2ba3ae,primary_parent,33c93d5c40eedd7b584ca988e66e16c5a58ac57f62499b4cb797dff4ab22d4e8,guruprasad_instability_index,numeric,true,same_frozen_numeric_contract,minimize,index,26.82381,22.78095238095238,-4.04285761904762,4.04285761904762,true,2a77ca693f7c6c32c452861f8cabce5804056034989f9f0bbe5a182a075c3eaa
fgf2,a5059ea20562a33228ef5e1ca662dbc48774e6093bd6c2985881e460ca23b364,masked_substitution,9675358a127e1c4a45297078745a285383626e29efd10145b991bfa34e2ba3ae,primary_parent,33c93d5c40eedd7b584ca988e66e16c5a58ac57f62499b4cb797dff4ab22d4e8,hydrophobic_moment_eisenberg,numeric,false,audit_metric_has_no_monotonic_improvement_direction,audit,dimensionless,0.20468947573195764,0.28129471032128645,0.0766052345893288,,true,71ee3ea135f9c41fa5aa218b54a568d4280a995d69c91213de0e6284a31d35b8
fgf2,a5059ea20562a33228ef5e1ca662dbc48774e6093bd6c2985881e460ca23b364,masked_substitution,9675358a127e1c4a45297078745a285383626e29efd10145b991bfa34e2ba3ae,primary_parent,33c93d5c40eedd7b584ca988e66e16c5a58ac57f62499b4cb797dff4ab22d4e8,hydrophobic_ratio_modlamp,numeric,false,audit_metric_has_no_monotonic_improvement_direction,audit,fraction,0.09523809523809523,0.14285714285714285,0.047619047619047616,,true,72a219e13634df84e7945fd9a5789df5e6a334f53a3f866f153f32a71f5af583
fgf2,a5059ea20562a33228ef5e1ca662dbc48774e6093bd6c2985881e460ca23b364,masked_substitution,9675358a127e1c4a45297078745a285383626e29efd10145b991bfa34e2ba3ae,primary_parent,33c93d5c40eedd7b584ca988e66e16c5a58ac57f62499b4cb797dff4ab22d4e8,llamp_log10_mic_um,numeric,true,same_frozen_numeric_contract,minimize,log10(uM),1.4650440216064453,1.3399699926376343,-0.12507402896881104,0.12507402896881104,true,4118b6b1a25e81c7ff861c60f2bdb6dd9fd792a6ac6503b6bc779e00f2c15113
fgf2,a5059ea20562a33228ef5e1ca662dbc48774e6093bd6c2985881e460ca23b364,masked_substitution,9675358a127e1c4a45297078745a285383626e29efd10145b991bfa34e2ba3ae,primary_parent,33c93d5c40eedd7b584ca988e66e16c5a58ac57f62499b4cb797dff4ab22d4e8,macrel_amp_probability,numeric,true,same_frozen_numeric_contract,maximize,probability,0.267,0.287,0.019999999999999962,0.019999999999999962,true,a055931a77bbd8db8f93828ff748c6c1fea510daa2d33bc60d606813b42f0622
fgf2,a5059ea20562a33228ef5e1ca662dbc48774e6093bd6c2985881e460ca23b364,masked_substitution,9675358a127e1c4a45297078745a285383626e29efd10145b991bfa34e2ba3ae,primary_parent,33c93d5c40eedd7b584ca988e66e16c5a58ac57f62499b4cb797dff4ab22d4e8,macrel_hemolysis_label,categorical,true,same_frozen_label_contract,audit,label,low,low,,,false,6c57ede34ae9d1960e5afe1cc5c5c1a39e951223636844e3f27a1a941acd9384
fgf2,a5059ea20562a33228ef5e1ca662dbc48774e6093bd6c2985881e460ca23b364,masked_substitution,9675358a127e1c4a45297078745a285383626e29efd10145b991bfa34e2ba3ae,primary_parent,33c93d5c40eedd7b584ca988e66e16c5a58ac57f62499b4cb797dff4ab22d4e8,macrel_hemolysis_probability,numeric,true,same_frozen_numeric_contract,minimize,probability,0.396,0.485,0.08899999999999997,-0.08899999999999997,true,7e6cf33f41ac761e21ed464688411cebca3546267fdec3d0e74870287f0c00b6
fgf2,a5059ea20562a33228ef5e1ca662dbc48774e6093bd6c2985881e460ca23b364,masked_substitution,9675358a127e1c4a45297078745a285383626e29efd10145b991bfa34e2ba3ae,primary_parent,33c93d5c40eedd7b584ca988e66e16c5a58ac57f62499b4cb797dff4ab22d4e8,maximum_hydrophobic_run,numeric,true,same_frozen_numeric_contract,minimize,residues,1.0,1.0,0.0,-0.0,false,6a0f4a29fe9a79dd40ee80d5bbd7a6bdca9ec460fab18b660d5ea7f81832a4dd
fgf2,a5059ea20562a33228ef5e1ca662dbc48774e6093bd6c2985881e460ca23b364,masked_substitution,9675358a127e1c4a45297078745a285383626e29efd10145b991bfa34e2ba3ae,primary_parent,33c93d5c40eedd7b584ca988e66e16c5a58ac57f62499b4cb797dff4ab22d4e8,net_charge_ph7_4,numeric,false,audit_metric_has_no_monotonic_improvement_direction,audit,elementary_charge,6.986,7.986,1.0,,true,b86699c9a9b8c0c93fb4ab69b1d64eb1675f9850816b0029c12143b9e2e2f29d
fgf2,a5059ea20562a33228ef5e1ca662dbc48774e6093bd6c2985881e460ca23b364,masked_substitution,9675358a127e1c4a45297078745a285383626e29efd10145b991bfa34e2ba3ae,primary_parent,33c93d5c40eedd7b584ca988e66e16c5a58ac57f62499b4cb797dff4ab22d4e8,toxinpred3_hybrid_score,numeric,true,same_frozen_numeric_contract,minimize,dimensionless,0.355,0.37,0.015000000000000013,-0.015000000000000013,true,bb6fda35957fbeed7ea5f1ba734a29e9e99b51c76c66480e6d025631dcf422fb
fgf2,a5059ea20562a33228ef5e1ca662dbc48774e6093bd6c2985881e460ca23b364,masked_substitution,9675358a127e1c4a45297078745a285383626e29efd10145b991bfa34e2ba3ae,primary_parent,33c93d5c40eedd7b584ca988e66e16c5a58ac57f62499b4cb797dff4ab22d4e8,toxinpred3_label,categorical,true,same_frozen_label_contract,audit,label,Non-Toxin,Non-Toxin,,,false,5d344b759c78107f0bb4654e03b07aa757aadee5637b8d92b213c561e27f9e80
fgf2,0a80154f2b8b50c91010ed5c6aa77c6af2f60a3d9a45baf89c126da1211ac107,masked_substitution,5e342478a1d90b3919dc3fc5389d953d1d0c1c20043af0c60548404954d6aa89,primary_parent,33c93d5c40eedd7b584ca988e66e16c5a58ac57f62499b4cb797dff4ab22d4e8,amp_read_log10_mic_um,numeric,true,same_frozen_numeric_contract,minimize,log10(uM),1.9308771815866161,1.894938148036251,-0.035939033550365096,0.035939033550365096,true,ef6df3ff3540da91d2ab4fd59e56037872429a20170c93be7c890b29759aba1a
fgf2,0a80154f2b8b50c91010ed5c6aa77c6af2f60a3d9a45baf89c126da1211ac107,masked_substitution,5e342478a1d90b3919dc3fc5389d953d1d0c1c20043af0c60548404954d6aa89,primary_parent,33c93d5c40eedd7b584ca988e66e16c5a58ac57f62499b4cb797dff4ab22d4e8,guruprasad_instability_index,numeric,true,same_frozen_numeric_contract,minimize,index,26.82381,35.9952380952381,9.171428095238099,-9.171428095238099,true,ae2d49dff55518a6b15eabce115b75764ba81f3bde5631d2ddae65e49fd95f39
fgf2,0a80154f2b8b50c91010ed5c6aa77c6af2f60a3d9a45baf89c126da1211ac107,masked_substitution,5e342478a1d90b3919dc3fc5389d953d1d0c1c20043af0c60548404954d6aa89,primary_parent,33c93d5c40eedd7b584ca988e66e16c5a58ac57f62499b4cb797dff4ab22d4e8,hydrophobic_moment_eisenberg,numeric,false,audit_metric_has_no_monotonic_improvement_direction,audit,dimensionless,0.20468947573195764,0.22641055076534433,0.02172107503338669,,true,e16256195910476e978cddfb4edf269ef6ccfa8383c21e41220184aad1733e8b
fgf2,0a80154f2b8b50c91010ed5c6aa77c6af2f60a3d9a45baf89c126da1211ac107,masked_substitution,5e342478a1d90b3919dc3fc5389d953d1d0c1c20043af0c60548404954d6aa89,primary_parent,33c93d5c40eedd7b584ca988e66e16c5a58ac57f62499b4cb797dff4ab22d4e8,hydrophobic_ratio_modlamp,numeric,false,audit_metric_has_no_monotonic_improvement_direction,audit,fraction,0.09523809523809523,0.14285714285714285,0.047619047619047616,,true,6b0fc2b4688acea972380cf0704d98ae70411ac99ccd40e9a917294dfb640815
fgf2,0a80154f2b8b50c91010ed5c6aa77c6af2f60a3d9a45baf89c126da1211ac107,masked_substitution,5e342478a1d90b3919dc3fc5389d953d1d0c1c20043af0c60548404954d6aa89,primary_parent,33c93d5c40eedd7b584ca988e66e16c5a58ac57f62499b4cb797dff4ab22d4e8,llamp_log10_mic_um,numeric,true,same_frozen_numeric_contract,minimize,log10(uM),1.4650440216064453,1.7960933446884155,0.3310493230819702,-0.3310493230819702,true,cda11c0dfacb90bc509978b938fa2c728171fb94ebf3cfc05315fc418f7cb8ca
fgf2,0a80154f2b8b50c91010ed5c6aa77c6af2f60a3d9a45baf89c126da1211ac107,masked_substitution,5e342478a1d90b3919dc3fc5389d953d1d0c1c20043af0c60548404954d6aa89,primary_parent,33c93d5c40eedd7b584ca988e66e16c5a58ac57f62499b4cb797dff4ab22d4e8,macrel_amp_probability,numeric,true,same_frozen_numeric_contract,maximize,probability,0.267,0.287,0.019999999999999962,0.019999999999999962,true,b933ee77a9bbece1110d8876058ea58ea2b438db7affad881fdba4e38a37f74e
fgf2,0a80154f2b8b50c91010ed5c6aa77c6af2f60a3d9a45baf89c126da1211ac107,masked_substitution,5e342478a1d90b3919dc3fc5389d953d1d0c1c20043af0c60548404954d6aa89,primary_parent,33c93d5c40eedd7b584ca988e66e16c5a58ac57f62499b4cb797dff4ab22d4e8,macrel_hemolysis_label,categorical,true,same_frozen_label_contract,audit,label,low,low,,,false,7da3a08383ef149d37191836aaae0f07caeeaeb9a3a06cfabd5ce61406b8f53a
fgf2,0a80154f2b8b50c91010ed5c6aa77c6af2f60a3d9a45baf89c126da1211ac107,masked_substitution,5e342478a1d90b3919dc3fc5389d953d1d0c1c20043af0c60548404954d6aa89,primary_parent,33c93d5c40eedd7b584ca988e66e16c5a58ac57f62499b4cb797dff4ab22d4e8,macrel_hemolysis_probability,numeric,true,same_frozen_numeric_contract,minimize,probability,0.396,0.406,0.010000000000000009,-0.010000000000000009,true,fb1546a6b9d4b2c2ce63d586ebe470d9e6a117e197d2273032136b0e23811691
fgf2,0a80154f2b8b50c91010ed5c6aa77c6af2f60a3d9a45baf89c126da1211ac107,masked_substitution,5e342478a1d90b3919dc3fc5389d953d1d0c1c20043af0c60548404954d6aa89,primary_parent,33c93d5c40eedd7b584ca988e66e16c5a58ac57f62499b4cb797dff4ab22d4e8,maximum_hydrophobic_run,numeric,true,same_frozen_numeric_contract,minimize,residues,1.0,1.0,0.0,-0.0,false,b7c6b23dd15681475d37616eb966902865a5adbc0205ee6cb415605903e6fe83
fgf2,0a80154f2b8b50c91010ed5c6aa77c6af2f60a3d9a45baf89c126da1211ac107,masked_substitution,5e342478a1d90b3919dc3fc5389d953d1d0c1c20043af0c60548404954d6aa89,primary_parent,33c93d5c40eedd7b584ca988e66e16c5a58ac57f62499b4cb797dff4ab22d4e8,net_charge_ph7_4,numeric,false,audit_metric_has_no_monotonic_improvement_direction,audit,elementary_charge,6.986,6.986,0.0,,false,05e9d1a5622d954eb5aaf37eb2498bee2f762c20bbb143239ff841342b38adbe
fgf2,0a80154f2b8b50c91010ed5c6aa77c6af2f60a3d9a45baf89c126da1211ac107,masked_substitution,5e342478a1d90b3919dc3fc5389d953d1d0c1c20043af0c60548404954d6aa89,primary_parent,33c93d5c40eedd7b584ca988e66e16c5a58ac57f62499b4cb797dff4ab22d4e8,toxinpred3_hybrid_score,numeric,true,same_frozen_numeric_contract,minimize,dimensionless,0.355,0.38,0.025000000000000022,-0.025000000000000022,true,6ab8a945fd0fa25371fe7a135c84a5c384869b7bb1bfabe3e1b8d97d840c438d
fgf2,0a80154f2b8b50c91010ed5c6aa77c6af2f60a3d9a45baf89c126da1211ac107,masked_substitution,5e342478a1d90b3919dc3fc5389d953d1d0c1c20043af0c60548404954d6aa89,primary_parent,33c93d5c40eedd7b584ca988e66e16c5a58ac57f62499b4cb797dff4ab22d4e8,toxinpred3_label,categorical,true,same_frozen_label_contract,audit,label,Non-Toxin,Non-Toxin,,,false,f3d3241c585072705936813121a23e6a503de5dc137b7a88137020880fba475c
fgf2,d0b4316d980293c75793711cb9a126a404fe1dd3925915780010e4bd8c91b9d6,masked_substitution,c4dfabfdf73d133e4c4919564cd6110ad7c986e40df59a5ebae20c1c46191d0a,primary_parent,33c93d5c40eedd7b584ca988e66e16c5a58ac57f62499b4cb797dff4ab22d4e8,amp_read_log10_mic_um,numeric,true,same_frozen_numeric_contract,minimize,log10(uM),1.9308771815866161,1.8280752747563698,-0.10280190683024637,0.10280190683024637,true,d2a4d48fba7f33f0911ee24834a81ad36763419dcf52df6c66157056e06ac451
fgf2,d0b4316d980293c75793711cb9a126a404fe1dd3925915780010e4bd8c91b9d6,masked_substitution,c4dfabfdf73d133e4c4919564cd6110ad7c986e40df59a5ebae20c1c46191d0a,primary_parent,33c93d5c40eedd7b584ca988e66e16c5a58ac57f62499b4cb797dff4ab22d4e8,guruprasad_instability_index,numeric,true,same_frozen_numeric_contract,minimize,index,26.82381,19.666666666666668,-7.157143333333334,7.157143333333334,true,d75333bd2d514a7003963b4b42749080a51fd9a1e0bbd10ac18c5afa1832b488
fgf2,d0b4316d980293c75793711cb9a126a404fe1dd3925915780010e4bd8c91b9d6,masked_substitution,c4dfabfdf73d133e4c4919564cd6110ad7c986e40df59a5ebae20c1c46191d0a,primary_parent,33c93d5c40eedd7b584ca988e66e16c5a58ac57f62499b4cb797dff4ab22d4e8,hydrophobic_moment_eisenberg,numeric,false,audit_metric_has_no_monotonic_improvement_direction,audit,dimensionless,0.20468947573195764,0.21169576091453082,0.00700628518257318,,true,4dd6d831cfef8e6c859b575fd5112568e19562a62799ce8043e40c102e24b1e1
fgf2,d0b4316d980293c75793711cb9a126a404fe1dd3925915780010e4bd8c91b9d6,masked_substitution,c4dfabfdf73d133e4c4919564cd6110ad7c986e40df59a5ebae20c1c46191d0a,primary_parent,33c93d5c40eedd7b584ca988e66e16c5a58ac57f62499b4cb797dff4ab22d4e8,hydrophobic_ratio_modlamp,numeric,false,audit_metric_has_no_monotonic_improvement_direction,audit,fraction,0.09523809523809523,0.09523809523809523,0.0,,false,240a8308884b87e2be910d0832f13acdb757063d87680c869931406b16200ea5
fgf2,d0b4316d980293c75793711cb9a126a404fe1dd3925915780010e4bd8c91b9d6,masked_substitution,c4dfabfdf73d133e4c4919564cd6110ad7c986e40df59a5ebae20c1c46191d0a,primary_parent,33c93d5c40eedd7b584ca988e66e16c5a58ac57f62499b4cb797dff4ab22d4e8,llamp_log10_mic_um,numeric,true,same_frozen_numeric_contract,minimize,log10(uM),1.4650440216064453,1.645724892616272,0.18068087100982666,-0.18068087100982666,true,d647146d9c2021c27b94fddfb8089765e20b0eb2e8197491b1caaad232673bfc
fgf2,d0b4316d980293c75793711cb9a126a404fe1dd3925915780010e4bd8c91b9d6,masked_substitution,c4dfabfdf73d133e4c4919564cd6110ad7c986e40df59a5ebae20c1c46191d0a,primary_parent,33c93d5c40eedd7b584ca988e66e16c5a58ac57f62499b4cb797dff4ab22d4e8,macrel_amp_probability,numeric,true,same_frozen_numeric_contract,maximize,probability,0.267,0.297,0.02999999999999997,0.02999999999999997,true,9f490936387ddb5ad992d48ae6aca3ae429acc293afcd03983ab7420baaa45b4
fgf2,d0b4316d980293c75793711cb9a126a404fe1dd3925915780010e4bd8c91b9d6,masked_substitution,c4dfabfdf73d133e4c4919564cd6110ad7c986e40df59a5ebae20c1c46191d0a,primary_parent,33c93d5c40eedd7b584ca988e66e16c5a58ac57f62499b4cb797dff4ab22d4e8,macrel_hemolysis_label,categorical,true,same_frozen_label_contract,audit,label,low,low,,,false,c4ae8f3a7afce2c72b2280b410713938f761f9f2e1542d0da32a06bae6200028
fgf2,d0b4316d980293c75793711cb9a126a404fe1dd3925915780010e4bd8c91b9d6,masked_substitution,c4dfabfdf73d133e4c4919564cd6110ad7c986e40df59a5ebae20c1c46191d0a,primary_parent,33c93d5c40eedd7b584ca988e66e16c5a58ac57f62499b4cb797dff4ab22d4e8,macrel_hemolysis_probability,numeric,true,same_frozen_numeric_contract,minimize,probability,0.396,0.416,0.019999999999999962,-0.019999999999999962,true,4a0e76e3b6bb55f79dceffb7ce390afa382b65c914103628e0c599c2c8b71a1b
fgf2,d0b4316d980293c75793711cb9a126a404fe1dd3925915780010e4bd8c91b9d6,masked_substitution,c4dfabfdf73d133e4c4919564cd6110ad7c986e40df59a5ebae20c1c46191d0a,primary_parent,33c93d5c40eedd7b584ca988e66e16c5a58ac57f62499b4cb797dff4ab22d4e8,maximum_hydrophobic_run,numeric,true,same_frozen_numeric_contract,minimize,residues,1.0,1.0,0.0,-0.0,false,3d785150df3668520b344034499adbb22d36be29b6038ee9b233f1b23fce2df9
fgf2,d0b4316d980293c75793711cb9a126a404fe1dd3925915780010e4bd8c91b9d6,masked_substitution,c4dfabfdf73d133e4c4919564cd6110ad7c986e40df59a5ebae20c1c46191d0a,primary_parent,33c93d5c40eedd7b584ca988e66e16c5a58ac57f62499b4cb797dff4ab22d4e8,net_charge_ph7_4,numeric,false,audit_metric_has_no_monotonic_improvement_direction,audit,elementary_charge,6.986,6.986,0.0,,false,7eebb1d97e6378fb2722f20d44477a17bf4fe114389c239b60d9f8e48d9acea7
fgf2,d0b4316d980293c75793711cb9a126a404fe1dd3925915780010e4bd8c91b9d6,masked_substitution,c4dfabfdf73d133e4c4919564cd6110ad7c986e40df59a5ebae20c1c46191d0a,primary_parent,33c93d5c40eedd7b584ca988e66e16c5a58ac57f62499b4cb797dff4ab22d4e8,toxinpred3_hybrid_score,numeric,true,same_frozen_numeric_contract,minimize,dimensionless,0.355,0.0,-0.355,0.355,true,657f6edc26355d4fd831da3c3326ffa63fc5af29aacfca05888282b88e358e34
fgf2,d0b4316d980293c75793711cb9a126a404fe1dd3925915780010e4bd8c91b9d6,masked_substitution,c4dfabfdf73d133e4c4919564cd6110ad7c986e40df59a5ebae20c1c46191d0a,primary_parent,33c93d5c40eedd7b584ca988e66e16c5a58ac57f62499b4cb797dff4ab22d4e8,toxinpred3_label,categorical,true,same_frozen_label_contract,audit,label,Non-Toxin,Non-Toxin,,,false,43e9f168d08614fa673f23f22c4616351c707c4aafa50414995eba10d8213763
fgf2,8001b036bd64d5a328509eaadafc0815720451439e660e01b95f89167568e2da,masked_substitution,f870ea06388c09ad2b56e8d897d3fa6961f93bcf5cdeab8b18afa09e89ef4e91,primary_parent,33c93d5c40eedd7b584ca988e66e16c5a58ac57f62499b4cb797dff4ab22d4e8,amp_read_log10_mic_um,numeric,true,same_frozen_numeric_contract,minimize,log10(uM),1.9308771815866161,1.8875702024309575,-0.04330697915565862,0.04330697915565862,true,596dbd918c2eaa6d9feac638ba876b5a4cd21a511bbc990a4ecc73d7061aa185
fgf2,8001b036bd64d5a328509eaadafc0815720451439e660e01b95f89167568e2da,masked_substitution,f870ea06388c09ad2b56e8d897d3fa6961f93bcf5cdeab8b18afa09e89ef4e91,primary_parent,33c93d5c40eedd7b584ca988e66e16c5a58ac57f62499b4cb797dff4ab22d4e8,guruprasad_instability_index,numeric,true,same_frozen_numeric_contract,minimize,index,26.82381,25.452380952380956,-1.3714290476190456,1.3714290476190456,true,5964f5e397c47be8520bc860379baa187eafe8f28300eb5d09f0b648ede32530
fgf2,8001b036bd64d5a328509eaadafc0815720451439e660e01b95f89167568e2da,masked_substitution,f870ea06388c09ad2b56e8d897d3fa6961f93bcf5cdeab8b18afa09e89ef4e91,primary_parent,33c93d5c40eedd7b584ca988e66e16c5a58ac57f62499b4cb797dff4ab22d4e8,hydrophobic_moment_eisenberg,numeric,false,audit_metric_has_no_monotonic_improvement_direction,audit,dimensionless,0.20468947573195764,0.11713902348582005,-0.0875504522461376,,true,188d4635649acbfc0cf6bf707e3593211178bec0940384c137f2734136634498
fgf2,8001b036bd64d5a328509eaadafc0815720451439e660e01b95f89167568e2da,masked_substitution,f870ea06388c09ad2b56e8d897d3fa6961f93bcf5cdeab8b18afa09e89ef4e91,primary_parent,33c93d5c40eedd7b584ca988e66e16c5a58ac57f62499b4cb797dff4ab22d4e8,hydrophobic_ratio_modlamp,numeric,false,audit_metric_has_no_monotonic_improvement_direction,audit,fraction,0.09523809523809523,0.14285714285714285,0.047619047619047616,,true,1e682109605fd36e4361c3ebf7762d26d73781b6687a5678002451af30180386
fgf2,8001b036bd64d5a328509eaadafc0815720451439e660e01b95f89167568e2da,masked_substitution,f870ea06388c09ad2b56e8d897d3fa6961f93bcf5cdeab8b18afa09e89ef4e91,primary_parent,33c93d5c40eedd7b584ca988e66e16c5a58ac57f62499b4cb797dff4ab22d4e8,llamp_log10_mic_um,numeric,true,same_frozen_numeric_contract,minimize,log10(uM),1.4650440216064453,1.545724868774414,0.08068084716796875,-0.08068084716796875,true,ea83a04a164e3717d71f1b809647c2a0ab637df0b6dfdabcb241192108f55401
fgf2,8001b036bd64d5a328509eaadafc0815720451439e660e01b95f89167568e2da,masked_substitution,f870ea06388c09ad2b56e8d897d3fa6961f93bcf5cdeab8b18afa09e89ef4e91,primary_parent,33c93d5c40eedd7b584ca988e66e16c5a58ac57f62499b4cb797dff4ab22d4e8,macrel_amp_probability,numeric,true,same_frozen_numeric_contract,maximize,probability,0.267,0.257,-0.010000000000000009,-0.010000000000000009,true,ce7a396cc60fed7c5328f4d381a98e8357a50a75a7365c6f3a512d800203f700
fgf2,8001b036bd64d5a328509eaadafc0815720451439e660e01b95f89167568e2da,masked_substitution,f870ea06388c09ad2b56e8d897d3fa6961f93bcf5cdeab8b18afa09e89ef4e91,primary_parent,33c93d5c40eedd7b584ca988e66e16c5a58ac57f62499b4cb797dff4ab22d4e8,macrel_hemolysis_label,categorical,true,same_frozen_label_contract,audit,label,low,low,,,false,7a3a1512d2cf93ea1c1d7972ccdb358d6250546b9af317e55a147d507be388db
fgf2,8001b036bd64d5a328509eaadafc0815720451439e660e01b95f89167568e2da,masked_substitution,f870ea06388c09ad2b56e8d897d3fa6961f93bcf5cdeab8b18afa09e89ef4e91,primary_parent,33c93d5c40eedd7b584ca988e66e16c5a58ac57f62499b4cb797dff4ab22d4e8,macrel_hemolysis_probability,numeric,true,same_frozen_numeric_contract,minimize,probability,0.396,0.317,-0.07900000000000001,0.07900000000000001,true,602f94421beb86114ff777bbe99c0197749428627fab471fe8f22329183625b2
fgf2,8001b036bd64d5a328509eaadafc0815720451439e660e01b95f89167568e2da,masked_substitution,f870ea06388c09ad2b56e8d897d3fa6961f93bcf5cdeab8b18afa09e89ef4e91,primary_parent,33c93d5c40eedd7b584ca988e66e16c5a58ac57f62499b4cb797dff4ab22d4e8,maximum_hydrophobic_run,numeric,true,same_frozen_numeric_contract,minimize,residues,1.0,1.0,0.0,-0.0,false,48e6c99eb93c38a8bb722d22a169423e7f4f314e3029b2af11a0a010c25b22d5
fgf2,8001b036bd64d5a328509eaadafc0815720451439e660e01b95f89167568e2da,masked_substitution,f870ea06388c09ad2b56e8d897d3fa6961f93bcf5cdeab8b18afa09e89ef4e91,primary_parent,33c93d5c40eedd7b584ca988e66e16c5a58ac57f62499b4cb797dff4ab22d4e8,net_charge_ph7_4,numeric,false,audit_metric_has_no_monotonic_improvement_direction,audit,elementary_charge,6.986,6.986,0.0,,false,5d1faa47f8c7c9957db4b880ded72a3dcbc13a6caa08fb996f762c633b6ca828
fgf2,8001b036bd64d5a328509eaadafc0815720451439e660e01b95f89167568e2da,masked_substitution,f870ea06388c09ad2b56e8d897d3fa6961f93bcf5cdeab8b18afa09e89ef4e91,primary_parent,33c93d5c40eedd7b584ca988e66e16c5a58ac57f62499b4cb797dff4ab22d4e8,toxinpred3_hybrid_score,numeric,true,same_frozen_numeric_contract,minimize,dimensionless,0.355,0.335,-0.019999999999999962,0.019999999999999962,true,169dd737d38922e03d102083e5c86a229c46456ad64f2a2582d21f953ddfea99
fgf2,8001b036bd64d5a328509eaadafc0815720451439e660e01b95f89167568e2da,masked_substitution,f870ea06388c09ad2b56e8d897d3fa6961f93bcf5cdeab8b18afa09e89ef4e91,primary_parent,33c93d5c40eedd7b584ca988e66e16c5a58ac57f62499b4cb797dff4ab22d4e8,toxinpred3_label,categorical,true,same_frozen_label_contract,audit,label,Non-Toxin,Non-Toxin,,,false,b270f9b61c10a7767b64f5201dbb48d909d05d99f33d3701e1e5621cef51df1a
fgf2,0b38914ebedadb77321e0ce9c93f34359cb7c92fdffa22ce3a9447768301f43d,masked_substitution,eb92d72736655ba363028cb635cad81ee25444646b43d51dd67f48fb851ac997,primary_parent,33c93d5c40eedd7b584ca988e66e16c5a58ac57f62499b4cb797dff4ab22d4e8,amp_read_log10_mic_um,numeric,true,same_frozen_numeric_contract,minimize,log10(uM),1.9308771815866161,1.7671769410909164,-0.16370024049569976,0.16370024049569976,true,e464614345259ca92fd3c4e28820f03f337f6ae0ee1bbc03ee3761d5992ba38c
fgf2,0b38914ebedadb77321e0ce9c93f34359cb7c92fdffa22ce3a9447768301f43d,masked_substitution,eb92d72736655ba363028cb635cad81ee25444646b43d51dd67f48fb851ac997,primary_parent,33c93d5c40eedd7b584ca988e66e16c5a58ac57f62499b4cb797dff4ab22d4e8,guruprasad_instability_index,numeric,true,same_frozen_numeric_contract,minimize,index,26.82381,22.78095238095238,-4.04285761904762,4.04285761904762,true,606ffdf6d323862da52462f1b98632e3cb39b55daa06f5d3711ea95fe1f900d7
fgf2,0b38914ebedadb77321e0ce9c93f34359cb7c92fdffa22ce3a9447768301f43d,masked_substitution,eb92d72736655ba363028cb635cad81ee25444646b43d51dd67f48fb851ac997,primary_parent,33c93d5c40eedd7b584ca988e66e16c5a58ac57f62499b4cb797dff4ab22d4e8,hydrophobic_moment_eisenberg,numeric,false,audit_metric_has_no_monotonic_improvement_direction,audit,dimensionless,0.20468947573195764,0.15409321306584417,-0.05059626266611347,,true,199eefff56fc2ab2c4d63fe85954c29d0bd092e7cb0ff5620c010e991a84e6f8
fgf2,0b38914ebedadb77321e0ce9c93f34359cb7c92fdffa22ce3a9447768301f43d,masked_substitution,eb92d72736655ba363028cb635cad81ee25444646b43d51dd67f48fb851ac997,primary_parent,33c93d5c40eedd7b584ca988e66e16c5a58ac57f62499b4cb797dff4ab22d4e8,hydrophobic_ratio_modlamp,numeric,false,audit_metric_has_no_monotonic_improvement_direction,audit,fraction,0.09523809523809523,0.09523809523809523,0.0,,false,6cfa9766a5f9864da057dded6247bc5d805fcff67ba2c5e4fd55e1e78b1b4509
fgf2,0b38914ebedadb77321e0ce9c93f34359cb7c92fdffa22ce3a9447768301f43d,masked_substitution,eb92d72736655ba363028cb635cad81ee25444646b43d51dd67f48fb851ac997,primary_parent,33c93d5c40eedd7b584ca988e66e16c5a58ac57f62499b4cb797dff4ab22d4e8,llamp_log10_mic_um,numeric,true,same_frozen_numeric_contract,minimize,log10(uM),1.4650440216064453,1.5090266466140747,0.043982625007629395,-0.043982625007629395,true,c660e9479886310292431ce2c9611d69e0ba67b8eae6bfc00471d39da890851f
fgf2,0b38914ebedadb77321e0ce9c93f34359cb7c92fdffa22ce3a9447768301f43d,masked_substitution,eb92d72736655ba363028cb635cad81ee25444646b43d51dd67f48fb851ac997,primary_parent,33c93d5c40eedd7b584ca988e66e16c5a58ac57f62499b4cb797dff4ab22d4e8,macrel_amp_probability,numeric,true,same_frozen_numeric_contract,maximize,probability,0.267,0.366,0.09899999999999998,0.09899999999999998,true,85ea9843717ac0036013e4cd579c35c5ca0385b6e967dade9a4506f6295d1188
fgf2,0b38914ebedadb77321e0ce9c93f34359cb7c92fdffa22ce3a9447768301f43d,masked_substitution,eb92d72736655ba363028cb635cad81ee25444646b43d51dd67f48fb851ac997,primary_parent,33c93d5c40eedd7b584ca988e66e16c5a58ac57f62499b4cb797dff4ab22d4e8,macrel_hemolysis_label,categorical,true,same_frozen_label_contract,audit,label,low,low,,,false,cf7a977a8300575a8be32bc777ebabc762bbfc4a4673f14cdbf1b97a18d823b4
fgf2,0b38914ebedadb77321e0ce9c93f34359cb7c92fdffa22ce3a9447768301f43d,masked_substitution,eb92d72736655ba363028cb635cad81ee25444646b43d51dd67f48fb851ac997,primary_parent,33c93d5c40eedd7b584ca988e66e16c5a58ac57f62499b4cb797dff4ab22d4e8,macrel_hemolysis_probability,numeric,true,same_frozen_numeric_contract,minimize,probability,0.396,0.426,0.02999999999999997,-0.02999999999999997,true,5c0aa91edcd8b28126d4c169cac6583197210c16e92837dc713e564d3c062645
fgf2,0b38914ebedadb77321e0ce9c93f34359cb7c92fdffa22ce3a9447768301f43d,masked_substitution,eb92d72736655ba363028cb635cad81ee25444646b43d51dd67f48fb851ac997,primary_parent,33c93d5c40eedd7b584ca988e66e16c5a58ac57f62499b4cb797dff4ab22d4e8,maximum_hydrophobic_run,numeric,true,same_frozen_numeric_contract,minimize,residues,1.0,1.0,0.0,-0.0,false,34433deac5dd8ee33d2c06f1abdb2c772e7bb51f90081428f6706df3874238ea
fgf2,0b38914ebedadb77321e0ce9c93f34359cb7c92fdffa22ce3a9447768301f43d,masked_substitution,eb92d72736655ba363028cb635cad81ee25444646b43d51dd67f48fb851ac997,primary_parent,33c93d5c40eedd7b584ca988e66e16c5a58ac57f62499b4cb797dff4ab22d4e8,net_charge_ph7_4,numeric,false,audit_metric_has_no_monotonic_improvement_direction,audit,elementary_charge,6.986,6.984,-0.0019999999999997797,,true,0330487f0b3e3f3bb953ea1302431e5f8b698a071b6f6788a9ac19e860206e4f
fgf2,0b38914ebedadb77321e0ce9c93f34359cb7c92fdffa22ce3a9447768301f43d,masked_substitution,eb92d72736655ba363028cb635cad81ee25444646b43d51dd67f48fb851ac997,primary_parent,33c93d5c40eedd7b584ca988e66e16c5a58ac57f62499b4cb797dff4ab22d4e8,toxinpred3_hybrid_score,numeric,true,same_frozen_numeric_contract,minimize,dimensionless,0.355,0.335,-0.019999999999999962,0.019999999999999962,true,3f09dd932973cf3a118536b7346c86b5d2a2d33d980379a755382782d6477760
fgf2,0b38914ebedadb77321e0ce9c93f34359cb7c92fdffa22ce3a9447768301f43d,masked_substitution,eb92d72736655ba363028cb635cad81ee25444646b43d51dd67f48fb851ac997,primary_parent,33c93d5c40eedd7b584ca988e66e16c5a58ac57f62499b4cb797dff4ab22d4e8,toxinpred3_label,categorical,true,same_frozen_label_contract,audit,label,Non-Toxin,Non-Toxin,,,false,340e55bf5ba9d05beccb33cb0d7146481444f8a1fe03ddb880332e073b843d31
fgf2,ea5f56777451a1f73e4bf491b00dff55d0f5de489ab9ca15dc7216158767dcc0,masked_substitution,86c6df3030f7853804736ff207f730962042c8da01dea12ab7b0f1f97294fc8f,primary_parent,33c93d5c40eedd7b584ca988e66e16c5a58ac57f62499b4cb797dff4ab22d4e8,amp_read_log10_mic_um,numeric,true,same_frozen_numeric_contract,minimize,log10(uM),1.9308771815866161,1.8611896340490257,-0.06968754753759043,0.06968754753759043,true,e89aa2abce6dc6a5b6767d588e734fe23ba0af5e50ebd94a0d1111003798e40c
fgf2,ea5f56777451a1f73e4bf491b00dff55d0f5de489ab9ca15dc7216158767dcc0,masked_substitution,86c6df3030f7853804736ff207f730962042c8da01dea12ab7b0f1f97294fc8f,primary_parent,33c93d5c40eedd7b584ca988e66e16c5a58ac57f62499b4cb797dff4ab22d4e8,guruprasad_instability_index,numeric,true,same_frozen_numeric_contract,minimize,index,26.82381,30.866666666666674,4.0428566666666725,-4.0428566666666725,true,3567f0f0f2367a0d8ccac53d97fca633d073e5f8a84990bac542daef57f23635
fgf2,ea5f56777451a1f73e4bf491b00dff55d0f5de489ab9ca15dc7216158767dcc0,masked_substitution,86c6df3030f7853804736ff207f730962042c8da01dea12ab7b0f1f97294fc8f,primary_parent,33c93d5c40eedd7b584ca988e66e16c5a58ac57f62499b4cb797dff4ab22d4e8,hydrophobic_moment_eisenberg,numeric,false,audit_metric_has_no_monotonic_improvement_direction,audit,dimensionless,0.20468947573195764,0.2209711157977863,0.016281640065828662,,true,fd8723b2d140eb7dc4113c7f1b07e8eb0f868c418babd07e451e61a208bcefac
fgf2,ea5f56777451a1f73e4bf491b00dff55d0f5de489ab9ca15dc7216158767dcc0,masked_substitution,86c6df3030f7853804736ff207f730962042c8da01dea12ab7b0f1f97294fc8f,primary_parent,33c93d5c40eedd7b584ca988e66e16c5a58ac57f62499b4cb797dff4ab22d4e8,hydrophobic_ratio_modlamp,numeric,false,audit_metric_has_no_monotonic_improvement_direction,audit,fraction,0.09523809523809523,0.14285714285714285,0.047619047619047616,,true,d500292bca2c1c1a5d1b83298ef6f0153e0a56098ba7b374a4c6dd84abbbc418
fgf2,ea5f56777451a1f73e4bf491b00dff55d0f5de489ab9ca15dc7216158767dcc0,masked_substitution,86c6df3030f7853804736ff207f730962042c8da01dea12ab7b0f1f97294fc8f,primary_parent,33c93d5c40eedd7b584ca988e66e16c5a58ac57f62499b4cb797dff4ab22d4e8,llamp_log10_mic_um,numeric,true,same_frozen_numeric_contract,minimize,log10(uM),1.4650440216064453,1.6103204488754272,0.14527642726898193,-0.14527642726898193,true,cfe791c30d189c84841352d468beb7a3b8aa58f60db9e695651986452e936a18
fgf2,ea5f56777451a1f73e4bf491b00dff55d0f5de489ab9ca15dc7216158767dcc0,masked_substitution,86c6df3030f7853804736ff207f730962042c8da01dea12ab7b0f1f97294fc8f,primary_parent,33c93d5c40eedd7b584ca988e66e16c5a58ac57f62499b4cb797dff4ab22d4e8,macrel_amp_probability,numeric,true,same_frozen_numeric_contract,maximize,probability,0.267,0.208,-0.059000000000000025,-0.059000000000000025,true,cea6d6cd173ac967515915c6ea3afcbf35cac06dee68d089495b48ad6ae85bbf
fgf2,ea5f56777451a1f73e4bf491b00dff55d0f5de489ab9ca15dc7216158767dcc0,masked_substitution,86c6df3030f7853804736ff207f730962042c8da01dea12ab7b0f1f97294fc8f,primary_parent,33c93d5c40eedd7b584ca988e66e16c5a58ac57f62499b4cb797dff4ab22d4e8,macrel_hemolysis_label,categorical,true,same_frozen_label_contract,audit,label,low,low,,,false,80470090ca768d77090ac5e74216024a51dccad190c4bc30d9ae38c7673e3541
fgf2,ea5f56777451a1f73e4bf491b00dff55d0f5de489ab9ca15dc7216158767dcc0,masked_substitution,86c6df3030f7853804736ff207f730962042c8da01dea12ab7b0f1f97294fc8f,primary_parent,33c93d5c40eedd7b584ca988e66e16c5a58ac57f62499b4cb797dff4ab22d4e8,macrel_hemolysis_probability,numeric,true,same_frozen_numeric_contract,minimize,probability,0.396,0.317,-0.07900000000000001,0.07900000000000001,true,984c7851a933d6dbaf740451129f35590e653648e56317aa46c63a461132a6a5
fgf2,ea5f56777451a1f73e4bf491b00dff55d0f5de489ab9ca15dc7216158767dcc0,masked_substitution,86c6df3030f7853804736ff207f730962042c8da01dea12ab7b0f1f97294fc8f,primary_parent,33c93d5c40eedd7b584ca988e66e16c5a58ac57f62499b4cb797dff4ab22d4e8,maximum_hydrophobic_run,numeric,true,same_frozen_numeric_contract,minimize,residues,1.0,2.0,1.0,-1.0,true,78b6d61253f37cee0131bca2f022016e882a23ca56603a6f768082aab89b47db
fgf2,ea5f56777451a1f73e4bf491b00dff55d0f5de489ab9ca15dc7216158767dcc0,masked_substitution,86c6df3030f7853804736ff207f730962042c8da01dea12ab7b0f1f97294fc8f,primary_parent,33c93d5c40eedd7b584ca988e66e16c5a58ac57f62499b4cb797dff4ab22d4e8,net_charge_ph7_4,numeric,false,audit_metric_has_no_monotonic_improvement_direction,audit,elementary_charge,6.986,5.987,-0.9989999999999997,,true,f1e353429400508fdc7c1a7737ca60f56f98c057bd135ff517a7336994dc8faa
fgf2,ea5f56777451a1f73e4bf491b00dff55d0f5de489ab9ca15dc7216158767dcc0,masked_substitution,86c6df3030f7853804736ff207f730962042c8da01dea12ab7b0f1f97294fc8f,primary_parent,33c93d5c40eedd7b584ca988e66e16c5a58ac57f62499b4cb797dff4ab22d4e8,toxinpred3_hybrid_score,numeric,true,same_frozen_numeric_contract,minimize,dimensionless,0.355,0.355,0.0,-0.0,false,0656ecbea1257317ef9c338945b60c596db7782eeb6b78452b06d8029a0bd10d
fgf2,ea5f56777451a1f73e4bf491b00dff55d0f5de489ab9ca15dc7216158767dcc0,masked_substitution,86c6df3030f7853804736ff207f730962042c8da01dea12ab7b0f1f97294fc8f,primary_parent,33c93d5c40eedd7b584ca988e66e16c5a58ac57f62499b4cb797dff4ab22d4e8,toxinpred3_label,categorical,true,same_frozen_label_contract,audit,label,Non-Toxin,Non-Toxin,,,false,23fce42ef5fc4c78b27792512e4bd0054908fae224d0ad56ec79e30a1aa212f1
fgf2,697157a4e1e1a324a3388fc304c2e4e4530862a2b38f7562f4c155d271b79fba,masked_substitution,2627ebacfce00f695e133a304ef76f9a21d421be73f35a526c620888e7ab7cc1,primary_parent,33c93d5c40eedd7b584ca988e66e16c5a58ac57f62499b4cb797dff4ab22d4e8,amp_read_log10_mic_um,numeric,true,same_frozen_numeric_contract,minimize,log10(uM),1.9308771815866161,1.8822272664416622,-0.04864991514495398,0.04864991514495398,true,45e40db982962797dcc43a54a629ac90c7e7927390d0949199787426117c7442
fgf2,697157a4e1e1a324a3388fc304c2e4e4530862a2b38f7562f4c155d271b79fba,masked_substitution,2627ebacfce00f695e133a304ef76f9a21d421be73f35a526c620888e7ab7cc1,primary_parent,33c93d5c40eedd7b584ca988e66e16c5a58ac57f62499b4cb797dff4ab22d4e8,guruprasad_instability_index,numeric,true,same_frozen_numeric_contract,minimize,index,26.82381,26.82380952380953,-4.7619047194302766e-07,4.7619047194302766e-07,true,86ccbb733acc1160adba080e992ae7927a0ef77f325edba043593cab0438d763
fgf2,697157a4e1e1a324a3388fc304c2e4e4530862a2b38f7562f4c155d271b79fba,masked_substitution,2627ebacfce00f695e133a304ef76f9a21d421be73f35a526c620888e7ab7cc1,primary_parent,33c93d5c40eedd7b584ca988e66e16c5a58ac57f62499b4cb797dff4ab22d4e8,hydrophobic_moment_eisenberg,numeric,false,audit_metric_has_no_monotonic_improvement_direction,audit,dimensionless,0.20468947573195764,0.23771278720305963,0.03302331147110199,,true,e47226c801a3c8f01f9773b3eaf9764a9aaae6e537bd70ceaf2d47807786eb46
fgf2,697157a4e1e1a324a3388fc304c2e4e4530862a2b38f7562f4c155d271b79fba,masked_substitution,2627ebacfce00f695e133a304ef76f9a21d421be73f35a526c620888e7ab7cc1,primary_parent,33c93d5c40eedd7b584ca988e66e16c5a58ac57f62499b4cb797dff4ab22d4e8,hydrophobic_ratio_modlamp,numeric,false,audit_metric_has_no_monotonic_improvement_direction,audit,fraction,0.09523809523809523,0.14285714285714285,0.047619047619047616,,true,2b272006c1092d95e89078ce8658bbe4ce5e9eb2b2d16cfdebe5e3d8aea9d5c3
fgf2,697157a4e1e1a324a3388fc304c2e4e4530862a2b38f7562f4c155d271b79fba,masked_substitution,2627ebacfce00f695e133a304ef76f9a21d421be73f35a526c620888e7ab7cc1,primary_parent,33c93d5c40eedd7b584ca988e66e16c5a58ac57f62499b4cb797dff4ab22d4e8,llamp_log10_mic_um,numeric,true,same_frozen_numeric_contract,minimize,log10(uM),1.4650440216064453,1.7378839254379272,0.27283990383148193,-0.27283990383148193,true,0886d5a2d9c89d2ba2ee464761b133e8b9d77a12c62aaf515af7793d5a6dab3f
fgf2,697157a4e1e1a324a3388fc304c2e4e4530862a2b38f7562f4c155d271b79fba,masked_substitution,2627ebacfce00f695e133a304ef76f9a21d421be73f35a526c620888e7ab7cc1,primary_parent,33c93d5c40eedd7b584ca988e66e16c5a58ac57f62499b4cb797dff4ab22d4e8,macrel_amp_probability,numeric,true,same_frozen_numeric_contract,maximize,probability,0.267,0.228,-0.03900000000000001,-0.03900000000000001,true,6c471cfeb7f50a1d9af2e2f795540ee1deb9b8b89265fd40aa87a5fac3418ef8
fgf2,697157a4e1e1a324a3388fc304c2e4e4530862a2b38f7562f4c155d271b79fba,masked_substitution,2627ebacfce00f695e133a304ef76f9a21d421be73f35a526c620888e7ab7cc1,primary_parent,33c93d5c40eedd7b584ca988e66e16c5a58ac57f62499b4cb797dff4ab22d4e8,macrel_hemolysis_label,categorical,true,same_frozen_label_contract,audit,label,low,low,,,false,f91deeb62830b361f1c2221be378e067acf1fd0119426d4fcc3f1ce54a25a874
fgf2,697157a4e1e1a324a3388fc304c2e4e4530862a2b38f7562f4c155d271b79fba,masked_substitution,2627ebacfce00f695e133a304ef76f9a21d421be73f35a526c620888e7ab7cc1,primary_parent,33c93d5c40eedd7b584ca988e66e16c5a58ac57f62499b4cb797dff4ab22d4e8,macrel_hemolysis_probability,numeric,true,same_frozen_numeric_contract,minimize,probability,0.396,0.386,-0.010000000000000009,0.010000000000000009,true,96ca2ccb6aef7aa956d8cb1309296c4d6ddb00777b98421cce6f867378a913a2
fgf2,697157a4e1e1a324a3388fc304c2e4e4530862a2b38f7562f4c155d271b79fba,masked_substitution,2627ebacfce00f695e133a304ef76f9a21d421be73f35a526c620888e7ab7cc1,primary_parent,33c93d5c40eedd7b584ca988e66e16c5a58ac57f62499b4cb797dff4ab22d4e8,maximum_hydrophobic_run,numeric,true,same_frozen_numeric_contract,minimize,residues,1.0,2.0,1.0,-1.0,true,801c6bc4c4b429521ec048438c71277f4d27f64c271e28116cd3c4877f4f4ac0
fgf2,697157a4e1e1a324a3388fc304c2e4e4530862a2b38f7562f4c155d271b79fba,masked_substitution,2627ebacfce00f695e133a304ef76f9a21d421be73f35a526c620888e7ab7cc1,primary_parent,33c93d5c40eedd7b584ca988e66e16c5a58ac57f62499b4cb797dff4ab22d4e8,net_charge_ph7_4,numeric,false,audit_metric_has_no_monotonic_improvement_direction,audit,elementary_charge,6.986,5.987,-0.9989999999999997,,true,0aba4dffb255269c7a4ea96572dbd77d7c55302c0735878bb85e881c6614c1fa
fgf2,697157a4e1e1a324a3388fc304c2e4e4530862a2b38f7562f4c155d271b79fba,masked_substitution,2627ebacfce00f695e133a304ef76f9a21d421be73f35a526c620888e7ab7cc1,primary_parent,33c93d5c40eedd7b584ca988e66e16c5a58ac57f62499b4cb797dff4ab22d4e8,toxinpred3_hybrid_score,numeric,true,same_frozen_numeric_contract,minimize,dimensionless,0.355,0.315,-0.03999999999999998,0.03999999999999998,true,6906d95e59fd17d5d8588db1dc668e6245aaf215532b20bd18f04549f6b4cc2b
fgf2,697157a4e1e1a324a3388fc304c2e4e4530862a2b38f7562f4c155d271b79fba,masked_substitution,2627ebacfce00f695e133a304ef76f9a21d421be73f35a526c620888e7ab7cc1,primary_parent,33c93d5c40eedd7b584ca988e66e16c5a58ac57f62499b4cb797dff4ab22d4e8,toxinpred3_label,categorical,true,same_frozen_label_contract,audit,label,Non-Toxin,Non-Toxin,,,false,dd614572cd093587a7723c2fd55dd0a125af1f2c21fdf8e08dde1a8f791355d6
fgf2,1d2642a4123275687cb55fab881555dd3efe16efc74b0d6ed69daeeef8e2e5ea,masked_substitution,2ce704b4ac2fcef2f290095740f1e6b093d9bff878fcc6ba098c3449cc2c6d6e,primary_parent,33c93d5c40eedd7b584ca988e66e16c5a58ac57f62499b4cb797dff4ab22d4e8,amp_read_log10_mic_um,numeric,true,same_frozen_numeric_contract,minimize,log10(uM),1.9308771815866161,1.83531629822078,-0.09556088336583612,0.09556088336583612,true,1ffc72918ee5d89413b39e4545ebad091570e1d207c48d0180428a6bf426dde3
fgf2,1d2642a4123275687cb55fab881555dd3efe16efc74b0d6ed69daeeef8e2e5ea,masked_substitution,2ce704b4ac2fcef2f290095740f1e6b093d9bff878fcc6ba098c3449cc2c6d6e,primary_parent,33c93d5c40eedd7b584ca988e66e16c5a58ac57f62499b4cb797dff4ab22d4e8,guruprasad_instability_index,numeric,true,same_frozen_numeric_contract,minimize,index,26.82381,27.276190476190482,0.4523804761904806,-0.4523804761904806,true,9b4ebbe181cc9d14ab56efb9ae17c11b005b0de77e7c6c2bfbe4d940e998a56c
fgf2,1d2642a4123275687cb55fab881555dd3efe16efc74b0d6ed69daeeef8e2e5ea,masked_substitution,2ce704b4ac2fcef2f290095740f1e6b093d9bff878fcc6ba098c3449cc2c6d6e,primary_parent,33c93d5c40eedd7b584ca988e66e16c5a58ac57f62499b4cb797dff4ab22d4e8,hydrophobic_moment_eisenberg,numeric,false,audit_metric_has_no_monotonic_improvement_direction,audit,dimensionless,0.20468947573195764,0.23071047885977491,0.02602100312781727,,true,edf6a75baefe857a2f3113f2072e7e5bd1aa5826146b664da2c139c190adbf6e
fgf2,1d2642a4123275687cb55fab881555dd3efe16efc74b0d6ed69daeeef8e2e5ea,masked_substitution,2ce704b4ac2fcef2f290095740f1e6b093d9bff878fcc6ba098c3449cc2c6d6e,primary_parent,33c93d5c40eedd7b584ca988e66e16c5a58ac57f62499b4cb797dff4ab22d4e8,hydrophobic_ratio_modlamp,numeric,false,audit_metric_has_no_monotonic_improvement_direction,audit,fraction,0.09523809523809523,0.14285714285714285,0.047619047619047616,,true,9b4d520e4d76bef2ed19f954c1d3776aeadae7392a0bb1b85540f0b9c5b078a5
fgf2,1d2642a4123275687cb55fab881555dd3efe16efc74b0d6ed69daeeef8e2e5ea,masked_substitution,2ce704b4ac2fcef2f290095740f1e6b093d9bff878fcc6ba098c3449cc2c6d6e,primary_parent,33c93d5c40eedd7b584ca988e66e16c5a58ac57f62499b4cb797dff4ab22d4e8,llamp_log10_mic_um,numeric,true,same_frozen_numeric_contract,minimize,log10(uM),1.4650440216064453,1.619895100593567,0.15485107898712158,-0.15485107898712158,true,d358f809a1b288fa02490d9a8f41665e24d3ffce661d90a325b9ab21e9dc47a4
fgf2,1d2642a4123275687cb55fab881555dd3efe16efc74b0d6ed69daeeef8e2e5ea,masked_substitution,2ce704b4ac2fcef2f290095740f1e6b093d9bff878fcc6ba098c3449cc2c6d6e,primary_parent,33c93d5c40eedd7b584ca988e66e16c5a58ac57f62499b4cb797dff4ab22d4e8,macrel_amp_probability,numeric,true,same_frozen_numeric_contract,maximize,probability,0.267,0.228,-0.03900000000000001,-0.03900000000000001,true,f10079ce325b9ab6878aa0c3069ff449e373211a24dec1720dba317f91ce0615
fgf2,1d2642a4123275687cb55fab881555dd3efe16efc74b0d6ed69daeeef8e2e5ea,masked_substitution,2ce704b4ac2fcef2f290095740f1e6b093d9bff878fcc6ba098c3449cc2c6d6e,primary_parent,33c93d5c40eedd7b584ca988e66e16c5a58ac57f62499b4cb797dff4ab22d4e8,macrel_hemolysis_label,categorical,true,same_frozen_label_contract,audit,label,low,low,,,false,3df401da727cc3dc13d62a9e5328a204497218d4ae66d6434be9d8b35bba4245
fgf2,1d2642a4123275687cb55fab881555dd3efe16efc74b0d6ed69daeeef8e2e5ea,masked_substitution,2ce704b4ac2fcef2f290095740f1e6b093d9bff878fcc6ba098c3449cc2c6d6e,primary_parent,33c93d5c40eedd7b584ca988e66e16c5a58ac57f62499b4cb797dff4ab22d4e8,macrel_hemolysis_probability,numeric,true,same_frozen_numeric_contract,minimize,probability,0.396,0.307,-0.08900000000000002,0.08900000000000002,true,1becbb83473f4c9403481d0799d4a1b978ee42ca138f6f3b72f0d8190edda206
fgf2,1d2642a4123275687cb55fab881555dd3efe16efc74b0d6ed69daeeef8e2e5ea,masked_substitution,2ce704b4ac2fcef2f290095740f1e6b093d9bff878fcc6ba098c3449cc2c6d6e,primary_parent,33c93d5c40eedd7b584ca988e66e16c5a58ac57f62499b4cb797dff4ab22d4e8,maximum_hydrophobic_run,numeric,true,same_frozen_numeric_contract,minimize,residues,1.0,2.0,1.0,-1.0,true,8ff9b7942f3f29ae028a4a1fdd1abbb943c60fb05a0c138586d0e81d9df4905b
fgf2,1d2642a4123275687cb55fab881555dd3efe16efc74b0d6ed69daeeef8e2e5ea,masked_substitution,2ce704b4ac2fcef2f290095740f1e6b093d9bff878fcc6ba098c3449cc2c6d6e,primary_parent,33c93d5c40eedd7b584ca988e66e16c5a58ac57f62499b4cb797dff4ab22d4e8,net_charge_ph7_4,numeric,false,audit_metric_has_no_monotonic_improvement_direction,audit,elementary_charge,6.986,5.987,-0.9989999999999997,,true,83735d69f38e43d2c4305228a8fabd260b3016c3d753e78ae1fda9dd6312a304
fgf2,1d2642a4123275687cb55fab881555dd3efe16efc74b0d6ed69daeeef8e2e5ea,masked_substitution,2ce704b4ac2fcef2f290095740f1e6b093d9bff878fcc6ba098c3449cc2c6d6e,primary_parent,33c93d5c40eedd7b584ca988e66e16c5a58ac57f62499b4cb797dff4ab22d4e8,toxinpred3_hybrid_score,numeric,true,same_frozen_numeric_contract,minimize,dimensionless,0.355,0.27,-0.08499999999999996,0.08499999999999996,true,d61c47f83cb095372a54476a542d355f961b1baf085c7e864095d8e10f2aa22d
fgf2,1d2642a4123275687cb55fab881555dd3efe16efc74b0d6ed69daeeef8e2e5ea,masked_substitution,2ce704b4ac2fcef2f290095740f1e6b093d9bff878fcc6ba098c3449cc2c6d6e,primary_parent,33c93d5c40eedd7b584ca988e66e16c5a58ac57f62499b4cb797dff4ab22d4e8,toxinpred3_label,categorical,true,same_frozen_label_contract,audit,label,Non-Toxin,Non-Toxin,,,false,4e0df7e62f0be7906c5953157fbb06b62ea556ddf59a8ac83c0b6496f1d0b249
fgf2,e8f8481ffb2a17be01ce0b193138e155d8e1c957f1e841e118f2846eb82c5a92,masked_substitution,cbc22fe833b9fed2350c23b145c6365bcfac567428fb46964ccf3908c7a5b299,primary_parent,33c93d5c40eedd7b584ca988e66e16c5a58ac57f62499b4cb797dff4ab22d4e8,amp_read_log10_mic_um,numeric,true,same_frozen_numeric_contract,minimize,log10(uM),1.9308771815866161,1.885824307081014,-0.04505287450560225,0.04505287450560225,true,640af81150817249a096c7c8b13b2a77a687cbe3653eb1c33bbaeeb1e92f0502
fgf2,e8f8481ffb2a17be01ce0b193138e155d8e1c957f1e841e118f2846eb82c5a92,masked_substitution,cbc22fe833b9fed2350c23b145c6365bcfac567428fb46964ccf3908c7a5b299,primary_parent,33c93d5c40eedd7b584ca988e66e16c5a58ac57f62499b4cb797dff4ab22d4e8,guruprasad_instability_index,numeric,true,same_frozen_numeric_contract,minimize,index,26.82381,27.276190476190482,0.4523804761904806,-0.4523804761904806,true,81f2e49961f7bb89c494778c4d40a3341eb65bbb8dc1167309b1463e0c5b4c12
fgf2,e8f8481ffb2a17be01ce0b193138e155d8e1c957f1e841e118f2846eb82c5a92,masked_substitution,cbc22fe833b9fed2350c23b145c6365bcfac567428fb46964ccf3908c7a5b299,primary_parent,33c93d5c40eedd7b584ca988e66e16c5a58ac57f62499b4cb797dff4ab22d4e8,hydrophobic_moment_eisenberg,numeric,false,audit_metric_has_no_monotonic_improvement_direction,audit,dimensionless,0.20468947573195764,0.23297064542519208,0.028281169693234437,,true,52344df4d5e5f4f99451a32e83634c872b945314d075d9674994a26704f66450
fgf2,e8f8481ffb2a17be01ce0b193138e155d8e1c957f1e841e118f2846eb82c5a92,masked_substitution,cbc22fe833b9fed2350c23b145c6365bcfac567428fb46964ccf3908c7a5b299,primary_parent,33c93d5c40eedd7b584ca988e66e16c5a58ac57f62499b4cb797dff4ab22d4e8,hydrophobic_ratio_modlamp,numeric,false,audit_metric_has_no_monotonic_improvement_direction,audit,fraction,0.09523809523809523,0.14285714285714285,0.047619047619047616,,true,0f49b5e8684ba3d70abe508475ac125c017af0e65d17826ba0ac7eb36a386cd0
fgf2,e8f8481ffb2a17be01ce0b193138e155d8e1c957f1e841e118f2846eb82c5a92,masked_substitution,cbc22fe833b9fed2350c23b145c6365bcfac567428fb46964ccf3908c7a5b299,primary_parent,33c93d5c40eedd7b584ca988e66e16c5a58ac57f62499b4cb797dff4ab22d4e8,llamp_log10_mic_um,numeric,true,same_frozen_numeric_contract,minimize,log10(uM),1.4650440216064453,1.638946771621704,0.1739027500152588,-0.1739027500152588,true,8a6b61ec22c841579d5a6a2fd6224b7524655a027ac2c0b92f1df575dac4c6ca
fgf2,e8f8481ffb2a17be01ce0b193138e155d8e1c957f1e841e118f2846eb82c5a92,masked_substitution,cbc22fe833b9fed2350c23b145c6365bcfac567428fb46964ccf3908c7a5b299,primary_parent,33c93d5c40eedd7b584ca988e66e16c5a58ac57f62499b4cb797dff4ab22d4e8,macrel_amp_probability,numeric,true,same_frozen_numeric_contract,maximize,probability,0.267,0.208,-0.059000000000000025,-0.059000000000000025,true,fe84151f957c213ae3d3d82a486ec60239c5eaee695adb38f30013afb9d72db7
fgf2,e8f8481ffb2a17be01ce0b193138e155d8e1c957f1e841e118f2846eb82c5a92,masked_substitution,cbc22fe833b9fed2350c23b145c6365bcfac567428fb46964ccf3908c7a5b299,primary_parent,33c93d5c40eedd7b584ca988e66e16c5a58ac57f62499b4cb797dff4ab22d4e8,macrel_hemolysis_label,categorical,true,same_frozen_label_contract,audit,label,low,low,,,false,1ab0b6416e09ea938852823c3cca7b51e08f1e2222bcc5249348b649a25adea7
fgf2,e8f8481ffb2a17be01ce0b193138e155d8e1c957f1e841e118f2846eb82c5a92,masked_substitution,cbc22fe833b9fed2350c23b145c6365bcfac567428fb46964ccf3908c7a5b299,primary_parent,33c93d5c40eedd7b584ca988e66e16c5a58ac57f62499b4cb797dff4ab22d4e8,macrel_hemolysis_probability,numeric,true,same_frozen_numeric_contract,minimize,probability,0.396,0.356,-0.040000000000000036,0.040000000000000036,true,5d1fa55a4554ae2a5a7a5f175c6f1675b12d527528e023841041e53eff0a576f
fgf2,e8f8481ffb2a17be01ce0b193138e155d8e1c957f1e841e118f2846eb82c5a92,masked_substitution,cbc22fe833b9fed2350c23b145c6365bcfac567428fb46964ccf3908c7a5b299,primary_parent,33c93d5c40eedd7b584ca988e66e16c5a58ac57f62499b4cb797dff4ab22d4e8,maximum_hydrophobic_run,numeric,true,same_frozen_numeric_contract,minimize,residues,1.0,2.0,1.0,-1.0,true,71ca114126ea6d08c907730fadc306d8df40adfe81b33a79f7d82b571ca2df93
fgf2,e8f8481ffb2a17be01ce0b193138e155d8e1c957f1e841e118f2846eb82c5a92,masked_substitution,cbc22fe833b9fed2350c23b145c6365bcfac567428fb46964ccf3908c7a5b299,primary_parent,33c93d5c40eedd7b584ca988e66e16c5a58ac57f62499b4cb797dff4ab22d4e8,net_charge_ph7_4,numeric,false,audit_metric_has_no_monotonic_improvement_direction,audit,elementary_charge,6.986,5.987,-0.9989999999999997,,true,89427ecd90ee41120e74b90a6518e4cf76ff9574ae1b2bf8b7e42b64fbfb329b
fgf2,e8f8481ffb2a17be01ce0b193138e155d8e1c957f1e841e118f2846eb82c5a92,masked_substitution,cbc22fe833b9fed2350c23b145c6365bcfac567428fb46964ccf3908c7a5b299,primary_parent,33c93d5c40eedd7b584ca988e66e16c5a58ac57f62499b4cb797dff4ab22d4e8,toxinpred3_hybrid_score,numeric,true,same_frozen_numeric_contract,minimize,dimensionless,0.355,0.355,0.0,-0.0,false,97b003c5b4dd60482045537524fb8aeb91c875ad8e4b5955239ca51e7c8c2009
fgf2,e8f8481ffb2a17be01ce0b193138e155d8e1c957f1e841e118f2846eb82c5a92,masked_substitution,cbc22fe833b9fed2350c23b145c6365bcfac567428fb46964ccf3908c7a5b299,primary_parent,33c93d5c40eedd7b584ca988e66e16c5a58ac57f62499b4cb797dff4ab22d4e8,toxinpred3_label,categorical,true,same_frozen_label_contract,audit,label,Non-Toxin,Non-Toxin,,,false,9023076d80d8113c002cf725ebb8511767e21123dd5d256402797d01c75ea3ca
fgf2,05649321dd2e05a12b55566d9026c945b21775bf5f103673ff231bceef1b70ae,masked_substitution,8732c71d24755ca4c9de1549e99ee3028c44d60c437d13e760a501ca6a59fca6,primary_parent,33c93d5c40eedd7b584ca988e66e16c5a58ac57f62499b4cb797dff4ab22d4e8,amp_read_log10_mic_um,numeric,true,same_frozen_numeric_contract,minimize,log10(uM),1.9308771815866161,1.731965801391071,-0.1989113801955451,0.1989113801955451,true,067b93a36163746fb16c4d32f10c698392ddf91cbcd5cd802a507c41b0a81d5e
fgf2,05649321dd2e05a12b55566d9026c945b21775bf5f103673ff231bceef1b70ae,masked_substitution,8732c71d24755ca4c9de1549e99ee3028c44d60c437d13e760a501ca6a59fca6,primary_parent,33c93d5c40eedd7b584ca988e66e16c5a58ac57f62499b4cb797dff4ab22d4e8,guruprasad_instability_index,numeric,true,same_frozen_numeric_contract,minimize,index,26.82381,26.82380952380953,-4.7619047194302766e-07,4.7619047194302766e-07,true,7bf4fb1e97a0d5abd10c673c19f7f80a1b2d442f6ad4e62b2aa90bed34587f1c
fgf2,05649321dd2e05a12b55566d9026c945b21775bf5f103673ff231bceef1b70ae,masked_substitution,8732c71d24755ca4c9de1549e99ee3028c44d60c437d13e760a501ca6a59fca6,primary_parent,33c93d5c40eedd7b584ca988e66e16c5a58ac57f62499b4cb797dff4ab22d4e8,hydrophobic_moment_eisenberg,numeric,false,audit_metric_has_no_monotonic_improvement_direction,audit,dimensionless,0.20468947573195764,0.22459874793903312,0.019909272207075474,,true,2ad65e587c0b826193b0ce9d0a3611eeba1d8b5aa3890ea5ce292efb12fa3e95
fgf2,05649321dd2e05a12b55566d9026c945b21775bf5f103673ff231bceef1b70ae,masked_substitution,8732c71d24755ca4c9de1549e99ee3028c44d60c437d13e760a501ca6a59fca6,primary_parent,33c93d5c40eedd7b584ca988e66e16c5a58ac57f62499b4cb797dff4ab22d4e8,hydrophobic_ratio_modlamp,numeric,false,audit_metric_has_no_monotonic_improvement_direction,audit,fraction,0.09523809523809523,0.09523809523809523,0.0,,false,1ac5d5caada9f0a6a2b15ebf6dafadd91286298e298e3b4cc67633d8b29385a6
fgf2,05649321dd2e05a12b55566d9026c945b21775bf5f103673ff231bceef1b70ae,masked_substitution,8732c71d24755ca4c9de1549e99ee3028c44d60c437d13e760a501ca6a59fca6,primary_parent,33c93d5c40eedd7b584ca988e66e16c5a58ac57f62499b4cb797dff4ab22d4e8,llamp_log10_mic_um,numeric,true,same_frozen_numeric_contract,minimize,log10(uM),1.4650440216064453,1.585547685623169,0.12050366401672363,-0.12050366401672363,true,6d0aa13ee7a7282b1af259ccbab50f9171a0f866dbca36e1af1cf15b321a8dc0
fgf2,05649321dd2e05a12b55566d9026c945b21775bf5f103673ff231bceef1b70ae,masked_substitution,8732c71d24755ca4c9de1549e99ee3028c44d60c437d13e760a501ca6a59fca6,primary_parent,33c93d5c40eedd7b584ca988e66e16c5a58ac57f62499b4cb797dff4ab22d4e8,macrel_amp_probability,numeric,true,same_frozen_numeric_contract,maximize,probability,0.267,0.208,-0.059000000000000025,-0.059000000000000025,true,9a8d805d6ddb3ed0aff426d78256862161a0278fe73ba6124b7deadce3226be3
fgf2,05649321dd2e05a12b55566d9026c945b21775bf5f103673ff231bceef1b70ae,masked_substitution,8732c71d24755ca4c9de1549e99ee3028c44d60c437d13e760a501ca6a59fca6,primary_parent,33c93d5c40eedd7b584ca988e66e16c5a58ac57f62499b4cb797dff4ab22d4e8,macrel_hemolysis_label,categorical,true,same_frozen_label_contract,audit,label,low,low,,,false,2d92bd2b1b12d47c5d26de5276f1adadcccda15f2edd0779e2cc498533eb0877
fgf2,05649321dd2e05a12b55566d9026c945b21775bf5f103673ff231bceef1b70ae,masked_substitution,8732c71d24755ca4c9de1549e99ee3028c44d60c437d13e760a501ca6a59fca6,primary_parent,33c93d5c40eedd7b584ca988e66e16c5a58ac57f62499b4cb797dff4ab22d4e8,macrel_hemolysis_probability,numeric,true,same_frozen_numeric_contract,minimize,probability,0.396,0.366,-0.030000000000000027,0.030000000000000027,true,4f0b3b92cdaae4a3f60615a9c69f26052d072ff1f27a062f47da40be5890a18e
fgf2,05649321dd2e05a12b55566d9026c945b21775bf5f103673ff231bceef1b70ae,masked_substitution,8732c71d24755ca4c9de1549e99ee3028c44d60c437d13e760a501ca6a59fca6,primary_parent,33c93d5c40eedd7b584ca988e66e16c5a58ac57f62499b4cb797dff4ab22d4e8,maximum_hydrophobic_run,numeric,true,same_frozen_numeric_contract,minimize,residues,1.0,2.0,1.0,-1.0,true,ec32bb661ca456b279efab72773ee04e86ae0dc2e46aba647ae8bfd6b17a69ef
fgf2,05649321dd2e05a12b55566d9026c945b21775bf5f103673ff231bceef1b70ae,masked_substitution,8732c71d24755ca4c9de1549e99ee3028c44d60c437d13e760a501ca6a59fca6,primary_parent,33c93d5c40eedd7b584ca988e66e16c5a58ac57f62499b4cb797dff4ab22d4e8,net_charge_ph7_4,numeric,false,audit_metric_has_no_monotonic_improvement_direction,audit,elementary_charge,6.986,5.987,-0.9989999999999997,,true,30bb1e7e46a033c6c32bd3ba09ef2c96a7bef187de5b638adc51826e47c50520
fgf2,05649321dd2e05a12b55566d9026c945b21775bf5f103673ff231bceef1b70ae,masked_substitution,8732c71d24755ca4c9de1549e99ee3028c44d60c437d13e760a501ca6a59fca6,primary_parent,33c93d5c40eedd7b584ca988e66e16c5a58ac57f62499b4cb797dff4ab22d4e8,toxinpred3_hybrid_score,numeric,true,same_frozen_numeric_contract,minimize,dimensionless,0.355,0.315,-0.03999999999999998,0.03999999999999998,true,b2ee6a915dcd69a76fbbc49c5f7d8c4433d776893147c2a25fe73d6b3a6d5931
fgf2,05649321dd2e05a12b55566d9026c945b21775bf5f103673ff231bceef1b70ae,masked_substitution,8732c71d24755ca4c9de1549e99ee3028c44d60c437d13e760a501ca6a59fca6,primary_parent,33c93d5c40eedd7b584ca988e66e16c5a58ac57f62499b4cb797dff4ab22d4e8,toxinpred3_label,categorical,true,same_frozen_label_contract,audit,label,Non-Toxin,Non-Toxin,,,false,c68dbf7a4466e8c7567c95fbd8f5070c0de71a9958a813e8c4884a6a86d9cd5d
fgf2,c68c1204b0fa634be3aba0b3ebe89951747351b42492ef45a897f4c06a3dabfc,masked_substitution,cd00ad6a4dd66e2888ad6e24ad00b64232500de82501cee21d0032d143b1a173,primary_parent,33c93d5c40eedd7b584ca988e66e16c5a58ac57f62499b4cb797dff4ab22d4e8,amp_read_log10_mic_um,numeric,true,same_frozen_numeric_contract,minimize,log10(uM),1.9308771815866161,1.829537847965386,-0.10133933362123004,0.10133933362123004,true,315bfe6d1f2fca6fe6ea4cc931a3ed08f3681b3faf3f57eae3c36090954c464d
fgf2,c68c1204b0fa634be3aba0b3ebe89951747351b42492ef45a897f4c06a3dabfc,masked_substitution,cd00ad6a4dd66e2888ad6e24ad00b64232500de82501cee21d0032d143b1a173,primary_parent,33c93d5c40eedd7b584ca988e66e16c5a58ac57f62499b4cb797dff4ab22d4e8,guruprasad_instability_index,numeric,true,same_frozen_numeric_contract,minimize,index,26.82381,27.276190476190482,0.4523804761904806,-0.4523804761904806,true,0aa29bcd535a1450e08e678c076c6a1a04f0f251e98b31b3c1c416223fe49cf7
fgf2,c68c1204b0fa634be3aba0b3ebe89951747351b42492ef45a897f4c06a3dabfc,masked_substitution,cd00ad6a4dd66e2888ad6e24ad00b64232500de82501cee21d0032d143b1a173,primary_parent,33c93d5c40eedd7b584ca988e66e16c5a58ac57f62499b4cb797dff4ab22d4e8,hydrophobic_moment_eisenberg,numeric,false,audit_metric_has_no_monotonic_improvement_direction,audit,dimensionless,0.20468947573195764,0.2149758824229871,0.010286406691029454,,true,b64f85eb04b2cc1988ed3e0f1b836c39d08b928a8d4a9fdd110af7b6cd3f92f4
fgf2,c68c1204b0fa634be3aba0b3ebe89951747351b42492ef45a897f4c06a3dabfc,masked_substitution,cd00ad6a4dd66e2888ad6e24ad00b64232500de82501cee21d0032d143b1a173,primary_parent,33c93d5c40eedd7b584ca988e66e16c5a58ac57f62499b4cb797dff4ab22d4e8,hydrophobic_ratio_modlamp,numeric,false,audit_metric_has_no_monotonic_improvement_direction,audit,fraction,0.09523809523809523,0.09523809523809523,0.0,,false,9225de268459f37de716e410eeafa51ebefb46b362f381c8828d4cbe778b009c
fgf2,c68c1204b0fa634be3aba0b3ebe89951747351b42492ef45a897f4c06a3dabfc,masked_substitution,cd00ad6a4dd66e2888ad6e24ad00b64232500de82501cee21d0032d143b1a173,primary_parent,33c93d5c40eedd7b584ca988e66e16c5a58ac57f62499b4cb797dff4ab22d4e8,llamp_log10_mic_um,numeric,true,same_frozen_numeric_contract,minimize,log10(uM),1.4650440216064453,1.5464544296264648,0.08141040802001953,-0.08141040802001953,true,fe5b9ed665814391779e2f1133e31486bf44fecf4b939bb01ecf90fd14e923be
fgf2,c68c1204b0fa634be3aba0b3ebe89951747351b42492ef45a897f4c06a3dabfc,masked_substitution,cd00ad6a4dd66e2888ad6e24ad00b64232500de82501cee21d0032d143b1a173,primary_parent,33c93d5c40eedd7b584ca988e66e16c5a58ac57f62499b4cb797dff4ab22d4e8,macrel_amp_probability,numeric,true,same_frozen_numeric_contract,maximize,probability,0.267,0.356,0.08899999999999997,0.08899999999999997,true,f63f6fdcf55b672a3ca0546ca8865674a2b8458716dfcba9f6a445048305e464
fgf2,c68c1204b0fa634be3aba0b3ebe89951747351b42492ef45a897f4c06a3dabfc,masked_substitution,cd00ad6a4dd66e2888ad6e24ad00b64232500de82501cee21d0032d143b1a173,primary_parent,33c93d5c40eedd7b584ca988e66e16c5a58ac57f62499b4cb797dff4ab22d4e8,macrel_hemolysis_label,categorical,true,same_frozen_label_contract,audit,label,low,low,,,false,e7b0ac57ab209bc06c50a321443b519f3173d4a96c87985c77d23d5cf6e6ae1e
fgf2,c68c1204b0fa634be3aba0b3ebe89951747351b42492ef45a897f4c06a3dabfc,masked_substitution,cd00ad6a4dd66e2888ad6e24ad00b64232500de82501cee21d0032d143b1a173,primary_parent,33c93d5c40eedd7b584ca988e66e16c5a58ac57f62499b4cb797dff4ab22d4e8,macrel_hemolysis_probability,numeric,true,same_frozen_numeric_contract,minimize,probability,0.396,0.366,-0.030000000000000027,0.030000000000000027,true,b29c90a9966dd1c06d6710aa3510279b39f5277fa6eb7639ea7f5236b8fbdd74
fgf2,c68c1204b0fa634be3aba0b3ebe89951747351b42492ef45a897f4c06a3dabfc,masked_substitution,cd00ad6a4dd66e2888ad6e24ad00b64232500de82501cee21d0032d143b1a173,primary_parent,33c93d5c40eedd7b584ca988e66e16c5a58ac57f62499b4cb797dff4ab22d4e8,maximum_hydrophobic_run,numeric,true,same_frozen_numeric_contract,minimize,residues,1.0,2.0,1.0,-1.0,true,80ee1d0319fd254c2586a705aff4c080c208bf5880347342ac008ca36e9feb03
fgf2,c68c1204b0fa634be3aba0b3ebe89951747351b42492ef45a897f4c06a3dabfc,masked_substitution,cd00ad6a4dd66e2888ad6e24ad00b64232500de82501cee21d0032d143b1a173,primary_parent,33c93d5c40eedd7b584ca988e66e16c5a58ac57f62499b4cb797dff4ab22d4e8,net_charge_ph7_4,numeric,false,audit_metric_has_no_monotonic_improvement_direction,audit,elementary_charge,6.986,5.985,-1.0009999999999994,,true,a1d2fd03dde4e5e7dc579552a955f5a7c3bafc21769aaf8e5af26dd62497356e
fgf2,c68c1204b0fa634be3aba0b3ebe89951747351b42492ef45a897f4c06a3dabfc,masked_substitution,cd00ad6a4dd66e2888ad6e24ad00b64232500de82501cee21d0032d143b1a173,primary_parent,33c93d5c40eedd7b584ca988e66e16c5a58ac57f62499b4cb797dff4ab22d4e8,toxinpred3_hybrid_score,numeric,true,same_frozen_numeric_contract,minimize,dimensionless,0.355,0.27,-0.08499999999999996,0.08499999999999996,true,5199c18a159f579ab414942d139ece39045bb8c30453559702e3488e9dc60604
fgf2,c68c1204b0fa634be3aba0b3ebe89951747351b42492ef45a897f4c06a3dabfc,masked_substitution,cd00ad6a4dd66e2888ad6e24ad00b64232500de82501cee21d0032d143b1a173,primary_parent,33c93d5c40eedd7b584ca988e66e16c5a58ac57f62499b4cb797dff4ab22d4e8,toxinpred3_label,categorical,true,same_frozen_label_contract,audit,label,Non-Toxin,Non-Toxin,,,false,2aee099b1fe70f673e0d433e8c1c12788465623b03621ebfd38153be752aac6f
fgf2,88d5e6a7cf64c5549b7b9838ef7312b1501765625f08bd219cb4f5a3a184fc7c,masked_substitution,43d1166e123682ff8d4cb88fa5c5b04ab2b5c2222965b017c42ce0d7f2d6ba4a,primary_parent,33c93d5c40eedd7b584ca988e66e16c5a58ac57f62499b4cb797dff4ab22d4e8,amp_read_log10_mic_um,numeric,true,same_frozen_numeric_contract,minimize,log10(uM),1.9308771815866161,1.856203316096989,-0.07467386548962707,0.07467386548962707,true,8e941ea64f378f080a91ae4057eb5fdb336fca6067457d3c7b84a43deba029c7
fgf2,88d5e6a7cf64c5549b7b9838ef7312b1501765625f08bd219cb4f5a3a184fc7c,masked_substitution,43d1166e123682ff8d4cb88fa5c5b04ab2b5c2222965b017c42ce0d7f2d6ba4a,primary_parent,33c93d5c40eedd7b584ca988e66e16c5a58ac57f62499b4cb797dff4ab22d4e8,guruprasad_instability_index,numeric,true,same_frozen_numeric_contract,minimize,index,26.82381,28.1952380952381,1.3714280952380982,-1.3714280952380982,true,d2bb4beab7ce6395b00dd535133589ce2670384558541493806d38b81ce902dc
fgf2,88d5e6a7cf64c5549b7b9838ef7312b1501765625f08bd219cb4f5a3a184fc7c,masked_substitution,43d1166e123682ff8d4cb88fa5c5b04ab2b5c2222965b017c42ce0d7f2d6ba4a,primary_parent,33c93d5c40eedd7b584ca988e66e16c5a58ac57f62499b4cb797dff4ab22d4e8,hydrophobic_moment_eisenberg,numeric,false,audit_metric_has_no_monotonic_improvement_direction,audit,dimensionless,0.20468947573195764,0.21420675059465963,0.009517274862701985,,true,f0aec914a467ef871b15b5af914b60ceaa22ccaec04e7ea9ce1149da74f5c808
fgf2,88d5e6a7cf64c5549b7b9838ef7312b1501765625f08bd219cb4f5a3a184fc7c,masked_substitution,43d1166e123682ff8d4cb88fa5c5b04ab2b5c2222965b017c42ce0d7f2d6ba4a,primary_parent,33c93d5c40eedd7b584ca988e66e16c5a58ac57f62499b4cb797dff4ab22d4e8,hydrophobic_ratio_modlamp,numeric,false,audit_metric_has_no_monotonic_improvement_direction,audit,fraction,0.09523809523809523,0.14285714285714285,0.047619047619047616,,true,a86e4aae30c066746a792f275946dcf0b7c5b0dfbc141ba6496e76a9c9b332c0
fgf2,88d5e6a7cf64c5549b7b9838ef7312b1501765625f08bd219cb4f5a3a184fc7c,masked_substitution,43d1166e123682ff8d4cb88fa5c5b04ab2b5c2222965b017c42ce0d7f2d6ba4a,primary_parent,33c93d5c40eedd7b584ca988e66e16c5a58ac57f62499b4cb797dff4ab22d4e8,llamp_log10_mic_um,numeric,true,same_frozen_numeric_contract,minimize,log10(uM),1.4650440216064453,1.8781347274780273,0.41309070587158203,-0.41309070587158203,true,bb3721e986bfadaa7232130d84d17c09fb1fd8a8068db5613ef9ef0ee27695e9
fgf2,88d5e6a7cf64c5549b7b9838ef7312b1501765625f08bd219cb4f5a3a184fc7c,masked_substitution,43d1166e123682ff8d4cb88fa5c5b04ab2b5c2222965b017c42ce0d7f2d6ba4a,primary_parent,33c93d5c40eedd7b584ca988e66e16c5a58ac57f62499b4cb797dff4ab22d4e8,macrel_amp_probability,numeric,true,same_frozen_numeric_contract,maximize,probability,0.267,0.228,-0.03900000000000001,-0.03900000000000001,true,5555cbfb32d5e0ef488626089b75342e95962dae3fd4c4ff1ccb3b51a2b0bf21
fgf2,88d5e6a7cf64c5549b7b9838ef7312b1501765625f08bd219cb4f5a3a184fc7c,masked_substitution,43d1166e123682ff8d4cb88fa5c5b04ab2b5c2222965b017c42ce0d7f2d6ba4a,primary_parent,33c93d5c40eedd7b584ca988e66e16c5a58ac57f62499b4cb797dff4ab22d4e8,macrel_hemolysis_label,categorical,true,same_frozen_label_contract,audit,label,low,low,,,false,0e1ac0943c10557002d700844d77ccb6fb6f1c63fa119ae432446639ccb76148
fgf2,88d5e6a7cf64c5549b7b9838ef7312b1501765625f08bd219cb4f5a3a184fc7c,masked_substitution,43d1166e123682ff8d4cb88fa5c5b04ab2b5c2222965b017c42ce0d7f2d6ba4a,primary_parent,33c93d5c40eedd7b584ca988e66e16c5a58ac57f62499b4cb797dff4ab22d4e8,macrel_hemolysis_probability,numeric,true,same_frozen_numeric_contract,minimize,probability,0.396,0.366,-0.030000000000000027,0.030000000000000027,true,cfccdd917e7a2ab88611e5985be32784f8dc5bccc4a9ba00fc6912f2cab54550
fgf2,88d5e6a7cf64c5549b7b9838ef7312b1501765625f08bd219cb4f5a3a184fc7c,masked_substitution,43d1166e123682ff8d4cb88fa5c5b04ab2b5c2222965b017c42ce0d7f2d6ba4a,primary_parent,33c93d5c40eedd7b584ca988e66e16c5a58ac57f62499b4cb797dff4ab22d4e8,maximum_hydrophobic_run,numeric,true,same_frozen_numeric_contract,minimize,residues,1.0,2.0,1.0,-1.0,true,76efe18141631c18df7568f982fa48559aa49240c5001756ce99893cbdac9c8c
fgf2,88d5e6a7cf64c5549b7b9838ef7312b1501765625f08bd219cb4f5a3a184fc7c,masked_substitution,43d1166e123682ff8d4cb88fa5c5b04ab2b5c2222965b017c42ce0d7f2d6ba4a,primary_parent,33c93d5c40eedd7b584ca988e66e16c5a58ac57f62499b4cb797dff4ab22d4e8,net_charge_ph7_4,numeric,false,audit_metric_has_no_monotonic_improvement_direction,audit,elementary_charge,6.986,5.987,-0.9989999999999997,,true,7c1954abd5fb7837c4d3eeb5580907acc081aa01467eb9f5059b64550a618afd
fgf2,88d5e6a7cf64c5549b7b9838ef7312b1501765625f08bd219cb4f5a3a184fc7c,masked_substitution,43d1166e123682ff8d4cb88fa5c5b04ab2b5c2222965b017c42ce0d7f2d6ba4a,primary_parent,33c93d5c40eedd7b584ca988e66e16c5a58ac57f62499b4cb797dff4ab22d4e8,toxinpred3_hybrid_score,numeric,true,same_frozen_numeric_contract,minimize,dimensionless,0.355,0.34,-0.014999999999999958,0.014999999999999958,true,fb782319912a3d5b35ad7cb242ba56d6e3851bf029a1dfcd9e1abb2aa8984a77
fgf2,88d5e6a7cf64c5549b7b9838ef7312b1501765625f08bd219cb4f5a3a184fc7c,masked_substitution,43d1166e123682ff8d4cb88fa5c5b04ab2b5c2222965b017c42ce0d7f2d6ba4a,primary_parent,33c93d5c40eedd7b584ca988e66e16c5a58ac57f62499b4cb797dff4ab22d4e8,toxinpred3_label,categorical,true,same_frozen_label_contract,audit,label,Non-Toxin,Non-Toxin,,,false,4e04f54edd1184d1a7fd54bcdbf794731601a5ccdcf94d3a74365973bd2d92c4
fgf2,459676c990a34b27fa2d11d11944ab1200381104d34978303b1ce9bf50146e15,masked_substitution,298f8943cbafbad72a7dcc6bf8f0d5a7535dfb4df3f7e42afc266ef6f619f620,primary_parent,33c93d5c40eedd7b584ca988e66e16c5a58ac57f62499b4cb797dff4ab22d4e8,amp_read_log10_mic_um,numeric,true,same_frozen_numeric_contract,minimize,log10(uM),1.9308771815866161,1.8695336478837787,-0.061343533702837405,0.061343533702837405,true,af06e7c64c0d2e4719b237596c569488594add669449b0f93607dec76ca4957d
fgf2,459676c990a34b27fa2d11d11944ab1200381104d34978303b1ce9bf50146e15,masked_substitution,298f8943cbafbad72a7dcc6bf8f0d5a7535dfb4df3f7e42afc266ef6f619f620,primary_parent,33c93d5c40eedd7b584ca988e66e16c5a58ac57f62499b4cb797dff4ab22d4e8,guruprasad_instability_index,numeric,true,same_frozen_numeric_contract,minimize,index,26.82381,28.1952380952381,1.3714280952380982,-1.3714280952380982,true,df682c8d3aaba2c438f152b3d270d97d2c0624b362815d823484eecb7aa0d5f9
fgf2,459676c990a34b27fa2d11d11944ab1200381104d34978303b1ce9bf50146e15,masked_substitution,298f8943cbafbad72a7dcc6bf8f0d5a7535dfb4df3f7e42afc266ef6f619f620,primary_parent,33c93d5c40eedd7b584ca988e66e16c5a58ac57f62499b4cb797dff4ab22d4e8,hydrophobic_moment_eisenberg,numeric,false,audit_metric_has_no_monotonic_improvement_direction,audit,dimensionless,0.20468947573195764,0.21067770145969972,0.005988225727742075,,true,79000043d7d1ef814b77c1b0724e2be02b43db596807c3d893822e15a9fbe2f3
fgf2,459676c990a34b27fa2d11d11944ab1200381104d34978303b1ce9bf50146e15,masked_substitution,298f8943cbafbad72a7dcc6bf8f0d5a7535dfb4df3f7e42afc266ef6f619f620,primary_parent,33c93d5c40eedd7b584ca988e66e16c5a58ac57f62499b4cb797dff4ab22d4e8,hydrophobic_ratio_modlamp,numeric,false,audit_metric_has_no_monotonic_improvement_direction,audit,fraction,0.09523809523809523,0.14285714285714285,0.047619047619047616,,true,637c61268f1ed065db59b2b0997bf80fa437474eeaf957d2139efcfe36526f14
fgf2,459676c990a34b27fa2d11d11944ab1200381104d34978303b1ce9bf50146e15,masked_substitution,298f8943cbafbad72a7dcc6bf8f0d5a7535dfb4df3f7e42afc266ef6f619f620,primary_parent,33c93d5c40eedd7b584ca988e66e16c5a58ac57f62499b4cb797dff4ab22d4e8,llamp_log10_mic_um,numeric,true,same_frozen_numeric_contract,minimize,log10(uM),1.4650440216064453,1.85000741481781,0.38496339321136475,-0.38496339321136475,true,13352594771f71edba075a2fb3d674ffaf25bf3438a94d413080b7d1ff282f18
fgf2,459676c990a34b27fa2d11d11944ab1200381104d34978303b1ce9bf50146e15,masked_substitution,298f8943cbafbad72a7dcc6bf8f0d5a7535dfb4df3f7e42afc266ef6f619f620,primary_parent,33c93d5c40eedd7b584ca988e66e16c5a58ac57f62499b4cb797dff4ab22d4e8,macrel_amp_probability,numeric,true,same_frozen_numeric_contract,maximize,probability,0.267,0.218,-0.049000000000000016,-0.049000000000000016,true,2261fe8a82caff5506cc16126f67c25e18ba6406d4ac7ca2ff4bce24fcdd1477
fgf2,459676c990a34b27fa2d11d11944ab1200381104d34978303b1ce9bf50146e15,masked_substitution,298f8943cbafbad72a7dcc6bf8f0d5a7535dfb4df3f7e42afc266ef6f619f620,primary_parent,33c93d5c40eedd7b584ca988e66e16c5a58ac57f62499b4cb797dff4ab22d4e8,macrel_hemolysis_label,categorical,true,same_frozen_label_contract,audit,label,low,low,,,false,73f2b7cf3b0a065fee1c8d7d86a451baaabc7795aa015ea398df0cafebb3a9b6
fgf2,459676c990a34b27fa2d11d11944ab1200381104d34978303b1ce9bf50146e15,masked_substitution,298f8943cbafbad72a7dcc6bf8f0d5a7535dfb4df3f7e42afc266ef6f619f620,primary_parent,33c93d5c40eedd7b584ca988e66e16c5a58ac57f62499b4cb797dff4ab22d4e8,macrel_hemolysis_probability,numeric,true,same_frozen_numeric_contract,minimize,probability,0.396,0.327,-0.069,0.069,true,d25dc8bd48d889569bf31cdb4c50676985c1a26697a7ce6dd33515fcec73d010
fgf2,459676c990a34b27fa2d11d11944ab1200381104d34978303b1ce9bf50146e15,masked_substitution,298f8943cbafbad72a7dcc6bf8f0d5a7535dfb4df3f7e42afc266ef6f619f620,primary_parent,33c93d5c40eedd7b584ca988e66e16c5a58ac57f62499b4cb797dff4ab22d4e8,maximum_hydrophobic_run,numeric,true,same_frozen_numeric_contract,minimize,residues,1.0,2.0,1.0,-1.0,true,d49bcb3675f1fdb884546657de9cd99ea019eec37766f74ced63689c286d9d53
fgf2,459676c990a34b27fa2d11d11944ab1200381104d34978303b1ce9bf50146e15,masked_substitution,298f8943cbafbad72a7dcc6bf8f0d5a7535dfb4df3f7e42afc266ef6f619f620,primary_parent,33c93d5c40eedd7b584ca988e66e16c5a58ac57f62499b4cb797dff4ab22d4e8,net_charge_ph7_4,numeric,false,audit_metric_has_no_monotonic_improvement_direction,audit,elementary_charge,6.986,5.987,-0.9989999999999997,,true,f8cb48626b26ac344f3e6c52ef255bbdca0d217c5c64de5c540117680642d8bd
fgf2,459676c990a34b27fa2d11d11944ab1200381104d34978303b1ce9bf50146e15,masked_substitution,298f8943cbafbad72a7dcc6bf8f0d5a7535dfb4df3f7e42afc266ef6f619f620,primary_parent,33c93d5c40eedd7b584ca988e66e16c5a58ac57f62499b4cb797dff4ab22d4e8,toxinpred3_hybrid_score,numeric,true,same_frozen_numeric_contract,minimize,dimensionless,0.355,0.365,0.010000000000000009,-0.010000000000000009,true,579a730d9d6992c6adfc90b5afbea4569e67265fc52e1f896ab6189ade5cf879
fgf2,459676c990a34b27fa2d11d11944ab1200381104d34978303b1ce9bf50146e15,masked_substitution,298f8943cbafbad72a7dcc6bf8f0d5a7535dfb4df3f7e42afc266ef6f619f620,primary_parent,33c93d5c40eedd7b584ca988e66e16c5a58ac57f62499b4cb797dff4ab22d4e8,toxinpred3_label,categorical,true,same_frozen_label_contract,audit,label,Non-Toxin,Non-Toxin,,,false,a633893463f162bd951f34e4068891742df34bd441f2b75d249e4b47c230dfb0
fgf2,ec229d1debf721b908fc44a7aa827c5b71fdfce9a941d07dc31cc4846ef33521,masked_substitution,986a0734e09dcf399f0f25ffa89239d5ce231ad73359f2c2814e41eb328662f4,primary_parent,33c93d5c40eedd7b584ca988e66e16c5a58ac57f62499b4cb797dff4ab22d4e8,amp_read_log10_mic_um,numeric,true,same_frozen_numeric_contract,minimize,log10(uM),1.9308771815866161,1.8901187633445762,-0.04075841824203996,0.04075841824203996,true,97c34eeabdef37ecbdda41b8e3ff2e4867364a309e36a818d5509e0ef14078ea
fgf2,ec229d1debf721b908fc44a7aa827c5b71fdfce9a941d07dc31cc4846ef33521,masked_substitution,986a0734e09dcf399f0f25ffa89239d5ce231ad73359f2c2814e41eb328662f4,primary_parent,33c93d5c40eedd7b584ca988e66e16c5a58ac57f62499b4cb797dff4ab22d4e8,guruprasad_instability_index,numeric,true,same_frozen_numeric_contract,minimize,index,26.82381,24.60476190476191,-2.21904809523809,2.21904809523809,true,fd070164d8be456e23a342a5ca6815b9a88109dc804266e52ac5e5d5589845d1
fgf2,ec229d1debf721b908fc44a7aa827c5b71fdfce9a941d07dc31cc4846ef33521,masked_substitution,986a0734e09dcf399f0f25ffa89239d5ce231ad73359f2c2814e41eb328662f4,primary_parent,33c93d5c40eedd7b584ca988e66e16c5a58ac57f62499b4cb797dff4ab22d4e8,hydrophobic_moment_eisenberg,numeric,false,audit_metric_has_no_monotonic_improvement_direction,audit,dimensionless,0.20468947573195764,0.19941832101796395,-0.005271154713993698,,true,fe603056b7528fcd69fd17d70f5a5855c425e370fb7db0e738aab47f86fb93f9
fgf2,ec229d1debf721b908fc44a7aa827c5b71fdfce9a941d07dc31cc4846ef33521,masked_substitution,986a0734e09dcf399f0f25ffa89239d5ce231ad73359f2c2814e41eb328662f4,primary_parent,33c93d5c40eedd7b584ca988e66e16c5a58ac57f62499b4cb797dff4ab22d4e8,hydrophobic_ratio_modlamp,numeric,false,audit_metric_has_no_monotonic_improvement_direction,audit,fraction,0.09523809523809523,0.09523809523809523,0.0,,false,6b0b0f3fe81f015bafed7ce21be46f5d0fac306723ec55cab52762bc9e5a1526
fgf2,ec229d1debf721b908fc44a7aa827c5b71fdfce9a941d07dc31cc4846ef33521,masked_substitution,986a0734e09dcf399f0f25ffa89239d5ce231ad73359f2c2814e41eb328662f4,primary_parent,33c93d5c40eedd7b584ca988e66e16c5a58ac57f62499b4cb797dff4ab22d4e8,llamp_log10_mic_um,numeric,true,same_frozen_numeric_contract,minimize,log10(uM),1.4650440216064453,1.822330117225647,0.35728609561920166,-0.35728609561920166,true,8c81f5045c817bf2e756a4c4209ec18cd70543734edd858a4909918f2191dd01
fgf2,ec229d1debf721b908fc44a7aa827c5b71fdfce9a941d07dc31cc4846ef33521,masked_substitution,986a0734e09dcf399f0f25ffa89239d5ce231ad73359f2c2814e41eb328662f4,primary_parent,33c93d5c40eedd7b584ca988e66e16c5a58ac57f62499b4cb797dff4ab22d4e8,macrel_amp_probability,numeric,true,same_frozen_numeric_contract,maximize,probability,0.267,0.366,0.09899999999999998,0.09899999999999998,true,9009428e674a739bb0718a6ce57a2a9d9f5920867e86176b10f8a284cbb3d004
fgf2,ec229d1debf721b908fc44a7aa827c5b71fdfce9a941d07dc31cc4846ef33521,masked_substitution,986a0734e09dcf399f0f25ffa89239d5ce231ad73359f2c2814e41eb328662f4,primary_parent,33c93d5c40eedd7b584ca988e66e16c5a58ac57f62499b4cb797dff4ab22d4e8,macrel_hemolysis_label,categorical,true,same_frozen_label_contract,audit,label,low,low,,,false,511f4cdf00d0cf15c130be47a72a57315ea10632a25548402de15235e20e3fa7
fgf2,ec229d1debf721b908fc44a7aa827c5b71fdfce9a941d07dc31cc4846ef33521,masked_substitution,986a0734e09dcf399f0f25ffa89239d5ce231ad73359f2c2814e41eb328662f4,primary_parent,33c93d5c40eedd7b584ca988e66e16c5a58ac57f62499b4cb797dff4ab22d4e8,macrel_hemolysis_probability,numeric,true,same_frozen_numeric_contract,minimize,probability,0.396,0.347,-0.049000000000000044,0.049000000000000044,true,95533d4185a71aea233f350c9d7230db02cee2fa9a873e2c163b642612c1339b
fgf2,ec229d1debf721b908fc44a7aa827c5b71fdfce9a941d07dc31cc4846ef33521,masked_substitution,986a0734e09dcf399f0f25ffa89239d5ce231ad73359f2c2814e41eb328662f4,primary_parent,33c93d5c40eedd7b584ca988e66e16c5a58ac57f62499b4cb797dff4ab22d4e8,maximum_hydrophobic_run,numeric,true,same_frozen_numeric_contract,minimize,residues,1.0,2.0,1.0,-1.0,true,e3d5291a745ba785b767dde3cfc1ab994fe3d7728511c9499dc8825909188bb4
fgf2,ec229d1debf721b908fc44a7aa827c5b71fdfce9a941d07dc31cc4846ef33521,masked_substitution,986a0734e09dcf399f0f25ffa89239d5ce231ad73359f2c2814e41eb328662f4,primary_parent,33c93d5c40eedd7b584ca988e66e16c5a58ac57f62499b4cb797dff4ab22d4e8,net_charge_ph7_4,numeric,false,audit_metric_has_no_monotonic_improvement_direction,audit,elementary_charge,6.986,5.985,-1.0009999999999994,,true,0107fe999133744f7cc6dc3beef7bc5396629241f777e77190a926126933c516
fgf2,ec229d1debf721b908fc44a7aa827c5b71fdfce9a941d07dc31cc4846ef33521,masked_substitution,986a0734e09dcf399f0f25ffa89239d5ce231ad73359f2c2814e41eb328662f4,primary_parent,33c93d5c40eedd7b584ca988e66e16c5a58ac57f62499b4cb797dff4ab22d4e8,toxinpred3_hybrid_score,numeric,true,same_frozen_numeric_contract,minimize,dimensionless,0.355,0.325,-0.02999999999999997,0.02999999999999997,true,49440764e8b79a313881b287d2b685746a92e0accd503855ca9deb4f4627c1e3
fgf2,ec229d1debf721b908fc44a7aa827c5b71fdfce9a941d07dc31cc4846ef33521,masked_substitution,986a0734e09dcf399f0f25ffa89239d5ce231ad73359f2c2814e41eb328662f4,primary_parent,33c93d5c40eedd7b584ca988e66e16c5a58ac57f62499b4cb797dff4ab22d4e8,toxinpred3_label,categorical,true,same_frozen_label_contract,audit,label,Non-Toxin,Non-Toxin,,,false,faae47674750227aa7ad7b6864b0ccedccc191da17ec0913edebbea294264030
fgf2,5004bd39b9bc12a8d4f57641a05def0aa003f6bbb1b72543d1fde1a163a2b3ba,masked_substitution,ef84b2c24abc89dacecb4e967dd7ceac4fc6b3346db2c2fd65d31199ff37317a,primary_parent,d1969ec3fedb2d0993151dc0c97d4dd5cb0efe5e809ba1a5f8715959deed7605,amp_read_log10_mic_um,numeric,true,same_frozen_numeric_contract,minimize,log10(uM),2.211254973534783,2.1701953150810303,-0.04105965845375259,0.04105965845375259,true,af1cbb2347771c9cd776cde174abafa4a7bda83fdc21e6a0bfbfc1eafd3091e6
fgf2,5004bd39b9bc12a8d4f57641a05def0aa003f6bbb1b72543d1fde1a163a2b3ba,masked_substitution,ef84b2c24abc89dacecb4e967dd7ceac4fc6b3346db2c2fd65d31199ff37317a,primary_parent,d1969ec3fedb2d0993151dc0c97d4dd5cb0efe5e809ba1a5f8715959deed7605,guruprasad_instability_index,numeric,true,same_frozen_numeric_contract,minimize,index,28.93913,28.93913043478261,4.347826099149188e-07,-4.347826099149188e-07,true,adbb69c536d1b56445950e6324d16924c1231816874d142c2133dadbe3f72139
fgf2,5004bd39b9bc12a8d4f57641a05def0aa003f6bbb1b72543d1fde1a163a2b3ba,masked_substitution,ef84b2c24abc89dacecb4e967dd7ceac4fc6b3346db2c2fd65d31199ff37317a,primary_parent,d1969ec3fedb2d0993151dc0c97d4dd5cb0efe5e809ba1a5f8715959deed7605,hydrophobic_moment_eisenberg,numeric,false,audit_metric_has_no_monotonic_improvement_direction,audit,dimensionless,0.03702862230433381,0.11988702909864622,0.08285840679431242,,true,f0875a29a1120728660ca92c1be83f9b172071bebad978aafb0af57af4248c3c
fgf2,5004bd39b9bc12a8d4f57641a05def0aa003f6bbb1b72543d1fde1a163a2b3ba,masked_substitution,ef84b2c24abc89dacecb4e967dd7ceac4fc6b3346db2c2fd65d31199ff37317a,primary_parent,d1969ec3fedb2d0993151dc0c97d4dd5cb0efe5e809ba1a5f8715959deed7605,hydrophobic_ratio_modlamp,numeric,false,audit_metric_has_no_monotonic_improvement_direction,audit,fraction,0.08695652173913043,0.13043478260869565,0.043478260869565216,,true,6771808caf23207642dc794cf0f82643b620527f2835102ae61e5b10075dbd42
fgf2,5004bd39b9bc12a8d4f57641a05def0aa003f6bbb1b72543d1fde1a163a2b3ba,masked_substitution,ef84b2c24abc89dacecb4e967dd7ceac4fc6b3346db2c2fd65d31199ff37317a,primary_parent,d1969ec3fedb2d0993151dc0c97d4dd5cb0efe5e809ba1a5f8715959deed7605,llamp_log10_mic_um,numeric,true,same_frozen_numeric_contract,minimize,log10(uM),1.0719242095947266,1.402130126953125,0.33020591735839844,-0.33020591735839844,true,83de31e1f6158b4a7f8449870ed94d3f1e486bbf89a77e5286439a959243bbff
fgf2,5004bd39b9bc12a8d4f57641a05def0aa003f6bbb1b72543d1fde1a163a2b3ba,masked_substitution,ef84b2c24abc89dacecb4e967dd7ceac4fc6b3346db2c2fd65d31199ff37317a,primary_parent,d1969ec3fedb2d0993151dc0c97d4dd5cb0efe5e809ba1a5f8715959deed7605,macrel_amp_probability,numeric,true,same_frozen_numeric_contract,maximize,probability,0.248,0.307,0.059,0.059,true,751dc606cb3136a39340c41819f3e0c18b0c966ec838323c9769da76fa9dbfb0
fgf2,5004bd39b9bc12a8d4f57641a05def0aa003f6bbb1b72543d1fde1a163a2b3ba,masked_substitution,ef84b2c24abc89dacecb4e967dd7ceac4fc6b3346db2c2fd65d31199ff37317a,primary_parent,d1969ec3fedb2d0993151dc0c97d4dd5cb0efe5e809ba1a5f8715959deed7605,macrel_hemolysis_label,categorical,true,same_frozen_label_contract,audit,label,low,low,,,false,97cd5fceb3acb4da34773a49d559b2c70be2fa774afcdc89b2cc3f06ae68cd8b
fgf2,5004bd39b9bc12a8d4f57641a05def0aa003f6bbb1b72543d1fde1a163a2b3ba,masked_substitution,ef84b2c24abc89dacecb4e967dd7ceac4fc6b3346db2c2fd65d31199ff37317a,primary_parent,d1969ec3fedb2d0993151dc0c97d4dd5cb0efe5e809ba1a5f8715959deed7605,macrel_hemolysis_probability,numeric,true,same_frozen_numeric_contract,minimize,probability,0.347,0.485,0.138,-0.138,true,afe31f45546edb2fdbb00677181ad05a59e45674b44c04ce0d6369db2ed19ff2
fgf2,5004bd39b9bc12a8d4f57641a05def0aa003f6bbb1b72543d1fde1a163a2b3ba,masked_substitution,ef84b2c24abc89dacecb4e967dd7ceac4fc6b3346db2c2fd65d31199ff37317a,primary_parent,d1969ec3fedb2d0993151dc0c97d4dd5cb0efe5e809ba1a5f8715959deed7605,maximum_hydrophobic_run,numeric,true,same_frozen_numeric_contract,minimize,residues,1.0,1.0,0.0,-0.0,false,3971dce51de6332ad9f4dc986a13a5c0fe9f8bef516aa8f719c472a449a8a8fd
fgf2,5004bd39b9bc12a8d4f57641a05def0aa003f6bbb1b72543d1fde1a163a2b3ba,masked_substitution,ef84b2c24abc89dacecb4e967dd7ceac4fc6b3346db2c2fd65d31199ff37317a,primary_parent,d1969ec3fedb2d0993151dc0c97d4dd5cb0efe5e809ba1a5f8715959deed7605,net_charge_ph7_4,numeric,false,audit_metric_has_no_monotonic_improvement_direction,audit,elementary_charge,10.025,9.026,-0.9990000000000006,,true,672791a45df3d8fff93bfa8557cfe6ab9545f20841edd056d600f04e35177368
fgf2,5004bd39b9bc12a8d4f57641a05def0aa003f6bbb1b72543d1fde1a163a2b3ba,masked_substitution,ef84b2c24abc89dacecb4e967dd7ceac4fc6b3346db2c2fd65d31199ff37317a,primary_parent,d1969ec3fedb2d0993151dc0c97d4dd5cb0efe5e809ba1a5f8715959deed7605,toxinpred3_hybrid_score,numeric,true,same_frozen_numeric_contract,minimize,dimensionless,0.3,0.305,0.0050000000000000044,-0.0050000000000000044,true,686fc05074f777af5e34cf46d815bae23d5393c19c210cbd5dfd36e84e974b19
fgf2,5004bd39b9bc12a8d4f57641a05def0aa003f6bbb1b72543d1fde1a163a2b3ba,masked_substitution,ef84b2c24abc89dacecb4e967dd7ceac4fc6b3346db2c2fd65d31199ff37317a,primary_parent,d1969ec3fedb2d0993151dc0c97d4dd5cb0efe5e809ba1a5f8715959deed7605,toxinpred3_label,categorical,true,same_frozen_label_contract,audit,label,Non-Toxin,Non-Toxin,,,false,cfe9135123fb907e95437dd6f7745ca143ed1ecf0bbd971b7f92357c09ea6bc1
fgf2,de2df2aa540f03a35386dd50b06193764229325ff4569c5f425251368daa97a2,masked_substitution,62d02c10a4277a2c64e5385e383c31be477eac1800c6916ab3173844ad3635cb,primary_parent,d1969ec3fedb2d0993151dc0c97d4dd5cb0efe5e809ba1a5f8715959deed7605,amp_read_log10_mic_um,numeric,true,same_frozen_numeric_contract,minimize,log10(uM),2.211254973534783,2.117663422600553,-0.09359155093422977,0.09359155093422977,true,f73c7a75b4df667de86f224956f00a6bc82cedf959e283ec50f87b759b83452e
fgf2,de2df2aa540f03a35386dd50b06193764229325ff4569c5f425251368daa97a2,masked_substitution,62d02c10a4277a2c64e5385e383c31be477eac1800c6916ab3173844ad3635cb,primary_parent,d1969ec3fedb2d0993151dc0c97d4dd5cb0efe5e809ba1a5f8715959deed7605,guruprasad_instability_index,numeric,true,same_frozen_numeric_contract,minimize,index,28.93913,25.24782608695652,-3.6913039130434804,3.6913039130434804,true,ac2db3e0c4a41dc70ae45a9f9752e4047df5e5a1c6705071d0e7162f56e8b9e4
fgf2,de2df2aa540f03a35386dd50b06193764229325ff4569c5f425251368daa97a2,masked_substitution,62d02c10a4277a2c64e5385e383c31be477eac1800c6916ab3173844ad3635cb,primary_parent,d1969ec3fedb2d0993151dc0c97d4dd5cb0efe5e809ba1a5f8715959deed7605,hydrophobic_moment_eisenberg,numeric,false,audit_metric_has_no_monotonic_improvement_direction,audit,dimensionless,0.03702862230433381,0.08364862961190829,0.04662000730757448,,true,4a7ecfe8b2684cf0f8e136805db2a08786ebb84d59e32f6d266cb85b517b5176
fgf2,de2df2aa540f03a35386dd50b06193764229325ff4569c5f425251368daa97a2,masked_substitution,62d02c10a4277a2c64e5385e383c31be477eac1800c6916ab3173844ad3635cb,primary_parent,d1969ec3fedb2d0993151dc0c97d4dd5cb0efe5e809ba1a5f8715959deed7605,hydrophobic_ratio_modlamp,numeric,false,audit_metric_has_no_monotonic_improvement_direction,audit,fraction,0.08695652173913043,0.13043478260869565,0.043478260869565216,,true,8795accc50aa1d17caa788480697168f1a3a89ffed6643d3f739a1f7177c4575
fgf2,de2df2aa540f03a35386dd50b06193764229325ff4569c5f425251368daa97a2,masked_substitution,62d02c10a4277a2c64e5385e383c31be477eac1800c6916ab3173844ad3635cb,primary_parent,d1969ec3fedb2d0993151dc0c97d4dd5cb0efe5e809ba1a5f8715959deed7605,llamp_log10_mic_um,numeric,true,same_frozen_numeric_contract,minimize,log10(uM),1.0719242095947266,1.5103899240493774,0.4384657144546509,-0.4384657144546509,true,9102932a046890bb2a492c6ff9fbec0b0d28d3137db94a2bdd5eca13c651a4b9
fgf2,de2df2aa540f03a35386dd50b06193764229325ff4569c5f425251368daa97a2,masked_substitution,62d02c10a4277a2c64e5385e383c31be477eac1800c6916ab3173844ad3635cb,primary_parent,d1969ec3fedb2d0993151dc0c97d4dd5cb0efe5e809ba1a5f8715959deed7605,macrel_amp_probability,numeric,true,same_frozen_numeric_contract,maximize,probability,0.248,0.248,0.0,0.0,false,9d0633af6d4914cea0ac4597b24aea10a83fd0db648bfb7d608241659e7db71f
fgf2,de2df2aa540f03a35386dd50b06193764229325ff4569c5f425251368daa97a2,masked_substitution,62d02c10a4277a2c64e5385e383c31be477eac1800c6916ab3173844ad3635cb,primary_parent,d1969ec3fedb2d0993151dc0c97d4dd5cb0efe5e809ba1a5f8715959deed7605,macrel_hemolysis_label,categorical,true,same_frozen_label_contract,audit,label,low,low,,,false,6f0ce9fe37f78fb1a5584a412441aeeb8cfaab07c7cf54d7825e5233bc0396fa
fgf2,de2df2aa540f03a35386dd50b06193764229325ff4569c5f425251368daa97a2,masked_substitution,62d02c10a4277a2c64e5385e383c31be477eac1800c6916ab3173844ad3635cb,primary_parent,d1969ec3fedb2d0993151dc0c97d4dd5cb0efe5e809ba1a5f8715959deed7605,macrel_hemolysis_probability,numeric,true,same_frozen_numeric_contract,minimize,probability,0.347,0.446,0.09900000000000003,-0.09900000000000003,true,9032426753bbebc481a0bc72b6edc0bf2b758f394d047f2517235e41604a6dca
fgf2,de2df2aa540f03a35386dd50b06193764229325ff4569c5f425251368daa97a2,masked_substitution,62d02c10a4277a2c64e5385e383c31be477eac1800c6916ab3173844ad3635cb,primary_parent,d1969ec3fedb2d0993151dc0c97d4dd5cb0efe5e809ba1a5f8715959deed7605,maximum_hydrophobic_run,numeric,true,same_frozen_numeric_contract,minimize,residues,1.0,1.0,0.0,-0.0,false,aa22be25974ccaae63259b452d5db220a3637592e89b3164540621f912803074
fgf2,de2df2aa540f03a35386dd50b06193764229325ff4569c5f425251368daa97a2,masked_substitution,62d02c10a4277a2c64e5385e383c31be477eac1800c6916ab3173844ad3635cb,primary_parent,d1969ec3fedb2d0993151dc0c97d4dd5cb0efe5e809ba1a5f8715959deed7605,net_charge_ph7_4,numeric,false,audit_metric_has_no_monotonic_improvement_direction,audit,elementary_charge,10.025,9.026,-0.9990000000000006,,true,c40c5a404e37871d89ccd01a15d5c5f4df7bf7921effb50612eb07087b412ece
fgf2,de2df2aa540f03a35386dd50b06193764229325ff4569c5f425251368daa97a2,masked_substitution,62d02c10a4277a2c64e5385e383c31be477eac1800c6916ab3173844ad3635cb,primary_parent,d1969ec3fedb2d0993151dc0c97d4dd5cb0efe5e809ba1a5f8715959deed7605,toxinpred3_hybrid_score,numeric,true,same_frozen_numeric_contract,minimize,dimensionless,0.3,0.35,0.04999999999999999,-0.04999999999999999,true,45a8ca921c0b6700ca4d54eb6836eb2c45ed77cbbc963787cdb7ff1e1a3b032f
fgf2,de2df2aa540f03a35386dd50b06193764229325ff4569c5f425251368daa97a2,masked_substitution,62d02c10a4277a2c64e5385e383c31be477eac1800c6916ab3173844ad3635cb,primary_parent,d1969ec3fedb2d0993151dc0c97d4dd5cb0efe5e809ba1a5f8715959deed7605,toxinpred3_label,categorical,true,same_frozen_label_contract,audit,label,Non-Toxin,Non-Toxin,,,false,256f45e34b4b513a965ef8e394a500aab427d1db675bed7bc5362f3b1943d5de
fgf2,bea7d593bee1c1165a69649cfd19b076df75cb56be858e24c4b8d8797744450c,masked_substitution,0c31d4566e419cb3a6705e2524868a06e0fd5b6a5e3d0be5905454a001a83c53,primary_parent,d1969ec3fedb2d0993151dc0c97d4dd5cb0efe5e809ba1a5f8715959deed7605,amp_read_log10_mic_um,numeric,true,same_frozen_numeric_contract,minimize,log10(uM),2.211254973534783,1.7576512821088992,-0.45360369142588364,0.45360369142588364,true,fdfe606c23e0bf1b5a7d24e6b2c040099a23c9b3e263168b76e9251434325901
fgf2,bea7d593bee1c1165a69649cfd19b076df75cb56be858e24c4b8d8797744450c,masked_substitution,0c31d4566e419cb3a6705e2524868a06e0fd5b6a5e3d0be5905454a001a83c53,primary_parent,d1969ec3fedb2d0993151dc0c97d4dd5cb0efe5e809ba1a5f8715959deed7605,guruprasad_instability_index,numeric,true,same_frozen_numeric_contract,minimize,index,28.93913,28.93913043478261,4.347826099149188e-07,-4.347826099149188e-07,true,1b743992ddd5fef40f8e3e250b2f482999c298f38cbd7c07fd76fd2fc3382037
fgf2,bea7d593bee1c1165a69649cfd19b076df75cb56be858e24c4b8d8797744450c,masked_substitution,0c31d4566e419cb3a6705e2524868a06e0fd5b6a5e3d0be5905454a001a83c53,primary_parent,d1969ec3fedb2d0993151dc0c97d4dd5cb0efe5e809ba1a5f8715959deed7605,hydrophobic_moment_eisenberg,numeric,false,audit_metric_has_no_monotonic_improvement_direction,audit,dimensionless,0.03702862230433381,0.07143688895581132,0.03440826665147751,,true,bbbd5794f6877f44cabf8abb06f4c5e4b47dd68c4f5d7f3d24ffe9693fb46df2
fgf2,bea7d593bee1c1165a69649cfd19b076df75cb56be858e24c4b8d8797744450c,masked_substitution,0c31d4566e419cb3a6705e2524868a06e0fd5b6a5e3d0be5905454a001a83c53,primary_parent,d1969ec3fedb2d0993151dc0c97d4dd5cb0efe5e809ba1a5f8715959deed7605,hydrophobic_ratio_modlamp,numeric,false,audit_metric_has_no_monotonic_improvement_direction,audit,fraction,0.08695652173913043,0.08695652173913043,0.0,,false,a4a16328ec574058aff988d1fb5c355ac0c3412a854578ee6d1bd5bee8132efd
fgf2,bea7d593bee1c1165a69649cfd19b076df75cb56be858e24c4b8d8797744450c,masked_substitution,0c31d4566e419cb3a6705e2524868a06e0fd5b6a5e3d0be5905454a001a83c53,primary_parent,d1969ec3fedb2d0993151dc0c97d4dd5cb0efe5e809ba1a5f8715959deed7605,llamp_log10_mic_um,numeric,true,same_frozen_numeric_contract,minimize,log10(uM),1.0719242095947266,1.2991881370544434,0.2272639274597168,-0.2272639274597168,true,c637a2d74518443c0d8b060799f943b17d9033478f681e0adf828337e5a71a24
fgf2,bea7d593bee1c1165a69649cfd19b076df75cb56be858e24c4b8d8797744450c,masked_substitution,0c31d4566e419cb3a6705e2524868a06e0fd5b6a5e3d0be5905454a001a83c53,primary_parent,d1969ec3fedb2d0993151dc0c97d4dd5cb0efe5e809ba1a5f8715959deed7605,macrel_amp_probability,numeric,true,same_frozen_numeric_contract,maximize,probability,0.248,0.248,0.0,0.0,false,7a96462cdbc46f78aacca25d2da36de48a470cbffb97ab235d24129592c4296f
fgf2,bea7d593bee1c1165a69649cfd19b076df75cb56be858e24c4b8d8797744450c,masked_substitution,0c31d4566e419cb3a6705e2524868a06e0fd5b6a5e3d0be5905454a001a83c53,primary_parent,d1969ec3fedb2d0993151dc0c97d4dd5cb0efe5e809ba1a5f8715959deed7605,macrel_hemolysis_label,categorical,true,same_frozen_label_contract,audit,label,low,low,,,false,a7a085571262422d0b2cb1f13be64667a469b2e485a82db59b6cb24e30527392
fgf2,bea7d593bee1c1165a69649cfd19b076df75cb56be858e24c4b8d8797744450c,masked_substitution,0c31d4566e419cb3a6705e2524868a06e0fd5b6a5e3d0be5905454a001a83c53,primary_parent,d1969ec3fedb2d0993151dc0c97d4dd5cb0efe5e809ba1a5f8715959deed7605,macrel_hemolysis_probability,numeric,true,same_frozen_numeric_contract,minimize,probability,0.347,0.465,0.11800000000000005,-0.11800000000000005,true,2a97ae840550198f127ba742e74ba7ca8fa9b3b02547f081b0561fd787cee4b4
fgf2,bea7d593bee1c1165a69649cfd19b076df75cb56be858e24c4b8d8797744450c,masked_substitution,0c31d4566e419cb3a6705e2524868a06e0fd5b6a5e3d0be5905454a001a83c53,primary_parent,d1969ec3fedb2d0993151dc0c97d4dd5cb0efe5e809ba1a5f8715959deed7605,maximum_hydrophobic_run,numeric,true,same_frozen_numeric_contract,minimize,residues,1.0,1.0,0.0,-0.0,false,e7587d29968d5ac3e3d84649414dfa56286769abf5ca378fe8af22737d442ec2
fgf2,bea7d593bee1c1165a69649cfd19b076df75cb56be858e24c4b8d8797744450c,masked_substitution,0c31d4566e419cb3a6705e2524868a06e0fd5b6a5e3d0be5905454a001a83c53,primary_parent,d1969ec3fedb2d0993151dc0c97d4dd5cb0efe5e809ba1a5f8715959deed7605,net_charge_ph7_4,numeric,false,audit_metric_has_no_monotonic_improvement_direction,audit,elementary_charge,10.025,9.026,-0.9990000000000006,,true,42516c6084fc5683f76c335fb4b11bc042ad4a2ff1b9ff694ab4064d6be158de
fgf2,bea7d593bee1c1165a69649cfd19b076df75cb56be858e24c4b8d8797744450c,masked_substitution,0c31d4566e419cb3a6705e2524868a06e0fd5b6a5e3d0be5905454a001a83c53,primary_parent,d1969ec3fedb2d0993151dc0c97d4dd5cb0efe5e809ba1a5f8715959deed7605,toxinpred3_hybrid_score,numeric,true,same_frozen_numeric_contract,minimize,dimensionless,0.3,0.38,0.08000000000000002,-0.08000000000000002,true,1a0a598e1bc1bcf6d80c759a5b93fb3459e3455c057dec1317abddc6e1e225a3
fgf2,bea7d593bee1c1165a69649cfd19b076df75cb56be858e24c4b8d8797744450c,masked_substitution,0c31d4566e419cb3a6705e2524868a06e0fd5b6a5e3d0be5905454a001a83c53,primary_parent,d1969ec3fedb2d0993151dc0c97d4dd5cb0efe5e809ba1a5f8715959deed7605,toxinpred3_label,categorical,true,same_frozen_label_contract,audit,label,Non-Toxin,Non-Toxin,,,false,b5f894d1d7056ec93fea5935be9e14e45dea79f929b1da0cb98b844c94d81015
fgf2,fbc657e8a28729e3da3e337ac23aafa6eb2c6813611d713989a19b12858193fa,masked_substitution,794d7a2ccbb48735a9b2410248918ea1d4886798a8675b55e554345dc8e2c298,primary_parent,d1969ec3fedb2d0993151dc0c97d4dd5cb0efe5e809ba1a5f8715959deed7605,amp_read_log10_mic_um,numeric,true,same_frozen_numeric_contract,minimize,log10(uM),2.211254973534783,1.9529711847856963,-0.25828378874908653,0.25828378874908653,true,0b12062f678ae8080a5b3003c3cca5c7e473602d70a568082642546273aa5bb7
fgf2,fbc657e8a28729e3da3e337ac23aafa6eb2c6813611d713989a19b12858193fa,masked_substitution,794d7a2ccbb48735a9b2410248918ea1d4886798a8675b55e554345dc8e2c298,primary_parent,d1969ec3fedb2d0993151dc0c97d4dd5cb0efe5e809ba1a5f8715959deed7605,guruprasad_instability_index,numeric,true,same_frozen_numeric_contract,minimize,index,28.93913,28.93913043478261,4.347826099149188e-07,-4.347826099149188e-07,true,849b69b8ef0a5ef547535706fc6c5a5e77eb6cc3a50d22d6562f20d1b6f60e39
fgf2,fbc657e8a28729e3da3e337ac23aafa6eb2c6813611d713989a19b12858193fa,masked_substitution,794d7a2ccbb48735a9b2410248918ea1d4886798a8675b55e554345dc8e2c298,primary_parent,d1969ec3fedb2d0993151dc0c97d4dd5cb0efe5e809ba1a5f8715959deed7605,hydrophobic_moment_eisenberg,numeric,false,audit_metric_has_no_monotonic_improvement_direction,audit,dimensionless,0.03702862230433381,0.040558875729145634,0.0035302534248118217,,true,f388ab54af370d8bf13571c89b9b3defdf85e0c6fc03261068fa7f568848ca5a
fgf2,fbc657e8a28729e3da3e337ac23aafa6eb2c6813611d713989a19b12858193fa,masked_substitution,794d7a2ccbb48735a9b2410248918ea1d4886798a8675b55e554345dc8e2c298,primary_parent,d1969ec3fedb2d0993151dc0c97d4dd5cb0efe5e809ba1a5f8715959deed7605,hydrophobic_ratio_modlamp,numeric,false,audit_metric_has_no_monotonic_improvement_direction,audit,fraction,0.08695652173913043,0.13043478260869565,0.043478260869565216,,true,d6a871b82e7f567a9529ecfc4eab8933879aeeb600e8c36dd1ad3702dd412d18
fgf2,fbc657e8a28729e3da3e337ac23aafa6eb2c6813611d713989a19b12858193fa,masked_substitution,794d7a2ccbb48735a9b2410248918ea1d4886798a8675b55e554345dc8e2c298,primary_parent,d1969ec3fedb2d0993151dc0c97d4dd5cb0efe5e809ba1a5f8715959deed7605,llamp_log10_mic_um,numeric,true,same_frozen_numeric_contract,minimize,log10(uM),1.0719242095947266,1.385694146156311,0.3137699365615845,-0.3137699365615845,true,be8891b012aa57cdba5f25e36559b0eadd9e87dd6b955a76ef9c3051b84f56df
fgf2,fbc657e8a28729e3da3e337ac23aafa6eb2c6813611d713989a19b12858193fa,masked_substitution,794d7a2ccbb48735a9b2410248918ea1d4886798a8675b55e554345dc8e2c298,primary_parent,d1969ec3fedb2d0993151dc0c97d4dd5cb0efe5e809ba1a5f8715959deed7605,macrel_amp_probability,numeric,true,same_frozen_numeric_contract,maximize,probability,0.248,0.317,0.069,0.069,true,dd9b52b5a4d06b23bc1b4bd8402e162cdb523c28fcbd0e8dfdcadcb67933a9b3
fgf2,fbc657e8a28729e3da3e337ac23aafa6eb2c6813611d713989a19b12858193fa,masked_substitution,794d7a2ccbb48735a9b2410248918ea1d4886798a8675b55e554345dc8e2c298,primary_parent,d1969ec3fedb2d0993151dc0c97d4dd5cb0efe5e809ba1a5f8715959deed7605,macrel_hemolysis_label,categorical,true,same_frozen_label_contract,audit,label,low,low,,,false,0964e477185129ba2288bf5c82024dc3bcc5a624a1248541fc79b84450d87392
fgf2,fbc657e8a28729e3da3e337ac23aafa6eb2c6813611d713989a19b12858193fa,masked_substitution,794d7a2ccbb48735a9b2410248918ea1d4886798a8675b55e554345dc8e2c298,primary_parent,d1969ec3fedb2d0993151dc0c97d4dd5cb0efe5e809ba1a5f8715959deed7605,macrel_hemolysis_probability,numeric,true,same_frozen_numeric_contract,minimize,probability,0.347,0.376,0.029000000000000026,-0.029000000000000026,true,26027fc7ff01ae05b00e96535af9ba330872f2209e2ab5b95504eddf7bf50006
fgf2,fbc657e8a28729e3da3e337ac23aafa6eb2c6813611d713989a19b12858193fa,masked_substitution,794d7a2ccbb48735a9b2410248918ea1d4886798a8675b55e554345dc8e2c298,primary_parent,d1969ec3fedb2d0993151dc0c97d4dd5cb0efe5e809ba1a5f8715959deed7605,maximum_hydrophobic_run,numeric,true,same_frozen_numeric_contract,minimize,residues,1.0,1.0,0.0,-0.0,false,4ee7f9726dec2b567c78ef97e04d46476a779525cb89d0486dbec587129d7a2f
fgf2,fbc657e8a28729e3da3e337ac23aafa6eb2c6813611d713989a19b12858193fa,masked_substitution,794d7a2ccbb48735a9b2410248918ea1d4886798a8675b55e554345dc8e2c298,primary_parent,d1969ec3fedb2d0993151dc0c97d4dd5cb0efe5e809ba1a5f8715959deed7605,net_charge_ph7_4,numeric,false,audit_metric_has_no_monotonic_improvement_direction,audit,elementary_charge,10.025,10.025,0.0,,false,098332d48b0c078ec630f3cb6120ce711d8601c1c621883253099b2d56076687
fgf2,fbc657e8a28729e3da3e337ac23aafa6eb2c6813611d713989a19b12858193fa,masked_substitution,794d7a2ccbb48735a9b2410248918ea1d4886798a8675b55e554345dc8e2c298,primary_parent,d1969ec3fedb2d0993151dc0c97d4dd5cb0efe5e809ba1a5f8715959deed7605,toxinpred3_hybrid_score,numeric,true,same_frozen_numeric_contract,minimize,dimensionless,0.3,0.36,0.06,-0.06,true,d882bf58faf51c9621cd14cf942094d49f4600ef173b8f9c4cc092f18786a632
fgf2,fbc657e8a28729e3da3e337ac23aafa6eb2c6813611d713989a19b12858193fa,masked_substitution,794d7a2ccbb48735a9b2410248918ea1d4886798a8675b55e554345dc8e2c298,primary_parent,d1969ec3fedb2d0993151dc0c97d4dd5cb0efe5e809ba1a5f8715959deed7605,toxinpred3_label,categorical,true,same_frozen_label_contract,audit,label,Non-Toxin,Non-Toxin,,,false,f7573ca5a8e979377aec0d6cc70373cd18b87c1f63eb525f399296da2478f2c9
fgf2,de5c504656cab13cb7c2fa0f575e744f91c671c7979c3873f1fe1ae2455f6717,masked_substitution,ee92c0e5865fabf94389e36265b79cab4751435ee8f8ca9ccf3fd4391dcce2c4,primary_parent,d1969ec3fedb2d0993151dc0c97d4dd5cb0efe5e809ba1a5f8715959deed7605,amp_read_log10_mic_um,numeric,true,same_frozen_numeric_contract,minimize,log10(uM),2.211254973534783,2.0597821577875317,-0.15147281574725113,0.15147281574725113,true,4996be18c184ba6853fcc43bd7468d0f8ec7b51073760efe22f44a094414c19b
fgf2,de5c504656cab13cb7c2fa0f575e744f91c671c7979c3873f1fe1ae2455f6717,masked_substitution,ee92c0e5865fabf94389e36265b79cab4751435ee8f8ca9ccf3fd4391dcce2c4,primary_parent,d1969ec3fedb2d0993151dc0c97d4dd5cb0efe5e809ba1a5f8715959deed7605,guruprasad_instability_index,numeric,true,same_frozen_numeric_contract,minimize,index,28.93913,23.99565217391304,-4.9434778260869585,4.9434778260869585,true,4d96694e7486f3cb61fefb2751aae87d1a13ed723e4e25fc233fcc856df6a099
fgf2,de5c504656cab13cb7c2fa0f575e744f91c671c7979c3873f1fe1ae2455f6717,masked_substitution,ee92c0e5865fabf94389e36265b79cab4751435ee8f8ca9ccf3fd4391dcce2c4,primary_parent,d1969ec3fedb2d0993151dc0c97d4dd5cb0efe5e809ba1a5f8715959deed7605,hydrophobic_moment_eisenberg,numeric,false,audit_metric_has_no_monotonic_improvement_direction,audit,dimensionless,0.03702862230433381,0.05450505657068257,0.017476434266348755,,true,6933c630f49bf860123ae218c927bb3f07a60fa80fe1fa89f6356af1b129f3a4
fgf2,de5c504656cab13cb7c2fa0f575e744f91c671c7979c3873f1fe1ae2455f6717,masked_substitution,ee92c0e5865fabf94389e36265b79cab4751435ee8f8ca9ccf3fd4391dcce2c4,primary_parent,d1969ec3fedb2d0993151dc0c97d4dd5cb0efe5e809ba1a5f8715959deed7605,hydrophobic_ratio_modlamp,numeric,false,audit_metric_has_no_monotonic_improvement_direction,audit,fraction,0.08695652173913043,0.13043478260869565,0.043478260869565216,,true,89097910554787f1182060b3795484a7f743131c93f65466013f649161a0430f
fgf2,de5c504656cab13cb7c2fa0f575e744f91c671c7979c3873f1fe1ae2455f6717,masked_substitution,ee92c0e5865fabf94389e36265b79cab4751435ee8f8ca9ccf3fd4391dcce2c4,primary_parent,d1969ec3fedb2d0993151dc0c97d4dd5cb0efe5e809ba1a5f8715959deed7605,llamp_log10_mic_um,numeric,true,same_frozen_numeric_contract,minimize,log10(uM),1.0719242095947266,1.564246654510498,0.4923224449157715,-0.4923224449157715,true,13dcc8c7d1752ac35443ca6d9f520538219d3d34847c669b099f40150d189ccc
fgf2,de5c504656cab13cb7c2fa0f575e744f91c671c7979c3873f1fe1ae2455f6717,masked_substitution,ee92c0e5865fabf94389e36265b79cab4751435ee8f8ca9ccf3fd4391dcce2c4,primary_parent,d1969ec3fedb2d0993151dc0c97d4dd5cb0efe5e809ba1a5f8715959deed7605,macrel_amp_probability,numeric,true,same_frozen_numeric_contract,maximize,probability,0.248,0.297,0.04899999999999999,0.04899999999999999,true,371a860285759e1b5866495025ce5241a78d25eaace3a4bad1179fcef95cb030
fgf2,de5c504656cab13cb7c2fa0f575e744f91c671c7979c3873f1fe1ae2455f6717,masked_substitution,ee92c0e5865fabf94389e36265b79cab4751435ee8f8ca9ccf3fd4391dcce2c4,primary_parent,d1969ec3fedb2d0993151dc0c97d4dd5cb0efe5e809ba1a5f8715959deed7605,macrel_hemolysis_label,categorical,true,same_frozen_label_contract,audit,label,low,low,,,false,139c9962e4b709a4ad2796c240bc9c31c7e39c1f0450afc79680bc09067d79e7
fgf2,de5c504656cab13cb7c2fa0f575e744f91c671c7979c3873f1fe1ae2455f6717,masked_substitution,ee92c0e5865fabf94389e36265b79cab4751435ee8f8ca9ccf3fd4391dcce2c4,primary_parent,d1969ec3fedb2d0993151dc0c97d4dd5cb0efe5e809ba1a5f8715959deed7605,macrel_hemolysis_probability,numeric,true,same_frozen_numeric_contract,minimize,probability,0.347,0.416,0.069,-0.069,true,212ae3e3bb9b31fb9eb63710f86cb85d2c686bd18bd201f5e05590739f3a913d
fgf2,de5c504656cab13cb7c2fa0f575e744f91c671c7979c3873f1fe1ae2455f6717,masked_substitution,ee92c0e5865fabf94389e36265b79cab4751435ee8f8ca9ccf3fd4391dcce2c4,primary_parent,d1969ec3fedb2d0993151dc0c97d4dd5cb0efe5e809ba1a5f8715959deed7605,maximum_hydrophobic_run,numeric,true,same_frozen_numeric_contract,minimize,residues,1.0,1.0,0.0,-0.0,false,0366630cd9aee2375fcc687ba7e98b3da00e1a4858f4f45cc4677cfe9f32d4d2
fgf2,de5c504656cab13cb7c2fa0f575e744f91c671c7979c3873f1fe1ae2455f6717,masked_substitution,ee92c0e5865fabf94389e36265b79cab4751435ee8f8ca9ccf3fd4391dcce2c4,primary_parent,d1969ec3fedb2d0993151dc0c97d4dd5cb0efe5e809ba1a5f8715959deed7605,net_charge_ph7_4,numeric,false,audit_metric_has_no_monotonic_improvement_direction,audit,elementary_charge,10.025,10.025,0.0,,false,a25e3f10cf0fee40532264a926a46e2a6a4b12de266e19a288fa13a9aa483953
fgf2,de5c504656cab13cb7c2fa0f575e744f91c671c7979c3873f1fe1ae2455f6717,masked_substitution,ee92c0e5865fabf94389e36265b79cab4751435ee8f8ca9ccf3fd4391dcce2c4,primary_parent,d1969ec3fedb2d0993151dc0c97d4dd5cb0efe5e809ba1a5f8715959deed7605,toxinpred3_hybrid_score,numeric,true,same_frozen_numeric_contract,minimize,dimensionless,0.3,0.335,0.03500000000000003,-0.03500000000000003,true,eaac2ab4d6b4f49fedc6a7cf87b7159db8e5102f0a5c55ec8f8f500f061ef2eb
fgf2,de5c504656cab13cb7c2fa0f575e744f91c671c7979c3873f1fe1ae2455f6717,masked_substitution,ee92c0e5865fabf94389e36265b79cab4751435ee8f8ca9ccf3fd4391dcce2c4,primary_parent,d1969ec3fedb2d0993151dc0c97d4dd5cb0efe5e809ba1a5f8715959deed7605,toxinpred3_label,categorical,true,same_frozen_label_contract,audit,label,Non-Toxin,Non-Toxin,,,false,070bc109ca9cc5ad4980e42c8b072edb69273a5bae2809d70312fd418304002d
fgf2,833734a502d2c7278c2e193c0a637c3320316e4d0e2e7e3a5110373e808f7740,masked_substitution,3c2a4b1cff628cf0677426fb733bbd47ad896b095e6c704d8d398e6c21ec21e2,primary_parent,d1969ec3fedb2d0993151dc0c97d4dd5cb0efe5e809ba1a5f8715959deed7605,amp_read_log10_mic_um,numeric,true,same_frozen_numeric_contract,minimize,log10(uM),2.211254973534783,1.9714121488166012,-0.23984282471818164,0.23984282471818164,true,c48e0757dddd8b74ee87962e48258e6be754cc7a5dd264b9908ef995046c6896
fgf2,833734a502d2c7278c2e193c0a637c3320316e4d0e2e7e3a5110373e808f7740,masked_substitution,3c2a4b1cff628cf0677426fb733bbd47ad896b095e6c704d8d398e6c21ec21e2,primary_parent,d1969ec3fedb2d0993151dc0c97d4dd5cb0efe5e809ba1a5f8715959deed7605,guruprasad_instability_index,numeric,true,same_frozen_numeric_contract,minimize,index,28.93913,28.93913043478261,4.347826099149188e-07,-4.347826099149188e-07,true,ecbb60806e980d408c37031699c0de942a1d6d3b54aa7683e3b95f1b5ca10bae
fgf2,833734a502d2c7278c2e193c0a637c3320316e4d0e2e7e3a5110373e808f7740,masked_substitution,3c2a4b1cff628cf0677426fb733bbd47ad896b095e6c704d8d398e6c21ec21e2,primary_parent,d1969ec3fedb2d0993151dc0c97d4dd5cb0efe5e809ba1a5f8715959deed7605,hydrophobic_moment_eisenberg,numeric,false,audit_metric_has_no_monotonic_improvement_direction,audit,dimensionless,0.03702862230433381,0.03496187808696609,-0.0020667442173677233,,true,73a9c31bcddd4fef18bf6b820aeeaa0e24c3b4954684703679e6769f2a63f6a8
fgf2,833734a502d2c7278c2e193c0a637c3320316e4d0e2e7e3a5110373e808f7740,masked_substitution,3c2a4b1cff628cf0677426fb733bbd47ad896b095e6c704d8d398e6c21ec21e2,primary_parent,d1969ec3fedb2d0993151dc0c97d4dd5cb0efe5e809ba1a5f8715959deed7605,hydrophobic_ratio_modlamp,numeric,false,audit_metric_has_no_monotonic_improvement_direction,audit,fraction,0.08695652173913043,0.08695652173913043,0.0,,false,590384d708dc75778e5b34c609edff1c9b6fa8ba468b738f6de2973e83967f79
fgf2,833734a502d2c7278c2e193c0a637c3320316e4d0e2e7e3a5110373e808f7740,masked_substitution,3c2a4b1cff628cf0677426fb733bbd47ad896b095e6c704d8d398e6c21ec21e2,primary_parent,d1969ec3fedb2d0993151dc0c97d4dd5cb0efe5e809ba1a5f8715959deed7605,llamp_log10_mic_um,numeric,true,same_frozen_numeric_contract,minimize,log10(uM),1.0719242095947266,1.4867205619812012,0.4147963523864746,-0.4147963523864746,true,63b43d602434b95f954fb5b96a1ac8251c1be74f8a7cb6f4647f0e8b458dce20
fgf2,833734a502d2c7278c2e193c0a637c3320316e4d0e2e7e3a5110373e808f7740,masked_substitution,3c2a4b1cff628cf0677426fb733bbd47ad896b095e6c704d8d398e6c21ec21e2,primary_parent,d1969ec3fedb2d0993151dc0c97d4dd5cb0efe5e809ba1a5f8715959deed7605,macrel_amp_probability,numeric,true,same_frozen_numeric_contract,maximize,probability,0.248,0.267,0.019000000000000017,0.019000000000000017,true,bac8bd67e32fee64579be5af90ac31b7a17a5482045add464754db4275349495
fgf2,833734a502d2c7278c2e193c0a637c3320316e4d0e2e7e3a5110373e808f7740,masked_substitution,3c2a4b1cff628cf0677426fb733bbd47ad896b095e6c704d8d398e6c21ec21e2,primary_parent,d1969ec3fedb2d0993151dc0c97d4dd5cb0efe5e809ba1a5f8715959deed7605,macrel_hemolysis_label,categorical,true,same_frozen_label_contract,audit,label,low,low,,,false,0de7d499df6c77dfbb8e59a0a9cb68d3b8d5e3ee778e4ff8c89dfc872a5d555a
fgf2,833734a502d2c7278c2e193c0a637c3320316e4d0e2e7e3a5110373e808f7740,masked_substitution,3c2a4b1cff628cf0677426fb733bbd47ad896b095e6c704d8d398e6c21ec21e2,primary_parent,d1969ec3fedb2d0993151dc0c97d4dd5cb0efe5e809ba1a5f8715959deed7605,macrel_hemolysis_probability,numeric,true,same_frozen_numeric_contract,minimize,probability,0.347,0.446,0.09900000000000003,-0.09900000000000003,true,9d4b7c641933d268dde5e7764f1f11e6533583daf0fde87504b3b3da195989cd
fgf2,833734a502d2c7278c2e193c0a637c3320316e4d0e2e7e3a5110373e808f7740,masked_substitution,3c2a4b1cff628cf0677426fb733bbd47ad896b095e6c704d8d398e6c21ec21e2,primary_parent,d1969ec3fedb2d0993151dc0c97d4dd5cb0efe5e809ba1a5f8715959deed7605,maximum_hydrophobic_run,numeric,true,same_frozen_numeric_contract,minimize,residues,1.0,1.0,0.0,-0.0,false,457763b6c04e873803b2fd132d6b08577b36867135d79443195d939135ec4716
fgf2,833734a502d2c7278c2e193c0a637c3320316e4d0e2e7e3a5110373e808f7740,masked_substitution,3c2a4b1cff628cf0677426fb733bbd47ad896b095e6c704d8d398e6c21ec21e2,primary_parent,d1969ec3fedb2d0993151dc0c97d4dd5cb0efe5e809ba1a5f8715959deed7605,net_charge_ph7_4,numeric,false,audit_metric_has_no_monotonic_improvement_direction,audit,elementary_charge,10.025,10.023,-0.002000000000000668,,true,760f220acc99a237de561ca3abd786ffc8839ee51619e8418b2f7fabdceccebe
fgf2,833734a502d2c7278c2e193c0a637c3320316e4d0e2e7e3a5110373e808f7740,masked_substitution,3c2a4b1cff628cf0677426fb733bbd47ad896b095e6c704d8d398e6c21ec21e2,primary_parent,d1969ec3fedb2d0993151dc0c97d4dd5cb0efe5e809ba1a5f8715959deed7605,toxinpred3_hybrid_score,numeric,true,same_frozen_numeric_contract,minimize,dimensionless,0.3,0.31,0.010000000000000009,-0.010000000000000009,true,b0219ec10c8d27015faf05818fb0ec99b8b374ad2427ddac747a82dd8584e00a
fgf2,833734a502d2c7278c2e193c0a637c3320316e4d0e2e7e3a5110373e808f7740,masked_substitution,3c2a4b1cff628cf0677426fb733bbd47ad896b095e6c704d8d398e6c21ec21e2,primary_parent,d1969ec3fedb2d0993151dc0c97d4dd5cb0efe5e809ba1a5f8715959deed7605,toxinpred3_label,categorical,true,same_frozen_label_contract,audit,label,Non-Toxin,Non-Toxin,,,false,fe34f2e96291c811e359c22b0bfdddb86506a48eb686c5ab23fa6afc7c071cba
fgf2,6019f4a79fce9a6bc96be87f6283c838eab6f826e71bd79d30f96bb2d73ee3bb,masked_substitution,196ae9d2ca019f19fd707c51bfe298d9e712967526c9c080ccbb9cdfe316f0d1,primary_parent,d1969ec3fedb2d0993151dc0c97d4dd5cb0efe5e809ba1a5f8715959deed7605,amp_read_log10_mic_um,numeric,true,same_frozen_numeric_contract,minimize,log10(uM),2.211254973534783,1.9243133939316652,-0.2869415796031176,0.2869415796031176,true,44e500fb41640466c3326cbb132277fd357dcf0f1880b917d200aa82c9c46a1f
fgf2,6019f4a79fce9a6bc96be87f6283c838eab6f826e71bd79d30f96bb2d73ee3bb,masked_substitution,196ae9d2ca019f19fd707c51bfe298d9e712967526c9c080ccbb9cdfe316f0d1,primary_parent,d1969ec3fedb2d0993151dc0c97d4dd5cb0efe5e809ba1a5f8715959deed7605,guruprasad_instability_index,numeric,true,same_frozen_numeric_contract,minimize,index,28.93913,39.23478260869565,10.295652608695654,-10.295652608695654,true,3433bebef454278f10a5e823502bfa6bc8daef56b459170f1e9515f7eb91638c
fgf2,6019f4a79fce9a6bc96be87f6283c838eab6f826e71bd79d30f96bb2d73ee3bb,masked_substitution,196ae9d2ca019f19fd707c51bfe298d9e712967526c9c080ccbb9cdfe316f0d1,primary_parent,d1969ec3fedb2d0993151dc0c97d4dd5cb0efe5e809ba1a5f8715959deed7605,hydrophobic_moment_eisenberg,numeric,false,audit_metric_has_no_monotonic_improvement_direction,audit,dimensionless,0.03702862230433381,0.13693744462389565,0.09990882231956183,,true,fc0c2f7950e2c24c3cbe21ab108488c38d5004862b94d709d5d29ee5e17acdf3
fgf2,6019f4a79fce9a6bc96be87f6283c838eab6f826e71bd79d30f96bb2d73ee3bb,masked_substitution,196ae9d2ca019f19fd707c51bfe298d9e712967526c9c080ccbb9cdfe316f0d1,primary_parent,d1969ec3fedb2d0993151dc0c97d4dd5cb0efe5e809ba1a5f8715959deed7605,hydrophobic_ratio_modlamp,numeric,false,audit_metric_has_no_monotonic_improvement_direction,audit,fraction,0.08695652173913043,0.08695652173913043,0.0,,false,421d61b221e9ef4e36d136e5408ec4bcd57f2b9651144edfa65a79cc02cbfcc8
fgf2,6019f4a79fce9a6bc96be87f6283c838eab6f826e71bd79d30f96bb2d73ee3bb,masked_substitution,196ae9d2ca019f19fd707c51bfe298d9e712967526c9c080ccbb9cdfe316f0d1,primary_parent,d1969ec3fedb2d0993151dc0c97d4dd5cb0efe5e809ba1a5f8715959deed7605,llamp_log10_mic_um,numeric,true,same_frozen_numeric_contract,minimize,log10(uM),1.0719242095947266,1.6118133068084717,0.5398890972137451,-0.5398890972137451,true,8b41f3a7ae6a68b4a81c12575617c3fa65e8dfb45f0585bfc454a662c5bd8aa3
fgf2,6019f4a79fce9a6bc96be87f6283c838eab6f826e71bd79d30f96bb2d73ee3bb,masked_substitution,196ae9d2ca019f19fd707c51bfe298d9e712967526c9c080ccbb9cdfe316f0d1,primary_parent,d1969ec3fedb2d0993151dc0c97d4dd5cb0efe5e809ba1a5f8715959deed7605,macrel_amp_probability,numeric,true,same_frozen_numeric_contract,maximize,probability,0.248,0.267,0.019000000000000017,0.019000000000000017,true,e6ed26f94002ea6126973c98260fa37f0f61e1845795ce7b68e6204930259f78
fgf2,6019f4a79fce9a6bc96be87f6283c838eab6f826e71bd79d30f96bb2d73ee3bb,masked_substitution,196ae9d2ca019f19fd707c51bfe298d9e712967526c9c080ccbb9cdfe316f0d1,primary_parent,d1969ec3fedb2d0993151dc0c97d4dd5cb0efe5e809ba1a5f8715959deed7605,macrel_hemolysis_label,categorical,true,same_frozen_label_contract,audit,label,low,low,,,false,5a152ebc70e97a5a95955f42e202000b41fe9f217f8cfa00717ef9f2b6caed9a
fgf2,6019f4a79fce9a6bc96be87f6283c838eab6f826e71bd79d30f96bb2d73ee3bb,masked_substitution,196ae9d2ca019f19fd707c51bfe298d9e712967526c9c080ccbb9cdfe316f0d1,primary_parent,d1969ec3fedb2d0993151dc0c97d4dd5cb0efe5e809ba1a5f8715959deed7605,macrel_hemolysis_probability,numeric,true,same_frozen_numeric_contract,minimize,probability,0.347,0.406,0.05900000000000005,-0.05900000000000005,true,8f4b96dffd32778d67f5c78e1f2b49c3b70d9474c7bc759bdcd228b9d8382c4f
fgf2,6019f4a79fce9a6bc96be87f6283c838eab6f826e71bd79d30f96bb2d73ee3bb,masked_substitution,196ae9d2ca019f19fd707c51bfe298d9e712967526c9c080ccbb9cdfe316f0d1,primary_parent,d1969ec3fedb2d0993151dc0c97d4dd5cb0efe5e809ba1a5f8715959deed7605,maximum_hydrophobic_run,numeric,true,same_frozen_numeric_contract,minimize,residues,1.0,1.0,0.0,-0.0,false,344014ed4f6d5e534f9c4713b79ff0408c810d90bdfe282405f86b7c60a245b7
fgf2,6019f4a79fce9a6bc96be87f6283c838eab6f826e71bd79d30f96bb2d73ee3bb,masked_substitution,196ae9d2ca019f19fd707c51bfe298d9e712967526c9c080ccbb9cdfe316f0d1,primary_parent,d1969ec3fedb2d0993151dc0c97d4dd5cb0efe5e809ba1a5f8715959deed7605,net_charge_ph7_4,numeric,false,audit_metric_has_no_monotonic_improvement_direction,audit,elementary_charge,10.025,9.026,-0.9990000000000006,,true,a49f7bc5c24663008f51bbf3b26c4aeb8cb9ad400599bf300e3c9791b9fe83a4
fgf2,6019f4a79fce9a6bc96be87f6283c838eab6f826e71bd79d30f96bb2d73ee3bb,masked_substitution,196ae9d2ca019f19fd707c51bfe298d9e712967526c9c080ccbb9cdfe316f0d1,primary_parent,d1969ec3fedb2d0993151dc0c97d4dd5cb0efe5e809ba1a5f8715959deed7605,toxinpred3_hybrid_score,numeric,true,same_frozen_numeric_contract,minimize,dimensionless,0.3,0.3,0.0,-0.0,false,4f1522fb291b3767193bc91cb6595a4bb3da07df5d1a29a3c279a376d963c1de
fgf2,6019f4a79fce9a6bc96be87f6283c838eab6f826e71bd79d30f96bb2d73ee3bb,masked_substitution,196ae9d2ca019f19fd707c51bfe298d9e712967526c9c080ccbb9cdfe316f0d1,primary_parent,d1969ec3fedb2d0993151dc0c97d4dd5cb0efe5e809ba1a5f8715959deed7605,toxinpred3_label,categorical,true,same_frozen_label_contract,audit,label,Non-Toxin,Non-Toxin,,,false,782140bfe92d30fd9f8936abadf4b0946c18af9751e69cc112da3b96da56c8e4
fgf2,d4c3b5962655ace4022d670e54da3cb1a912e8f442f40c1bb1365f5abe688f88,masked_substitution,caa2dc12997b976c559442fcace2f43f5180d79ccb49f45bd0e2caa2a4d0ed6b,primary_parent,d1969ec3fedb2d0993151dc0c97d4dd5cb0efe5e809ba1a5f8715959deed7605,amp_read_log10_mic_um,numeric,true,same_frozen_numeric_contract,minimize,log10(uM),2.211254973534783,2.0379325691401897,-0.17332240439459312,0.17332240439459312,true,c92c43b91685395ada45900a988c17fb5b33851ab138598a605ac54cf0f2d8eb
fgf2,d4c3b5962655ace4022d670e54da3cb1a912e8f442f40c1bb1365f5abe688f88,masked_substitution,caa2dc12997b976c559442fcace2f43f5180d79ccb49f45bd0e2caa2a4d0ed6b,primary_parent,d1969ec3fedb2d0993151dc0c97d4dd5cb0efe5e809ba1a5f8715959deed7605,guruprasad_instability_index,numeric,true,same_frozen_numeric_contract,minimize,index,28.93913,9.834782608695656,-19.104347391304344,19.104347391304344,true,db19e65b5a53bce105fa0e6f4e6c825b2fa8edf631f7460e1f7ffcea8681c558
fgf2,d4c3b5962655ace4022d670e54da3cb1a912e8f442f40c1bb1365f5abe688f88,masked_substitution,caa2dc12997b976c559442fcace2f43f5180d79ccb49f45bd0e2caa2a4d0ed6b,primary_parent,d1969ec3fedb2d0993151dc0c97d4dd5cb0efe5e809ba1a5f8715959deed7605,hydrophobic_moment_eisenberg,numeric,false,audit_metric_has_no_monotonic_improvement_direction,audit,dimensionless,0.03702862230433381,0.05841805569175907,0.021389433387425258,,true,8cbdd1366a23822ce10d0f13a7f26968ade7cd7f185d69e7921f747bc2cd2238
fgf2,d4c3b5962655ace4022d670e54da3cb1a912e8f442f40c1bb1365f5abe688f88,masked_substitution,caa2dc12997b976c559442fcace2f43f5180d79ccb49f45bd0e2caa2a4d0ed6b,primary_parent,d1969ec3fedb2d0993151dc0c97d4dd5cb0efe5e809ba1a5f8715959deed7605,hydrophobic_ratio_modlamp,numeric,false,audit_metric_has_no_monotonic_improvement_direction,audit,fraction,0.08695652173913043,0.13043478260869565,0.043478260869565216,,true,7a5006bf2a422ec27bec080965a965dcee1f095dabb7b572bdbfeb174df8f5cd
fgf2,d4c3b5962655ace4022d670e54da3cb1a912e8f442f40c1bb1365f5abe688f88,masked_substitution,caa2dc12997b976c559442fcace2f43f5180d79ccb49f45bd0e2caa2a4d0ed6b,primary_parent,d1969ec3fedb2d0993151dc0c97d4dd5cb0efe5e809ba1a5f8715959deed7605,llamp_log10_mic_um,numeric,true,same_frozen_numeric_contract,minimize,log10(uM),1.0719242095947266,1.0084794759750366,-0.06344473361968994,0.06344473361968994,true,41485447172c7080797b09d087fd45f8bd4e5fe5e41ae6eb8f5d9c4239e4eca0
fgf2,d4c3b5962655ace4022d670e54da3cb1a912e8f442f40c1bb1365f5abe688f88,masked_substitution,caa2dc12997b976c559442fcace2f43f5180d79ccb49f45bd0e2caa2a4d0ed6b,primary_parent,d1969ec3fedb2d0993151dc0c97d4dd5cb0efe5e809ba1a5f8715959deed7605,macrel_amp_probability,numeric,true,same_frozen_numeric_contract,maximize,probability,0.248,0.267,0.019000000000000017,0.019000000000000017,true,ce20e2ce3bfc2dc7f568607864be599aea1bcae61536eecdca4e9e3313da8904
fgf2,d4c3b5962655ace4022d670e54da3cb1a912e8f442f40c1bb1365f5abe688f88,masked_substitution,caa2dc12997b976c559442fcace2f43f5180d79ccb49f45bd0e2caa2a4d0ed6b,primary_parent,d1969ec3fedb2d0993151dc0c97d4dd5cb0efe5e809ba1a5f8715959deed7605,macrel_hemolysis_label,categorical,true,same_frozen_label_contract,audit,label,low,low,,,false,3389ae25a80f7a3f356750544403b8430da12d21fb05bc37adf3a88a27acdca7
fgf2,d4c3b5962655ace4022d670e54da3cb1a912e8f442f40c1bb1365f5abe688f88,masked_substitution,caa2dc12997b976c559442fcace2f43f5180d79ccb49f45bd0e2caa2a4d0ed6b,primary_parent,d1969ec3fedb2d0993151dc0c97d4dd5cb0efe5e809ba1a5f8715959deed7605,macrel_hemolysis_probability,numeric,true,same_frozen_numeric_contract,minimize,probability,0.347,0.416,0.069,-0.069,true,91d31084cba53d58e9dfb20fb1703b4a4152ee5332612e241d907327de77b181
fgf2,d4c3b5962655ace4022d670e54da3cb1a912e8f442f40c1bb1365f5abe688f88,masked_substitution,caa2dc12997b976c559442fcace2f43f5180d79ccb49f45bd0e2caa2a4d0ed6b,primary_parent,d1969ec3fedb2d0993151dc0c97d4dd5cb0efe5e809ba1a5f8715959deed7605,maximum_hydrophobic_run,numeric,true,same_frozen_numeric_contract,minimize,residues,1.0,2.0,1.0,-1.0,true,56d72cd4491a4b51faf52dc66d9a361899eca70fb8daac33e74bb6fcf35958e3
fgf2,d4c3b5962655ace4022d670e54da3cb1a912e8f442f40c1bb1365f5abe688f88,masked_substitution,caa2dc12997b976c559442fcace2f43f5180d79ccb49f45bd0e2caa2a4d0ed6b,primary_parent,d1969ec3fedb2d0993151dc0c97d4dd5cb0efe5e809ba1a5f8715959deed7605,net_charge_ph7_4,numeric,false,audit_metric_has_no_monotonic_improvement_direction,audit,elementary_charge,10.025,9.983,-0.041999999999999815,,true,451f90c134217e78e1a1274ed986a959292c6a29e7172413c5a75110fc66519c
fgf2,d4c3b5962655ace4022d670e54da3cb1a912e8f442f40c1bb1365f5abe688f88,masked_substitution,caa2dc12997b976c559442fcace2f43f5180d79ccb49f45bd0e2caa2a4d0ed6b,primary_parent,d1969ec3fedb2d0993151dc0c97d4dd5cb0efe5e809ba1a5f8715959deed7605,toxinpred3_hybrid_score,numeric,true,same_frozen_numeric_contract,minimize,dimensionless,0.3,0.28,-0.019999999999999962,0.019999999999999962,true,766df6143404319ac6bbaf05aa76afbf5e2b2ebacac2498520f18d17bfdb0d41
fgf2,d4c3b5962655ace4022d670e54da3cb1a912e8f442f40c1bb1365f5abe688f88,masked_substitution,caa2dc12997b976c559442fcace2f43f5180d79ccb49f45bd0e2caa2a4d0ed6b,primary_parent,d1969ec3fedb2d0993151dc0c97d4dd5cb0efe5e809ba1a5f8715959deed7605,toxinpred3_label,categorical,true,same_frozen_label_contract,audit,label,Non-Toxin,Non-Toxin,,,false,e7c941b8e7d5b7b54a3f904fbb41e6bc4d2c11ad5998fa59366a18c666249c3b
fgf2,8f1b093565a26720067337cfc89c34bd1eabb031840975de5b3ba9e01f6e836d,masked_substitution,e748a20e7c79d84a6e7ed72d5220323a5842a8a760296e3cf5dc27bd2b8937de,primary_parent,d1969ec3fedb2d0993151dc0c97d4dd5cb0efe5e809ba1a5f8715959deed7605,amp_read_log10_mic_um,numeric,true,same_frozen_numeric_contract,minimize,log10(uM),2.211254973534783,2.0691417857740846,-0.14211318776069826,0.14211318776069826,true,9018035f425da278bd0b6b0a46d89c62c9433ef267701f2d686318a02b30e65e
fgf2,8f1b093565a26720067337cfc89c34bd1eabb031840975de5b3ba9e01f6e836d,masked_substitution,e748a20e7c79d84a6e7ed72d5220323a5842a8a760296e3cf5dc27bd2b8937de,primary_parent,d1969ec3fedb2d0993151dc0c97d4dd5cb0efe5e809ba1a5f8715959deed7605,guruprasad_instability_index,numeric,true,same_frozen_numeric_contract,minimize,index,28.93913,6.14347826086957,-22.795651739130427,22.795651739130427,true,cf931675e4c346ac1cf248638a9622003bea8708b42c2634e01a6960f0189228
fgf2,8f1b093565a26720067337cfc89c34bd1eabb031840975de5b3ba9e01f6e836d,masked_substitution,e748a20e7c79d84a6e7ed72d5220323a5842a8a760296e3cf5dc27bd2b8937de,primary_parent,d1969ec3fedb2d0993151dc0c97d4dd5cb0efe5e809ba1a5f8715959deed7605,hydrophobic_moment_eisenberg,numeric,false,audit_metric_has_no_monotonic_improvement_direction,audit,dimensionless,0.03702862230433381,0.0873379589481613,0.050309336643827494,,true,b08b22b4b30fa66b03ca5e1af216e73b8833f62b1dd067c83573f53edc76bf97
fgf2,8f1b093565a26720067337cfc89c34bd1eabb031840975de5b3ba9e01f6e836d,masked_substitution,e748a20e7c79d84a6e7ed72d5220323a5842a8a760296e3cf5dc27bd2b8937de,primary_parent,d1969ec3fedb2d0993151dc0c97d4dd5cb0efe5e809ba1a5f8715959deed7605,hydrophobic_ratio_modlamp,numeric,false,audit_metric_has_no_monotonic_improvement_direction,audit,fraction,0.08695652173913043,0.13043478260869565,0.043478260869565216,,true,7964da36fb20b37777151d36649583c12fff266d9ba02e4c03b526723000a270
fgf2,8f1b093565a26720067337cfc89c34bd1eabb031840975de5b3ba9e01f6e836d,masked_substitution,e748a20e7c79d84a6e7ed72d5220323a5842a8a760296e3cf5dc27bd2b8937de,primary_parent,d1969ec3fedb2d0993151dc0c97d4dd5cb0efe5e809ba1a5f8715959deed7605,llamp_log10_mic_um,numeric,true,same_frozen_numeric_contract,minimize,log10(uM),1.0719242095947266,1.4879415035247803,0.4160172939300537,-0.4160172939300537,true,8d23fc297727c96b848c1a90688ff1a412f0fb5919a7172a5af7a7f4d2a4d3d7
fgf2,8f1b093565a26720067337cfc89c34bd1eabb031840975de5b3ba9e01f6e836d,masked_substitution,e748a20e7c79d84a6e7ed72d5220323a5842a8a760296e3cf5dc27bd2b8937de,primary_parent,d1969ec3fedb2d0993151dc0c97d4dd5cb0efe5e809ba1a5f8715959deed7605,macrel_amp_probability,numeric,true,same_frozen_numeric_contract,maximize,probability,0.248,0.228,-0.01999999999999999,-0.01999999999999999,true,9469deebf33dac29c3912f8851ac4f6e8ca75c48b5ef82aecb799567fb7c1e28
fgf2,8f1b093565a26720067337cfc89c34bd1eabb031840975de5b3ba9e01f6e836d,masked_substitution,e748a20e7c79d84a6e7ed72d5220323a5842a8a760296e3cf5dc27bd2b8937de,primary_parent,d1969ec3fedb2d0993151dc0c97d4dd5cb0efe5e809ba1a5f8715959deed7605,macrel_hemolysis_label,categorical,true,same_frozen_label_contract,audit,label,low,low,,,false,de5a3d77b56e119abc47a331a8dfb7d2617b1cb4825401329f60b6d52b542ae0
fgf2,8f1b093565a26720067337cfc89c34bd1eabb031840975de5b3ba9e01f6e836d,masked_substitution,e748a20e7c79d84a6e7ed72d5220323a5842a8a760296e3cf5dc27bd2b8937de,primary_parent,d1969ec3fedb2d0993151dc0c97d4dd5cb0efe5e809ba1a5f8715959deed7605,macrel_hemolysis_probability,numeric,true,same_frozen_numeric_contract,minimize,probability,0.347,0.485,0.138,-0.138,true,6cc10b7f817e6b5e6b7db2cf6adf9eb93838faab6eb5fba091cbc61845e8ad84
fgf2,8f1b093565a26720067337cfc89c34bd1eabb031840975de5b3ba9e01f6e836d,masked_substitution,e748a20e7c79d84a6e7ed72d5220323a5842a8a760296e3cf5dc27bd2b8937de,primary_parent,d1969ec3fedb2d0993151dc0c97d4dd5cb0efe5e809ba1a5f8715959deed7605,maximum_hydrophobic_run,numeric,true,same_frozen_numeric_contract,minimize,residues,1.0,2.0,1.0,-1.0,true,32223481852534bfef5d31674bf27576bc411332e9d334ebd60ced12b4b0b076
fgf2,8f1b093565a26720067337cfc89c34bd1eabb031840975de5b3ba9e01f6e836d,masked_substitution,e748a20e7c79d84a6e7ed72d5220323a5842a8a760296e3cf5dc27bd2b8937de,primary_parent,d1969ec3fedb2d0993151dc0c97d4dd5cb0efe5e809ba1a5f8715959deed7605,net_charge_ph7_4,numeric,false,audit_metric_has_no_monotonic_improvement_direction,audit,elementary_charge,10.025,9.983,-0.041999999999999815,,true,a914be2fcae754638f12148e3ee13cc2ad05d233e0e1ece42185977d29e392c6
fgf2,8f1b093565a26720067337cfc89c34bd1eabb031840975de5b3ba9e01f6e836d,masked_substitution,e748a20e7c79d84a6e7ed72d5220323a5842a8a760296e3cf5dc27bd2b8937de,primary_parent,d1969ec3fedb2d0993151dc0c97d4dd5cb0efe5e809ba1a5f8715959deed7605,toxinpred3_hybrid_score,numeric,true,same_frozen_numeric_contract,minimize,dimensionless,0.3,0.0,-0.3,0.3,true,d63488a16ff932f2f2c2b3674240946132c7ab5c4ab1085a70efaa3362e76356
fgf2,8f1b093565a26720067337cfc89c34bd1eabb031840975de5b3ba9e01f6e836d,masked_substitution,e748a20e7c79d84a6e7ed72d5220323a5842a8a760296e3cf5dc27bd2b8937de,primary_parent,d1969ec3fedb2d0993151dc0c97d4dd5cb0efe5e809ba1a5f8715959deed7605,toxinpred3_label,categorical,true,same_frozen_label_contract,audit,label,Non-Toxin,Non-Toxin,,,false,cde1c75293dc6151ba9bf2629656327207a2acfb33f441b25e46eb4416f9433d
fgf2,b3195a82b4ed733af6942a2ea6c80b6af62cb96d25614712e835e4e761668c7f,masked_substitution,21ac4a1438c6e6dccfaf7669df0c4d50dc1c89f0d94597c9dcdca8dddb949856,primary_parent,d1969ec3fedb2d0993151dc0c97d4dd5cb0efe5e809ba1a5f8715959deed7605,amp_read_log10_mic_um,numeric,true,same_frozen_numeric_contract,minimize,log10(uM),2.211254973534783,2.097113840137899,-0.11414113339688381,0.11414113339688381,true,b612fad4e1e0f7c80edaefe8306e8fc7d7dcfb55bf4b750d0702923fd9eecb43
fgf2,b3195a82b4ed733af6942a2ea6c80b6af62cb96d25614712e835e4e761668c7f,masked_substitution,21ac4a1438c6e6dccfaf7669df0c4d50dc1c89f0d94597c9dcdca8dddb949856,primary_parent,d1969ec3fedb2d0993151dc0c97d4dd5cb0efe5e809ba1a5f8715959deed7605,guruprasad_instability_index,numeric,true,same_frozen_numeric_contract,minimize,index,28.93913,6.14347826086957,-22.795651739130427,22.795651739130427,true,0137fb87a096ef42bf97fb07cd968cb4c4570447568d731019fa901152384602
fgf2,b3195a82b4ed733af6942a2ea6c80b6af62cb96d25614712e835e4e761668c7f,masked_substitution,21ac4a1438c6e6dccfaf7669df0c4d50dc1c89f0d94597c9dcdca8dddb949856,primary_parent,d1969ec3fedb2d0993151dc0c97d4dd5cb0efe5e809ba1a5f8715959deed7605,hydrophobic_moment_eisenberg,numeric,false,audit_metric_has_no_monotonic_improvement_direction,audit,dimensionless,0.03702862230433381,0.07572620031144797,0.03869757800711416,,true,fc92eea902c000d44a21f95eebf14933d5a3d5c5401cba64183ef55f45b1a61e
fgf2,b3195a82b4ed733af6942a2ea6c80b6af62cb96d25614712e835e4e761668c7f,masked_substitution,21ac4a1438c6e6dccfaf7669df0c4d50dc1c89f0d94597c9dcdca8dddb949856,primary_parent,d1969ec3fedb2d0993151dc0c97d4dd5cb0efe5e809ba1a5f8715959deed7605,hydrophobic_ratio_modlamp,numeric,false,audit_metric_has_no_monotonic_improvement_direction,audit,fraction,0.08695652173913043,0.13043478260869565,0.043478260869565216,,true,ff71b50ff9192509308d4a243308152a56fbd4214a21783b73cb26039e3f5f07
fgf2,b3195a82b4ed733af6942a2ea6c80b6af62cb96d25614712e835e4e761668c7f,masked_substitution,21ac4a1438c6e6dccfaf7669df0c4d50dc1c89f0d94597c9dcdca8dddb949856,primary_parent,d1969ec3fedb2d0993151dc0c97d4dd5cb0efe5e809ba1a5f8715959deed7605,llamp_log10_mic_um,numeric,true,same_frozen_numeric_contract,minimize,log10(uM),1.0719242095947266,1.5147504806518555,0.4428262710571289,-0.4428262710571289,true,0e6bd656004af59c69675d57fbbccf803cb0aa388068ec669b6dfd065782a6f6
fgf2,b3195a82b4ed733af6942a2ea6c80b6af62cb96d25614712e835e4e761668c7f,masked_substitution,21ac4a1438c6e6dccfaf7669df0c4d50dc1c89f0d94597c9dcdca8dddb949856,primary_parent,d1969ec3fedb2d0993151dc0c97d4dd5cb0efe5e809ba1a5f8715959deed7605,macrel_amp_probability,numeric,true,same_frozen_numeric_contract,maximize,probability,0.248,0.238,-0.010000000000000009,-0.010000000000000009,true,ba47ccab51859575fceddf666bf81cc7388a067c6b36d74b623864aacea903ad
fgf2,b3195a82b4ed733af6942a2ea6c80b6af62cb96d25614712e835e4e761668c7f,masked_substitution,21ac4a1438c6e6dccfaf7669df0c4d50dc1c89f0d94597c9dcdca8dddb949856,primary_parent,d1969ec3fedb2d0993151dc0c97d4dd5cb0efe5e809ba1a5f8715959deed7605,macrel_hemolysis_label,categorical,true,same_frozen_label_contract,audit,label,low,low,,,false,6432301a64f4de08097df9055c51bad79c5532257a20e500d42424cd9618721e
fgf2,b3195a82b4ed733af6942a2ea6c80b6af62cb96d25614712e835e4e761668c7f,masked_substitution,21ac4a1438c6e6dccfaf7669df0c4d50dc1c89f0d94597c9dcdca8dddb949856,primary_parent,d1969ec3fedb2d0993151dc0c97d4dd5cb0efe5e809ba1a5f8715959deed7605,macrel_hemolysis_probability,numeric,true,same_frozen_numeric_contract,minimize,probability,0.347,0.465,0.11800000000000005,-0.11800000000000005,true,0d64cc55e9adf00ef98a442f31af2fe63e0c62cf6d91b62fc44ecb0a5bb9c1d2
fgf2,b3195a82b4ed733af6942a2ea6c80b6af62cb96d25614712e835e4e761668c7f,masked_substitution,21ac4a1438c6e6dccfaf7669df0c4d50dc1c89f0d94597c9dcdca8dddb949856,primary_parent,d1969ec3fedb2d0993151dc0c97d4dd5cb0efe5e809ba1a5f8715959deed7605,maximum_hydrophobic_run,numeric,true,same_frozen_numeric_contract,minimize,residues,1.0,2.0,1.0,-1.0,true,010d40c0bed0d1c32d0714a281ae1d64db01cfd89540154c7d259a3d8a8d1019
fgf2,b3195a82b4ed733af6942a2ea6c80b6af62cb96d25614712e835e4e761668c7f,masked_substitution,21ac4a1438c6e6dccfaf7669df0c4d50dc1c89f0d94597c9dcdca8dddb949856,primary_parent,d1969ec3fedb2d0993151dc0c97d4dd5cb0efe5e809ba1a5f8715959deed7605,net_charge_ph7_4,numeric,false,audit_metric_has_no_monotonic_improvement_direction,audit,elementary_charge,10.025,9.983,-0.041999999999999815,,true,a2fd19e0a60da7a6d7a20af19c772be8c4cf9b7043138e54e927278bb1089b60
fgf2,b3195a82b4ed733af6942a2ea6c80b6af62cb96d25614712e835e4e761668c7f,masked_substitution,21ac4a1438c6e6dccfaf7669df0c4d50dc1c89f0d94597c9dcdca8dddb949856,primary_parent,d1969ec3fedb2d0993151dc0c97d4dd5cb0efe5e809ba1a5f8715959deed7605,toxinpred3_hybrid_score,numeric,true,same_frozen_numeric_contract,minimize,dimensionless,0.3,0.335,0.03500000000000003,-0.03500000000000003,true,fc08915b86f1164a31d6d4208f2de563a539e7936beb21f931c89e7e9c695875
fgf2,b3195a82b4ed733af6942a2ea6c80b6af62cb96d25614712e835e4e761668c7f,masked_substitution,21ac4a1438c6e6dccfaf7669df0c4d50dc1c89f0d94597c9dcdca8dddb949856,primary_parent,d1969ec3fedb2d0993151dc0c97d4dd5cb0efe5e809ba1a5f8715959deed7605,toxinpred3_label,categorical,true,same_frozen_label_contract,audit,label,Non-Toxin,Non-Toxin,,,false,99445777baa5bec5c248f0f03b5ff089870eaf72622f55b2caee7350ddb2e24e
fgf2,d94efb56d1b0a609ada00ef1168f63e42b170d5ab15781a48e7b2db604631136,masked_substitution,4879f30c64524972d7b2bd731fffe363cf5165b4294df1587e4b803d2a1daa34,primary_parent,d1969ec3fedb2d0993151dc0c97d4dd5cb0efe5e809ba1a5f8715959deed7605,amp_read_log10_mic_um,numeric,true,same_frozen_numeric_contract,minimize,log10(uM),2.211254973534783,2.176493339583814,-0.03476163395096865,0.03476163395096865,true,afa9cff9bb95e1310de9bb2647a8568d9e0fb97388ad25716d54b9aa023176ff
fgf2,d94efb56d1b0a609ada00ef1168f63e42b170d5ab15781a48e7b2db604631136,masked_substitution,4879f30c64524972d7b2bd731fffe363cf5165b4294df1587e4b803d2a1daa34,primary_parent,d1969ec3fedb2d0993151dc0c97d4dd5cb0efe5e809ba1a5f8715959deed7605,guruprasad_instability_index,numeric,true,same_frozen_numeric_contract,minimize,index,28.93913,2.865217391304357,-26.073912608695643,26.073912608695643,true,0890321eb35d7c3ab4e6618c7f68566d7fe9a9019e2fea782055a730d11da880
fgf2,d94efb56d1b0a609ada00ef1168f63e42b170d5ab15781a48e7b2db604631136,masked_substitution,4879f30c64524972d7b2bd731fffe363cf5165b4294df1587e4b803d2a1daa34,primary_parent,d1969ec3fedb2d0993151dc0c97d4dd5cb0efe5e809ba1a5f8715959deed7605,hydrophobic_moment_eisenberg,numeric,false,audit_metric_has_no_monotonic_improvement_direction,audit,dimensionless,0.03702862230433381,0.07572620031144797,0.03869757800711416,,true,81337e8d379598cc28dcec93a6311133a18f51a1f1f7044b23846235aef6bc94
fgf2,d94efb56d1b0a609ada00ef1168f63e42b170d5ab15781a48e7b2db604631136,masked_substitution,4879f30c64524972d7b2bd731fffe363cf5165b4294df1587e4b803d2a1daa34,primary_parent,d1969ec3fedb2d0993151dc0c97d4dd5cb0efe5e809ba1a5f8715959deed7605,hydrophobic_ratio_modlamp,numeric,false,audit_metric_has_no_monotonic_improvement_direction,audit,fraction,0.08695652173913043,0.13043478260869565,0.043478260869565216,,true,1c7ffad7774f21fa9422d9795c45d96c2c9b5ae2996f1ef51742bc0b26deac25
fgf2,d94efb56d1b0a609ada00ef1168f63e42b170d5ab15781a48e7b2db604631136,masked_substitution,4879f30c64524972d7b2bd731fffe363cf5165b4294df1587e4b803d2a1daa34,primary_parent,d1969ec3fedb2d0993151dc0c97d4dd5cb0efe5e809ba1a5f8715959deed7605,llamp_log10_mic_um,numeric,true,same_frozen_numeric_contract,minimize,log10(uM),1.0719242095947266,1.5329123735427856,0.4609881639480591,-0.4609881639480591,true,5728b2e0d2791994e9ed8929c820504a6930f5b5ccc56a66e06fa70f5f26ed02
fgf2,d94efb56d1b0a609ada00ef1168f63e42b170d5ab15781a48e7b2db604631136,masked_substitution,4879f30c64524972d7b2bd731fffe363cf5165b4294df1587e4b803d2a1daa34,primary_parent,d1969ec3fedb2d0993151dc0c97d4dd5cb0efe5e809ba1a5f8715959deed7605,macrel_amp_probability,numeric,true,same_frozen_numeric_contract,maximize,probability,0.248,0.307,0.059,0.059,true,daf3f39860c71276ae72af0901063816faa02556eef5b4c5caceca20daa81a73
fgf2,d94efb56d1b0a609ada00ef1168f63e42b170d5ab15781a48e7b2db604631136,masked_substitution,4879f30c64524972d7b2bd731fffe363cf5165b4294df1587e4b803d2a1daa34,primary_parent,d1969ec3fedb2d0993151dc0c97d4dd5cb0efe5e809ba1a5f8715959deed7605,macrel_hemolysis_label,categorical,true,same_frozen_label_contract,audit,label,low,low,,,false,7c89fe4591e39e289138a99016cb7d399bbf1a87731307c66b97ae7c5d780126
fgf2,d94efb56d1b0a609ada00ef1168f63e42b170d5ab15781a48e7b2db604631136,masked_substitution,4879f30c64524972d7b2bd731fffe363cf5165b4294df1587e4b803d2a1daa34,primary_parent,d1969ec3fedb2d0993151dc0c97d4dd5cb0efe5e809ba1a5f8715959deed7605,macrel_hemolysis_probability,numeric,true,same_frozen_numeric_contract,minimize,probability,0.347,0.446,0.09900000000000003,-0.09900000000000003,true,733e309b32904f892824ffb9d19e983292df47f01f464a746711c0e28409f6d7
fgf2,d94efb56d1b0a609ada00ef1168f63e42b170d5ab15781a48e7b2db604631136,masked_substitution,4879f30c64524972d7b2bd731fffe363cf5165b4294df1587e4b803d2a1daa34,primary_parent,d1969ec3fedb2d0993151dc0c97d4dd5cb0efe5e809ba1a5f8715959deed7605,maximum_hydrophobic_run,numeric,true,same_frozen_numeric_contract,minimize,residues,1.0,2.0,1.0,-1.0,true,e5416ab1dba0ea4e330d4b4e647ef5cda60c534b93d4849b2c5b3fa394610782
fgf2,d94efb56d1b0a609ada00ef1168f63e42b170d5ab15781a48e7b2db604631136,masked_substitution,4879f30c64524972d7b2bd731fffe363cf5165b4294df1587e4b803d2a1daa34,primary_parent,d1969ec3fedb2d0993151dc0c97d4dd5cb0efe5e809ba1a5f8715959deed7605,net_charge_ph7_4,numeric,false,audit_metric_has_no_monotonic_improvement_direction,audit,elementary_charge,10.025,9.983,-0.041999999999999815,,true,877a8aef97ea443f79dc484c4d2a28cfaf66cc7a9b34af36683d845954377f1c
fgf2,d94efb56d1b0a609ada00ef1168f63e42b170d5ab15781a48e7b2db604631136,masked_substitution,4879f30c64524972d7b2bd731fffe363cf5165b4294df1587e4b803d2a1daa34,primary_parent,d1969ec3fedb2d0993151dc0c97d4dd5cb0efe5e809ba1a5f8715959deed7605,toxinpred3_hybrid_score,numeric,true,same_frozen_numeric_contract,minimize,dimensionless,0.3,0.31,0.010000000000000009,-0.010000000000000009,true,0f43e84be5174e3fa5269600d2984bdb383730c7d3e1a6fa6fcffc7d19eb9227
fgf2,d94efb56d1b0a609ada00ef1168f63e42b170d5ab15781a48e7b2db604631136,masked_substitution,4879f30c64524972d7b2bd731fffe363cf5165b4294df1587e4b803d2a1daa34,primary_parent,d1969ec3fedb2d0993151dc0c97d4dd5cb0efe5e809ba1a5f8715959deed7605,toxinpred3_label,categorical,true,same_frozen_label_contract,audit,label,Non-Toxin,Non-Toxin,,,false,75e36141462f243e05473d2afdd922d54bd4c604fd63e1389514003e3dfadea5
fgf2,a9da96165784196b73eb021bbd389718377ef208aa564dbb1903fd4897ebd218,masked_substitution,967d10ec63d7664e7feed0d01058bb59ecad04567733ce48ab95c4bef208365a,primary_parent,d1969ec3fedb2d0993151dc0c97d4dd5cb0efe5e809ba1a5f8715959deed7605,amp_read_log10_mic_um,numeric,true,same_frozen_numeric_contract,minimize,log10(uM),2.211254973534783,1.9058430739095509,-0.30541189962523196,0.30541189962523196,true,2455028a5101aa5effc2faa954fb624446bf459801df8705556b716ceee5a37d
fgf2,a9da96165784196b73eb021bbd389718377ef208aa564dbb1903fd4897ebd218,masked_substitution,967d10ec63d7664e7feed0d01058bb59ecad04567733ce48ab95c4bef208365a,primary_parent,d1969ec3fedb2d0993151dc0c97d4dd5cb0efe5e809ba1a5f8715959deed7605,guruprasad_instability_index,numeric,true,same_frozen_numeric_contract,minimize,index,28.93913,9.834782608695656,-19.104347391304344,19.104347391304344,true,4082561468fea606e144ac9916e6b85ca782d959639d7084585bcc3009da3a72
fgf2,a9da96165784196b73eb021bbd389718377ef208aa564dbb1903fd4897ebd218,masked_substitution,967d10ec63d7664e7feed0d01058bb59ecad04567733ce48ab95c4bef208365a,primary_parent,d1969ec3fedb2d0993151dc0c97d4dd5cb0efe5e809ba1a5f8715959deed7605,hydrophobic_moment_eisenberg,numeric,false,audit_metric_has_no_monotonic_improvement_direction,audit,dimensionless,0.03702862230433381,0.06501962470153615,0.027991002397202334,,true,566658633b65cf7c2d4596e9b5e0138cc5f01491a701b5fe6843d26836ccd793
fgf2,a9da96165784196b73eb021bbd389718377ef208aa564dbb1903fd4897ebd218,masked_substitution,967d10ec63d7664e7feed0d01058bb59ecad04567733ce48ab95c4bef208365a,primary_parent,d1969ec3fedb2d0993151dc0c97d4dd5cb0efe5e809ba1a5f8715959deed7605,hydrophobic_ratio_modlamp,numeric,false,audit_metric_has_no_monotonic_improvement_direction,audit,fraction,0.08695652173913043,0.08695652173913043,0.0,,false,6fd7f8ce03a3fa8265dd98795a2358952dc1b7fe8f9fc15f0bfe192b33f10c1a
fgf2,a9da96165784196b73eb021bbd389718377ef208aa564dbb1903fd4897ebd218,masked_substitution,967d10ec63d7664e7feed0d01058bb59ecad04567733ce48ab95c4bef208365a,primary_parent,d1969ec3fedb2d0993151dc0c97d4dd5cb0efe5e809ba1a5f8715959deed7605,llamp_log10_mic_um,numeric,true,same_frozen_numeric_contract,minimize,log10(uM),1.0719242095947266,1.3533090353012085,0.28138482570648193,-0.28138482570648193,true,638312fe265701cce9330f4c5365265baa7ec9f66ee5fe934a8f57551daab980
fgf2,a9da96165784196b73eb021bbd389718377ef208aa564dbb1903fd4897ebd218,masked_substitution,967d10ec63d7664e7feed0d01058bb59ecad04567733ce48ab95c4bef208365a,primary_parent,d1969ec3fedb2d0993151dc0c97d4dd5cb0efe5e809ba1a5f8715959deed7605,macrel_amp_probability,numeric,true,same_frozen_numeric_contract,maximize,probability,0.248,0.218,-0.03,-0.03,true,3e8384b27e35441b9771494be4b978d2eb357b1daed42d15645922b85f913921
fgf2,a9da96165784196b73eb021bbd389718377ef208aa564dbb1903fd4897ebd218,masked_substitution,967d10ec63d7664e7feed0d01058bb59ecad04567733ce48ab95c4bef208365a,primary_parent,d1969ec3fedb2d0993151dc0c97d4dd5cb0efe5e809ba1a5f8715959deed7605,macrel_hemolysis_label,categorical,true,same_frozen_label_contract,audit,label,low,low,,,false,8aab381c77a5991dbc692b33a8da21581128b01dd4d9adec41986c6f546a290c
fgf2,a9da96165784196b73eb021bbd389718377ef208aa564dbb1903fd4897ebd218,masked_substitution,967d10ec63d7664e7feed0d01058bb59ecad04567733ce48ab95c4bef208365a,primary_parent,d1969ec3fedb2d0993151dc0c97d4dd5cb0efe5e809ba1a5f8715959deed7605,macrel_hemolysis_probability,numeric,true,same_frozen_numeric_contract,minimize,probability,0.347,0.446,0.09900000000000003,-0.09900000000000003,true,5378627542333c60ae72befb969da95e63f26811b48e049351dae78b4d0296b0
fgf2,a9da96165784196b73eb021bbd389718377ef208aa564dbb1903fd4897ebd218,masked_substitution,967d10ec63d7664e7feed0d01058bb59ecad04567733ce48ab95c4bef208365a,primary_parent,d1969ec3fedb2d0993151dc0c97d4dd5cb0efe5e809ba1a5f8715959deed7605,maximum_hydrophobic_run,numeric,true,same_frozen_numeric_contract,minimize,residues,1.0,2.0,1.0,-1.0,true,3ea2019867313159b722f359f77178c737321a2795b757bc8702906851356600
fgf2,a9da96165784196b73eb021bbd389718377ef208aa564dbb1903fd4897ebd218,masked_substitution,967d10ec63d7664e7feed0d01058bb59ecad04567733ce48ab95c4bef208365a,primary_parent,d1969ec3fedb2d0993151dc0c97d4dd5cb0efe5e809ba1a5f8715959deed7605,net_charge_ph7_4,numeric,false,audit_metric_has_no_monotonic_improvement_direction,audit,elementary_charge,10.025,9.983,-0.041999999999999815,,true,69d4a7ed38921b1d6bf3a0cc3da101cb2d60125bbddf8990cfb1e4419501279e
fgf2,a9da96165784196b73eb021bbd389718377ef208aa564dbb1903fd4897ebd218,masked_substitution,967d10ec63d7664e7feed0d01058bb59ecad04567733ce48ab95c4bef208365a,primary_parent,d1969ec3fedb2d0993151dc0c97d4dd5cb0efe5e809ba1a5f8715959deed7605,toxinpred3_hybrid_score,numeric,true,same_frozen_numeric_contract,minimize,dimensionless,0.3,0.36,0.06,-0.06,true,17bae828b88fc64ad9bff03cbf38fcf35a81e9e22b629f20ceccbedc89b60cc4
fgf2,a9da96165784196b73eb021bbd389718377ef208aa564dbb1903fd4897ebd218,masked_substitution,967d10ec63d7664e7feed0d01058bb59ecad04567733ce48ab95c4bef208365a,primary_parent,d1969ec3fedb2d0993151dc0c97d4dd5cb0efe5e809ba1a5f8715959deed7605,toxinpred3_label,categorical,true,same_frozen_label_contract,audit,label,Non-Toxin,Non-Toxin,,,false,f30e9a590577759bd58922cbe0d66d79e7fd2e08f701b37bd21e4f78c157af71
fgf2,43c1f591fe6eb37d39774e551b38df6fa6012675a1152adbe432b7d173cf2f66,masked_substitution,862adf019350aa70095c5aed3acabf4881eb654e3c3b205f8669341f450b5ec8,primary_parent,d1969ec3fedb2d0993151dc0c97d4dd5cb0efe5e809ba1a5f8715959deed7605,amp_read_log10_mic_um,numeric,true,same_frozen_numeric_contract,minimize,log10(uM),2.211254973534783,1.8390130866147543,-0.3722418869200286,0.3722418869200286,true,885da17943fbf88c327e1db8b4656a59ed09495534c8e4f2ff4d9f150d5b2c36
fgf2,43c1f591fe6eb37d39774e551b38df6fa6012675a1152adbe432b7d173cf2f66,masked_substitution,862adf019350aa70095c5aed3acabf4881eb654e3c3b205f8669341f450b5ec8,primary_parent,d1969ec3fedb2d0993151dc0c97d4dd5cb0efe5e809ba1a5f8715959deed7605,guruprasad_instability_index,numeric,true,same_frozen_numeric_contract,minimize,index,28.93913,30.965217391304353,2.0260873913043547,-2.0260873913043547,true,299c21b74d2dd86ecd6e1ff5797cf5f57db3a5f14ca59083f2c54462a9d18764
fgf2,43c1f591fe6eb37d39774e551b38df6fa6012675a1152adbe432b7d173cf2f66,masked_substitution,862adf019350aa70095c5aed3acabf4881eb654e3c3b205f8669341f450b5ec8,primary_parent,d1969ec3fedb2d0993151dc0c97d4dd5cb0efe5e809ba1a5f8715959deed7605,hydrophobic_moment_eisenberg,numeric,false,audit_metric_has_no_monotonic_improvement_direction,audit,dimensionless,0.03702862230433381,0.15968144097041465,0.12265281866608083,,true,5473405f5b90ddbb1a63bec165954188a2b043a4d5c0cd81f9d39cb2a9d07b40
fgf2,43c1f591fe6eb37d39774e551b38df6fa6012675a1152adbe432b7d173cf2f66,masked_substitution,862adf019350aa70095c5aed3acabf4881eb654e3c3b205f8669341f450b5ec8,primary_parent,d1969ec3fedb2d0993151dc0c97d4dd5cb0efe5e809ba1a5f8715959deed7605,hydrophobic_ratio_modlamp,numeric,false,audit_metric_has_no_monotonic_improvement_direction,audit,fraction,0.08695652173913043,0.08695652173913043,0.0,,false,d90405f39350296ba4bb5e1a5db7bfcb528f23dd4067dbdeddc977bb81ee0878
fgf2,43c1f591fe6eb37d39774e551b38df6fa6012675a1152adbe432b7d173cf2f66,masked_substitution,862adf019350aa70095c5aed3acabf4881eb654e3c3b205f8669341f450b5ec8,primary_parent,d1969ec3fedb2d0993151dc0c97d4dd5cb0efe5e809ba1a5f8715959deed7605,llamp_log10_mic_um,numeric,true,same_frozen_numeric_contract,minimize,log10(uM),1.0719242095947266,1.0927131175994873,0.020788908004760742,-0.020788908004760742,true,e05a874a739a46e093efbec363c7780fcf765fae60f037236ba44df0d1dc7798
fgf2,43c1f591fe6eb37d39774e551b38df6fa6012675a1152adbe432b7d173cf2f66,masked_substitution,862adf019350aa70095c5aed3acabf4881eb654e3c3b205f8669341f450b5ec8,primary_parent,d1969ec3fedb2d0993151dc0c97d4dd5cb0efe5e809ba1a5f8715959deed7605,macrel_amp_probability,numeric,true,same_frozen_numeric_contract,maximize,probability,0.248,0.248,0.0,0.0,false,167c0ec892915de682ee980f96f53b589ba3ebc9d3ce10a2afa5669c9573cadc
fgf2,43c1f591fe6eb37d39774e551b38df6fa6012675a1152adbe432b7d173cf2f66,masked_substitution,862adf019350aa70095c5aed3acabf4881eb654e3c3b205f8669341f450b5ec8,primary_parent,d1969ec3fedb2d0993151dc0c97d4dd5cb0efe5e809ba1a5f8715959deed7605,macrel_hemolysis_label,categorical,true,same_frozen_label_contract,audit,label,low,low,,,false,4ea759f06c48468d2e6ab5be4236477c8f565fda5d3bb1927594b36b5ae7314b
fgf2,43c1f591fe6eb37d39774e551b38df6fa6012675a1152adbe432b7d173cf2f66,masked_substitution,862adf019350aa70095c5aed3acabf4881eb654e3c3b205f8669341f450b5ec8,primary_parent,d1969ec3fedb2d0993151dc0c97d4dd5cb0efe5e809ba1a5f8715959deed7605,macrel_hemolysis_probability,numeric,true,same_frozen_numeric_contract,minimize,probability,0.347,0.416,0.069,-0.069,true,04b72654d9fd3e4d202c218714e2527cd03fe7dea6b7f5cdc1c9cef91086b806
fgf2,43c1f591fe6eb37d39774e551b38df6fa6012675a1152adbe432b7d173cf2f66,masked_substitution,862adf019350aa70095c5aed3acabf4881eb654e3c3b205f8669341f450b5ec8,primary_parent,d1969ec3fedb2d0993151dc0c97d4dd5cb0efe5e809ba1a5f8715959deed7605,maximum_hydrophobic_run,numeric,true,same_frozen_numeric_contract,minimize,residues,1.0,2.0,1.0,-1.0,true,18be48b85e278ae0baa8e51cd8e14abeff45397be3f74170b8b537703b5b17ff
fgf2,43c1f591fe6eb37d39774e551b38df6fa6012675a1152adbe432b7d173cf2f66,masked_substitution,862adf019350aa70095c5aed3acabf4881eb654e3c3b205f8669341f450b5ec8,primary_parent,d1969ec3fedb2d0993151dc0c97d4dd5cb0efe5e809ba1a5f8715959deed7605,net_charge_ph7_4,numeric,false,audit_metric_has_no_monotonic_improvement_direction,audit,elementary_charge,10.025,9.025,-1.0,,true,c127a4dc82ff57a7ecd8bafb04d58dd73614df9c97647e90e550d536760abd27
fgf2,43c1f591fe6eb37d39774e551b38df6fa6012675a1152adbe432b7d173cf2f66,masked_substitution,862adf019350aa70095c5aed3acabf4881eb654e3c3b205f8669341f450b5ec8,primary_parent,d1969ec3fedb2d0993151dc0c97d4dd5cb0efe5e809ba1a5f8715959deed7605,toxinpred3_hybrid_score,numeric,true,same_frozen_numeric_contract,minimize,dimensionless,0.3,0.33,0.030000000000000027,-0.030000000000000027,true,6d6c526d4673930d949436ba3513a151b04ec2916f73f5092bc0f44bc8e9e7f1
fgf2,43c1f591fe6eb37d39774e551b38df6fa6012675a1152adbe432b7d173cf2f66,masked_substitution,862adf019350aa70095c5aed3acabf4881eb654e3c3b205f8669341f450b5ec8,primary_parent,d1969ec3fedb2d0993151dc0c97d4dd5cb0efe5e809ba1a5f8715959deed7605,toxinpred3_label,categorical,true,same_frozen_label_contract,audit,label,Non-Toxin,Non-Toxin,,,false,3fb16faadc054d2a0230e9cd9f48b90bb80a5da3f8f44f56c4032f7bfd9e98e3
fgf2,19145f258ebe445384bb225a3e7efa44d71357cf14d9335fc3daca5433bac48f,masked_substitution,1e59ebf750aec9192abd68312e36b645fbc5607629d031d7304addc600d7823a,primary_parent,d1969ec3fedb2d0993151dc0c97d4dd5cb0efe5e809ba1a5f8715959deed7605,amp_read_log10_mic_um,numeric,true,same_frozen_numeric_contract,minimize,log10(uM),2.211254973534783,2.1282631443805493,-0.08299182915423353,0.08299182915423353,true,d70b5218b2c1d8288a0f324e57668efd99b682fb89d8c24347601e17c7dd6640
fgf2,19145f258ebe445384bb225a3e7efa44d71357cf14d9335fc3daca5433bac48f,masked_substitution,1e59ebf750aec9192abd68312e36b645fbc5607629d031d7304addc600d7823a,primary_parent,d1969ec3fedb2d0993151dc0c97d4dd5cb0efe5e809ba1a5f8715959deed7605,guruprasad_instability_index,numeric,true,same_frozen_numeric_contract,minimize,index,28.93913,36.321739130434786,7.382609130434787,-7.382609130434787,true,ee6147e06e57bd5bf6500b78fd1ceff69f7a641388af7c1316d24b3d25289293
fgf2,19145f258ebe445384bb225a3e7efa44d71357cf14d9335fc3daca5433bac48f,masked_substitution,1e59ebf750aec9192abd68312e36b645fbc5607629d031d7304addc600d7823a,primary_parent,d1969ec3fedb2d0993151dc0c97d4dd5cb0efe5e809ba1a5f8715959deed7605,hydrophobic_moment_eisenberg,numeric,false,audit_metric_has_no_monotonic_improvement_direction,audit,dimensionless,0.03702862230433381,0.042468730506889714,0.005440108202555902,,true,2b093a9c0f16f970f1613ef8bce10de0caf60a049b4fc4e51658e808815163c9
fgf2,19145f258ebe445384bb225a3e7efa44d71357cf14d9335fc3daca5433bac48f,masked_substitution,1e59ebf750aec9192abd68312e36b645fbc5607629d031d7304addc600d7823a,primary_parent,d1969ec3fedb2d0993151dc0c97d4dd5cb0efe5e809ba1a5f8715959deed7605,hydrophobic_ratio_modlamp,numeric,false,audit_metric_has_no_monotonic_improvement_direction,audit,fraction,0.08695652173913043,0.13043478260869565,0.043478260869565216,,true,f27f68e2857a39e7c8f40fcf5762269c787e79fc246863f764dbc078e9236a77
fgf2,19145f258ebe445384bb225a3e7efa44d71357cf14d9335fc3daca5433bac48f,masked_substitution,1e59ebf750aec9192abd68312e36b645fbc5607629d031d7304addc600d7823a,primary_parent,d1969ec3fedb2d0993151dc0c97d4dd5cb0efe5e809ba1a5f8715959deed7605,llamp_log10_mic_um,numeric,true,same_frozen_numeric_contract,minimize,log10(uM),1.0719242095947266,1.53720223903656,0.4652780294418335,-0.4652780294418335,true,0b252d5035d23351ba56876f5a75fc58f174375db5689e2173c6a40a89b84f44
fgf2,19145f258ebe445384bb225a3e7efa44d71357cf14d9335fc3daca5433bac48f,masked_substitution,1e59ebf750aec9192abd68312e36b645fbc5607629d031d7304addc600d7823a,primary_parent,d1969ec3fedb2d0993151dc0c97d4dd5cb0efe5e809ba1a5f8715959deed7605,macrel_amp_probability,numeric,true,same_frozen_numeric_contract,maximize,probability,0.248,0.287,0.03899999999999998,0.03899999999999998,true,82cd6ffb75370ba28293b0412ee6a88c7b9d9f30a9c5d0ac4450fe388fbf7a38
fgf2,19145f258ebe445384bb225a3e7efa44d71357cf14d9335fc3daca5433bac48f,masked_substitution,1e59ebf750aec9192abd68312e36b645fbc5607629d031d7304addc600d7823a,primary_parent,d1969ec3fedb2d0993151dc0c97d4dd5cb0efe5e809ba1a5f8715959deed7605,macrel_hemolysis_label,categorical,true,same_frozen_label_contract,audit,label,low,low,,,false,c16a69200018c5788e7b542a413646dc79e60ef64c71c793ecd476d965cc3fc9
fgf2,19145f258ebe445384bb225a3e7efa44d71357cf14d9335fc3daca5433bac48f,masked_substitution,1e59ebf750aec9192abd68312e36b645fbc5607629d031d7304addc600d7823a,primary_parent,d1969ec3fedb2d0993151dc0c97d4dd5cb0efe5e809ba1a5f8715959deed7605,macrel_hemolysis_probability,numeric,true,same_frozen_numeric_contract,minimize,probability,0.347,0.327,-0.019999999999999962,0.019999999999999962,true,23b633aa9b3554e00b8a1fc000a342ceb9370132993d960be4b7895106b39128
fgf2,19145f258ebe445384bb225a3e7efa44d71357cf14d9335fc3daca5433bac48f,masked_substitution,1e59ebf750aec9192abd68312e36b645fbc5607629d031d7304addc600d7823a,primary_parent,d1969ec3fedb2d0993151dc0c97d4dd5cb0efe5e809ba1a5f8715959deed7605,maximum_hydrophobic_run,numeric,true,same_frozen_numeric_contract,minimize,residues,1.0,1.0,0.0,-0.0,false,29e468d35b58bd2d9d1ffa412bca633ed9c6da61248a666a4d8d665ecba69608
fgf2,19145f258ebe445384bb225a3e7efa44d71357cf14d9335fc3daca5433bac48f,masked_substitution,1e59ebf750aec9192abd68312e36b645fbc5607629d031d7304addc600d7823a,primary_parent,d1969ec3fedb2d0993151dc0c97d4dd5cb0efe5e809ba1a5f8715959deed7605,net_charge_ph7_4,numeric,false,audit_metric_has_no_monotonic_improvement_direction,audit,elementary_charge,10.025,10.025,0.0,,false,b78361225743cf5e53e70ebf90d40de61e3da8fa6b10cbefadb08661e714a32e
fgf2,19145f258ebe445384bb225a3e7efa44d71357cf14d9335fc3daca5433bac48f,masked_substitution,1e59ebf750aec9192abd68312e36b645fbc5607629d031d7304addc600d7823a,primary_parent,d1969ec3fedb2d0993151dc0c97d4dd5cb0efe5e809ba1a5f8715959deed7605,toxinpred3_hybrid_score,numeric,true,same_frozen_numeric_contract,minimize,dimensionless,0.3,0.305,0.0050000000000000044,-0.0050000000000000044,true,980d1131086fee5a1218afdfe080b60f71579ec64d52c9a0be2a01fd4fdbb87e
fgf2,19145f258ebe445384bb225a3e7efa44d71357cf14d9335fc3daca5433bac48f,masked_substitution,1e59ebf750aec9192abd68312e36b645fbc5607629d031d7304addc600d7823a,primary_parent,d1969ec3fedb2d0993151dc0c97d4dd5cb0efe5e809ba1a5f8715959deed7605,toxinpred3_label,categorical,true,same_frozen_label_contract,audit,label,Non-Toxin,Non-Toxin,,,false,71fa619aef3d5d088b85d04f8315d8b93fd542b58c357cbe6c2385bfefb4d3c6
fgf2,aab4fca3dc82cde2e93af5990e69d6364cf3988ec38f7ae3cc59937d113f4f87,masked_substitution,d4103040be2f81353e507f98bdb479f1aa61a267482fdbbdf3521aa02f8e45cf,primary_parent,d1969ec3fedb2d0993151dc0c97d4dd5cb0efe5e809ba1a5f8715959deed7605,amp_read_log10_mic_um,numeric,true,same_frozen_numeric_contract,minimize,log10(uM),2.211254973534783,2.098734552617972,-0.11252042091681069,0.11252042091681069,true,0c9fd3b3c08e0f62202ad0a2925453a906b1cf6bafc4a0d777eb2952a164c5ae
fgf2,aab4fca3dc82cde2e93af5990e69d6364cf3988ec38f7ae3cc59937d113f4f87,masked_substitution,d4103040be2f81353e507f98bdb479f1aa61a267482fdbbdf3521aa02f8e45cf,primary_parent,d1969ec3fedb2d0993151dc0c97d4dd5cb0efe5e809ba1a5f8715959deed7605,guruprasad_instability_index,numeric,true,same_frozen_numeric_contract,minimize,index,28.93913,36.321739130434786,7.382609130434787,-7.382609130434787,true,b03568524d6136d22640c3b02d19910b5f72807ae922dc9bd98fa2f115fe1d4d
fgf2,aab4fca3dc82cde2e93af5990e69d6364cf3988ec38f7ae3cc59937d113f4f87,masked_substitution,d4103040be2f81353e507f98bdb479f1aa61a267482fdbbdf3521aa02f8e45cf,primary_parent,d1969ec3fedb2d0993151dc0c97d4dd5cb0efe5e809ba1a5f8715959deed7605,hydrophobic_moment_eisenberg,numeric,false,audit_metric_has_no_monotonic_improvement_direction,audit,dimensionless,0.03702862230433381,0.07462984611042854,0.03760122380609473,,true,775e50c764faa2efc0a3266a73e490a21a6bbc164a718355cdc762ec0aeb98a8
fgf2,aab4fca3dc82cde2e93af5990e69d6364cf3988ec38f7ae3cc59937d113f4f87,masked_substitution,d4103040be2f81353e507f98bdb479f1aa61a267482fdbbdf3521aa02f8e45cf,primary_parent,d1969ec3fedb2d0993151dc0c97d4dd5cb0efe5e809ba1a5f8715959deed7605,hydrophobic_ratio_modlamp,numeric,false,audit_metric_has_no_monotonic_improvement_direction,audit,fraction,0.08695652173913043,0.13043478260869565,0.043478260869565216,,true,2a9b10d02decd9a62b70fec6664a35b705b4eda2080f950f48f2c6a301122e40
fgf2,aab4fca3dc82cde2e93af5990e69d6364cf3988ec38f7ae3cc59937d113f4f87,masked_substitution,d4103040be2f81353e507f98bdb479f1aa61a267482fdbbdf3521aa02f8e45cf,primary_parent,d1969ec3fedb2d0993151dc0c97d4dd5cb0efe5e809ba1a5f8715959deed7605,llamp_log10_mic_um,numeric,true,same_frozen_numeric_contract,minimize,log10(uM),1.0719242095947266,1.0519235134124756,-0.020000696182250977,0.020000696182250977,true,680ed590d98ca3b85846d8c2f1a1db319c7ce0bf0e854077e51b904fcd98a00d
fgf2,aab4fca3dc82cde2e93af5990e69d6364cf3988ec38f7ae3cc59937d113f4f87,masked_substitution,d4103040be2f81353e507f98bdb479f1aa61a267482fdbbdf3521aa02f8e45cf,primary_parent,d1969ec3fedb2d0993151dc0c97d4dd5cb0efe5e809ba1a5f8715959deed7605,macrel_amp_probability,numeric,true,same_frozen_numeric_contract,maximize,probability,0.248,0.238,-0.010000000000000009,-0.010000000000000009,true,6fe4a440af703088cf2147cf7c0aaa9836864829616d26499611fe0d35e9c5bb
fgf2,aab4fca3dc82cde2e93af5990e69d6364cf3988ec38f7ae3cc59937d113f4f87,masked_substitution,d4103040be2f81353e507f98bdb479f1aa61a267482fdbbdf3521aa02f8e45cf,primary_parent,d1969ec3fedb2d0993151dc0c97d4dd5cb0efe5e809ba1a5f8715959deed7605,macrel_hemolysis_label,categorical,true,same_frozen_label_contract,audit,label,low,low,,,false,b73c588cfc8baa1a6af916873c23a034df721ab5c23c634c15fe66d53040dc80
fgf2,aab4fca3dc82cde2e93af5990e69d6364cf3988ec38f7ae3cc59937d113f4f87,masked_substitution,d4103040be2f81353e507f98bdb479f1aa61a267482fdbbdf3521aa02f8e45cf,primary_parent,d1969ec3fedb2d0993151dc0c97d4dd5cb0efe5e809ba1a5f8715959deed7605,macrel_hemolysis_probability,numeric,true,same_frozen_numeric_contract,minimize,probability,0.347,0.406,0.05900000000000005,-0.05900000000000005,true,ab8a0a0e692777930a41339cad315ca3c4fa266a1ae0ddf9f06e2f081974dcaf
fgf2,aab4fca3dc82cde2e93af5990e69d6364cf3988ec38f7ae3cc59937d113f4f87,masked_substitution,d4103040be2f81353e507f98bdb479f1aa61a267482fdbbdf3521aa02f8e45cf,primary_parent,d1969ec3fedb2d0993151dc0c97d4dd5cb0efe5e809ba1a5f8715959deed7605,maximum_hydrophobic_run,numeric,true,same_frozen_numeric_contract,minimize,residues,1.0,1.0,0.0,-0.0,false,770b5405e4217d63bb56bf14ef20a0395aa9eb3803cdf27ceaed2d81e75c02dd
fgf2,aab4fca3dc82cde2e93af5990e69d6364cf3988ec38f7ae3cc59937d113f4f87,masked_substitution,d4103040be2f81353e507f98bdb479f1aa61a267482fdbbdf3521aa02f8e45cf,primary_parent,d1969ec3fedb2d0993151dc0c97d4dd5cb0efe5e809ba1a5f8715959deed7605,net_charge_ph7_4,numeric,false,audit_metric_has_no_monotonic_improvement_direction,audit,elementary_charge,10.025,10.025,0.0,,false,f5c1ee8a59ae0af742ca0f3ff091368a388be652d3213ff666aff697dbd5b2fe
fgf2,aab4fca3dc82cde2e93af5990e69d6364cf3988ec38f7ae3cc59937d113f4f87,masked_substitution,d4103040be2f81353e507f98bdb479f1aa61a267482fdbbdf3521aa02f8e45cf,primary_parent,d1969ec3fedb2d0993151dc0c97d4dd5cb0efe5e809ba1a5f8715959deed7605,toxinpred3_hybrid_score,numeric,true,same_frozen_numeric_contract,minimize,dimensionless,0.3,0.295,-0.0050000000000000044,0.0050000000000000044,true,72d6afa0559b87e6c1a2f2a353272ba25fad265456afc359a223c7c6d074e6bd
fgf2,aab4fca3dc82cde2e93af5990e69d6364cf3988ec38f7ae3cc59937d113f4f87,masked_substitution,d4103040be2f81353e507f98bdb479f1aa61a267482fdbbdf3521aa02f8e45cf,primary_parent,d1969ec3fedb2d0993151dc0c97d4dd5cb0efe5e809ba1a5f8715959deed7605,toxinpred3_label,categorical,true,same_frozen_label_contract,audit,label,Non-Toxin,Non-Toxin,,,false,2aeb06bdef2cc271ea9fcb12c67347bded1916b532871d67ab6017704abd59d9
fgf2,75e4c79e118cd829db73eb4681caa14745f276e1ce14c8d3c88b739a7a0d3bc4,masked_substitution,87e8046b6cc6cbaef2085ef0eeaea77ca51c440ee03fef66efc33e703471fee7,primary_parent,d1969ec3fedb2d0993151dc0c97d4dd5cb0efe5e809ba1a5f8715959deed7605,amp_read_log10_mic_um,numeric,true,same_frozen_numeric_contract,minimize,log10(uM),2.211254973534783,2.1571646592169498,-0.054090314317833066,0.054090314317833066,true,dec2fba3789aa9df61b1d42b38ab6798d0264dbf24a4edc7761b6f146ac44931
fgf2,75e4c79e118cd829db73eb4681caa14745f276e1ce14c8d3c88b739a7a0d3bc4,masked_substitution,87e8046b6cc6cbaef2085ef0eeaea77ca51c440ee03fef66efc33e703471fee7,primary_parent,d1969ec3fedb2d0993151dc0c97d4dd5cb0efe5e809ba1a5f8715959deed7605,guruprasad_instability_index,numeric,true,same_frozen_numeric_contract,minimize,index,28.93913,36.321739130434786,7.382609130434787,-7.382609130434787,true,41ecdc46cada11368fea3630f3864056d4de4c775b1aec1c706f082a36db8f01
fgf2,75e4c79e118cd829db73eb4681caa14745f276e1ce14c8d3c88b739a7a0d3bc4,masked_substitution,87e8046b6cc6cbaef2085ef0eeaea77ca51c440ee03fef66efc33e703471fee7,primary_parent,d1969ec3fedb2d0993151dc0c97d4dd5cb0efe5e809ba1a5f8715959deed7605,hydrophobic_moment_eisenberg,numeric,false,audit_metric_has_no_monotonic_improvement_direction,audit,dimensionless,0.03702862230433381,0.062039766673118675,0.025011144368784863,,true,80c2d30c4d3951c71eda7c414d2fe56e70609d7eb170286c7603723be50be3bc
fgf2,75e4c79e118cd829db73eb4681caa14745f276e1ce14c8d3c88b739a7a0d3bc4,masked_substitution,87e8046b6cc6cbaef2085ef0eeaea77ca51c440ee03fef66efc33e703471fee7,primary_parent,d1969ec3fedb2d0993151dc0c97d4dd5cb0efe5e809ba1a5f8715959deed7605,hydrophobic_ratio_modlamp,numeric,false,audit_metric_has_no_monotonic_improvement_direction,audit,fraction,0.08695652173913043,0.13043478260869565,0.043478260869565216,,true,450bb0fef6b27991593b20d0cdac700a5234d952dfe7277db3278824a2f0dae3
fgf2,75e4c79e118cd829db73eb4681caa14745f276e1ce14c8d3c88b739a7a0d3bc4,masked_substitution,87e8046b6cc6cbaef2085ef0eeaea77ca51c440ee03fef66efc33e703471fee7,primary_parent,d1969ec3fedb2d0993151dc0c97d4dd5cb0efe5e809ba1a5f8715959deed7605,llamp_log10_mic_um,numeric,true,same_frozen_numeric_contract,minimize,log10(uM),1.0719242095947266,1.0064061880111694,-0.06551802158355713,0.06551802158355713,true,61210f40b7bc7cf3a95dcf885266686c3b14010d607fa98e65d38c9353ab06b6
fgf2,75e4c79e118cd829db73eb4681caa14745f276e1ce14c8d3c88b739a7a0d3bc4,masked_substitution,87e8046b6cc6cbaef2085ef0eeaea77ca51c440ee03fef66efc33e703471fee7,primary_parent,d1969ec3fedb2d0993151dc0c97d4dd5cb0efe5e809ba1a5f8715959deed7605,macrel_amp_probability,numeric,true,same_frozen_numeric_contract,maximize,probability,0.248,0.277,0.029000000000000026,0.029000000000000026,true,690451aefde4b82840c78d827a3448bf6254d540927e79731b063959829f8f8f
fgf2,75e4c79e118cd829db73eb4681caa14745f276e1ce14c8d3c88b739a7a0d3bc4,masked_substitution,87e8046b6cc6cbaef2085ef0eeaea77ca51c440ee03fef66efc33e703471fee7,primary_parent,d1969ec3fedb2d0993151dc0c97d4dd5cb0efe5e809ba1a5f8715959deed7605,macrel_hemolysis_label,categorical,true,same_frozen_label_contract,audit,label,low,low,,,false,885cc7c39f2901b640ef33a412cfa934e0eb76511c6ff292a8a03f5548e5bf45
fgf2,75e4c79e118cd829db73eb4681caa14745f276e1ce14c8d3c88b739a7a0d3bc4,masked_substitution,87e8046b6cc6cbaef2085ef0eeaea77ca51c440ee03fef66efc33e703471fee7,primary_parent,d1969ec3fedb2d0993151dc0c97d4dd5cb0efe5e809ba1a5f8715959deed7605,macrel_hemolysis_probability,numeric,true,same_frozen_numeric_contract,minimize,probability,0.347,0.406,0.05900000000000005,-0.05900000000000005,true,dff1e5b556f4a28100af75d680b68e068d3c3e238de7926bd0d98b59ba5780dd
fgf2,75e4c79e118cd829db73eb4681caa14745f276e1ce14c8d3c88b739a7a0d3bc4,masked_substitution,87e8046b6cc6cbaef2085ef0eeaea77ca51c440ee03fef66efc33e703471fee7,primary_parent,d1969ec3fedb2d0993151dc0c97d4dd5cb0efe5e809ba1a5f8715959deed7605,maximum_hydrophobic_run,numeric,true,same_frozen_numeric_contract,minimize,residues,1.0,1.0,0.0,-0.0,false,55f12386f554aad4ade4708789e14841d5794320a424f3b595f43f86e42cf1ab
fgf2,75e4c79e118cd829db73eb4681caa14745f276e1ce14c8d3c88b739a7a0d3bc4,masked_substitution,87e8046b6cc6cbaef2085ef0eeaea77ca51c440ee03fef66efc33e703471fee7,primary_parent,d1969ec3fedb2d0993151dc0c97d4dd5cb0efe5e809ba1a5f8715959deed7605,net_charge_ph7_4,numeric,false,audit_metric_has_no_monotonic_improvement_direction,audit,elementary_charge,10.025,10.025,0.0,,false,041f7fc562224421aaa7385eb97ba3df2075811b4b06078fce1cec75baa58af4
fgf2,75e4c79e118cd829db73eb4681caa14745f276e1ce14c8d3c88b739a7a0d3bc4,masked_substitution,87e8046b6cc6cbaef2085ef0eeaea77ca51c440ee03fef66efc33e703471fee7,primary_parent,d1969ec3fedb2d0993151dc0c97d4dd5cb0efe5e809ba1a5f8715959deed7605,toxinpred3_hybrid_score,numeric,true,same_frozen_numeric_contract,minimize,dimensionless,0.3,0.32,0.020000000000000018,-0.020000000000000018,true,ddd34d5aece2d03a1da149ec45f00a27c461cbd9aa6c60bf07cc1e8da8c5cfdc
fgf2,75e4c79e118cd829db73eb4681caa14745f276e1ce14c8d3c88b739a7a0d3bc4,masked_substitution,87e8046b6cc6cbaef2085ef0eeaea77ca51c440ee03fef66efc33e703471fee7,primary_parent,d1969ec3fedb2d0993151dc0c97d4dd5cb0efe5e809ba1a5f8715959deed7605,toxinpred3_label,categorical,true,same_frozen_label_contract,audit,label,Non-Toxin,Non-Toxin,,,false,b706a3723c48f66f1c00adfe2097206750947f830f3e0f423912be66879cb6ea
fgf2,7d6c644e130c066100576179eb3366f7abd1d9a05e479bd326e4f799e2efab5e,masked_substitution,e12eef9f506cc52d531058e124e696d018e480a4385f1ff6bae3f8c9ed9335eb,primary_parent,d1969ec3fedb2d0993151dc0c97d4dd5cb0efe5e809ba1a5f8715959deed7605,amp_read_log10_mic_um,numeric,true,same_frozen_numeric_contract,minimize,log10(uM),2.211254973534783,2.097410674708668,-0.1138442988261148,0.1138442988261148,true,d372c12f344afea099f0f487980a37c49a83ea7f049202985fd639baa6897f62
fgf2,7d6c644e130c066100576179eb3366f7abd1d9a05e479bd326e4f799e2efab5e,masked_substitution,e12eef9f506cc52d531058e124e696d018e480a4385f1ff6bae3f8c9ed9335eb,primary_parent,d1969ec3fedb2d0993151dc0c97d4dd5cb0efe5e809ba1a5f8715959deed7605,guruprasad_instability_index,numeric,true,same_frozen_numeric_contract,minimize,index,28.93913,32.6304347826087,3.6913047826087038,-3.6913047826087038,true,1119a118459bfb0105c9cd4f82be696465092134e0c9b2c634038f1d2c384082
fgf2,7d6c644e130c066100576179eb3366f7abd1d9a05e479bd326e4f799e2efab5e,masked_substitution,e12eef9f506cc52d531058e124e696d018e480a4385f1ff6bae3f8c9ed9335eb,primary_parent,d1969ec3fedb2d0993151dc0c97d4dd5cb0efe5e809ba1a5f8715959deed7605,hydrophobic_moment_eisenberg,numeric,false,audit_metric_has_no_monotonic_improvement_direction,audit,dimensionless,0.03702862230433381,0.062039766673118675,0.025011144368784863,,true,ba9e901e134c57e8e6de8e730dd051fd9906d619be46a75287f29147dff119c1
fgf2,7d6c644e130c066100576179eb3366f7abd1d9a05e479bd326e4f799e2efab5e,masked_substitution,e12eef9f506cc52d531058e124e696d018e480a4385f1ff6bae3f8c9ed9335eb,primary_parent,d1969ec3fedb2d0993151dc0c97d4dd5cb0efe5e809ba1a5f8715959deed7605,hydrophobic_ratio_modlamp,numeric,false,audit_metric_has_no_monotonic_improvement_direction,audit,fraction,0.08695652173913043,0.13043478260869565,0.043478260869565216,,true,1182b975c0b26ed992472d13537e0c3482d82454052ba49a0d7a26fc04e8d365
fgf2,7d6c644e130c066100576179eb3366f7abd1d9a05e479bd326e4f799e2efab5e,masked_substitution,e12eef9f506cc52d531058e124e696d018e480a4385f1ff6bae3f8c9ed9335eb,primary_parent,d1969ec3fedb2d0993151dc0c97d4dd5cb0efe5e809ba1a5f8715959deed7605,llamp_log10_mic_um,numeric,true,same_frozen_numeric_contract,minimize,log10(uM),1.0719242095947266,1.3135135173797607,0.24158930778503418,-0.24158930778503418,true,64e057a210d0162268b4ab03889139d532f6d04b75b039dec092c2241839a469
fgf2,7d6c644e130c066100576179eb3366f7abd1d9a05e479bd326e4f799e2efab5e,masked_substitution,e12eef9f506cc52d531058e124e696d018e480a4385f1ff6bae3f8c9ed9335eb,primary_parent,d1969ec3fedb2d0993151dc0c97d4dd5cb0efe5e809ba1a5f8715959deed7605,macrel_amp_probability,numeric,true,same_frozen_numeric_contract,maximize,probability,0.248,0.277,0.029000000000000026,0.029000000000000026,true,99dbea8beaa1a0cdf96eb986c500f35e561b205ee337dba13258f6b302b1f3d2
fgf2,7d6c644e130c066100576179eb3366f7abd1d9a05e479bd326e4f799e2efab5e,masked_substitution,e12eef9f506cc52d531058e124e696d018e480a4385f1ff6bae3f8c9ed9335eb,primary_parent,d1969ec3fedb2d0993151dc0c97d4dd5cb0efe5e809ba1a5f8715959deed7605,macrel_hemolysis_label,categorical,true,same_frozen_label_contract,audit,label,low,low,,,false,fb982df97fe23c22224c767222fffe6a93f7206bc95bab7409104b21e306d5fc
fgf2,7d6c644e130c066100576179eb3366f7abd1d9a05e479bd326e4f799e2efab5e,masked_substitution,e12eef9f506cc52d531058e124e696d018e480a4385f1ff6bae3f8c9ed9335eb,primary_parent,d1969ec3fedb2d0993151dc0c97d4dd5cb0efe5e809ba1a5f8715959deed7605,macrel_hemolysis_probability,numeric,true,same_frozen_numeric_contract,minimize,probability,0.347,0.376,0.029000000000000026,-0.029000000000000026,true,86ba1d2021ed3102b51056f39451a046bf0b13121d48787e989f10e85c3732ee
fgf2,7d6c644e130c066100576179eb3366f7abd1d9a05e479bd326e4f799e2efab5e,masked_substitution,e12eef9f506cc52d531058e124e696d018e480a4385f1ff6bae3f8c9ed9335eb,primary_parent,d1969ec3fedb2d0993151dc0c97d4dd5cb0efe5e809ba1a5f8715959deed7605,maximum_hydrophobic_run,numeric,true,same_frozen_numeric_contract,minimize,residues,1.0,1.0,0.0,-0.0,false,c3bece109e9d054401802c00950804decd35a90c5e1c4570b67829bd2a1ae11c
fgf2,7d6c644e130c066100576179eb3366f7abd1d9a05e479bd326e4f799e2efab5e,masked_substitution,e12eef9f506cc52d531058e124e696d018e480a4385f1ff6bae3f8c9ed9335eb,primary_parent,d1969ec3fedb2d0993151dc0c97d4dd5cb0efe5e809ba1a5f8715959deed7605,net_charge_ph7_4,numeric,false,audit_metric_has_no_monotonic_improvement_direction,audit,elementary_charge,10.025,10.025,0.0,,false,33939024f8ce09c0259f53249d8fff9d90f5a5e1d24f93de5bb3b244227dc832
fgf2,7d6c644e130c066100576179eb3366f7abd1d9a05e479bd326e4f799e2efab5e,masked_substitution,e12eef9f506cc52d531058e124e696d018e480a4385f1ff6bae3f8c9ed9335eb,primary_parent,d1969ec3fedb2d0993151dc0c97d4dd5cb0efe5e809ba1a5f8715959deed7605,toxinpred3_hybrid_score,numeric,true,same_frozen_numeric_contract,minimize,dimensionless,0.3,0.33,0.030000000000000027,-0.030000000000000027,true,381259d1d735e2f13e3bc51beef5ae67ee7fbf1c9c14518f0468c4997977bd59
fgf2,7d6c644e130c066100576179eb3366f7abd1d9a05e479bd326e4f799e2efab5e,masked_substitution,e12eef9f506cc52d531058e124e696d018e480a4385f1ff6bae3f8c9ed9335eb,primary_parent,d1969ec3fedb2d0993151dc0c97d4dd5cb0efe5e809ba1a5f8715959deed7605,toxinpred3_label,categorical,true,same_frozen_label_contract,audit,label,Non-Toxin,Non-Toxin,,,false,52e484934adc991ef01fe9c5046e0ba277dba8cc3508d9b235c5ada6b62c001f
fgf2,74a40af878c0892c75baabda12ed649608806022f5abd804a685507632025fb0,masked_substitution,98d811945054b153cfa42d4786fa8e15b521ccbd2e8765d44acfa266a5f5b068,primary_parent,d1969ec3fedb2d0993151dc0c97d4dd5cb0efe5e809ba1a5f8715959deed7605,amp_read_log10_mic_um,numeric,true,same_frozen_numeric_contract,minimize,log10(uM),2.211254973534783,2.175117293291372,-0.03613768024341102,0.03613768024341102,true,912449e705112912b26357fcb1df46e13ae1ef9fe1fbb0755cd66a5eae89058f
fgf2,74a40af878c0892c75baabda12ed649608806022f5abd804a685507632025fb0,masked_substitution,98d811945054b153cfa42d4786fa8e15b521ccbd2e8765d44acfa266a5f5b068,primary_parent,d1969ec3fedb2d0993151dc0c97d4dd5cb0efe5e809ba1a5f8715959deed7605,guruprasad_instability_index,numeric,true,same_frozen_numeric_contract,minimize,index,28.93913,29.35217391304348,0.41304391304348087,-0.41304391304348087,true,e9eca1b11928d30eba6a17f69c19eb2c98c0ad15621e2f978763834c1ea5518a
fgf2,74a40af878c0892c75baabda12ed649608806022f5abd804a685507632025fb0,masked_substitution,98d811945054b153cfa42d4786fa8e15b521ccbd2e8765d44acfa266a5f5b068,primary_parent,d1969ec3fedb2d0993151dc0c97d4dd5cb0efe5e809ba1a5f8715959deed7605,hydrophobic_moment_eisenberg,numeric,false,audit_metric_has_no_monotonic_improvement_direction,audit,dimensionless,0.03702862230433381,0.02900401696062218,-0.008024605343711633,,true,ef5a5c8b096ba6562dd7257dba5874ff5671cc3c4ec3ad2c796f5884386cb621
fgf2,74a40af878c0892c75baabda12ed649608806022f5abd804a685507632025fb0,masked_substitution,98d811945054b153cfa42d4786fa8e15b521ccbd2e8765d44acfa266a5f5b068,primary_parent,d1969ec3fedb2d0993151dc0c97d4dd5cb0efe5e809ba1a5f8715959deed7605,hydrophobic_ratio_modlamp,numeric,false,audit_metric_has_no_monotonic_improvement_direction,audit,fraction,0.08695652173913043,0.08695652173913043,0.0,,false,828e1e4a097d3cc0b84aff93b8032715e16d10c8366aa10550b284c066dbcab1
fgf2,74a40af878c0892c75baabda12ed649608806022f5abd804a685507632025fb0,masked_substitution,98d811945054b153cfa42d4786fa8e15b521ccbd2e8765d44acfa266a5f5b068,primary_parent,d1969ec3fedb2d0993151dc0c97d4dd5cb0efe5e809ba1a5f8715959deed7605,llamp_log10_mic_um,numeric,true,same_frozen_numeric_contract,minimize,log10(uM),1.0719242095947266,1.060065507888794,-0.011858701705932617,0.011858701705932617,true,c010d30aa3f143bef9ce6983fcb8a9efb0ddc98e12f28c2363653238b8da2231
fgf2,74a40af878c0892c75baabda12ed649608806022f5abd804a685507632025fb0,masked_substitution,98d811945054b153cfa42d4786fa8e15b521ccbd2e8765d44acfa266a5f5b068,primary_parent,d1969ec3fedb2d0993151dc0c97d4dd5cb0efe5e809ba1a5f8715959deed7605,macrel_amp_probability,numeric,true,same_frozen_numeric_contract,maximize,probability,0.248,0.238,-0.010000000000000009,-0.010000000000000009,true,b6fa25f6c5299ae318a5ca71109803aeaa2a37a2b8a3c941a7934e30ace92b4b
fgf2,74a40af878c0892c75baabda12ed649608806022f5abd804a685507632025fb0,masked_substitution,98d811945054b153cfa42d4786fa8e15b521ccbd2e8765d44acfa266a5f5b068,primary_parent,d1969ec3fedb2d0993151dc0c97d4dd5cb0efe5e809ba1a5f8715959deed7605,macrel_hemolysis_label,categorical,true,same_frozen_label_contract,audit,label,low,low,,,false,44d383f7944f461dee4a0919c090958657c7f22603312bcafba626e1af32a7fa
fgf2,74a40af878c0892c75baabda12ed649608806022f5abd804a685507632025fb0,masked_substitution,98d811945054b153cfa42d4786fa8e15b521ccbd2e8765d44acfa266a5f5b068,primary_parent,d1969ec3fedb2d0993151dc0c97d4dd5cb0efe5e809ba1a5f8715959deed7605,macrel_hemolysis_probability,numeric,true,same_frozen_numeric_contract,minimize,probability,0.347,0.416,0.069,-0.069,true,3d4219d37afedc4681e9e8b7f425d0ead8331d5f193ce4c1699672f85f6ecf5d
fgf2,74a40af878c0892c75baabda12ed649608806022f5abd804a685507632025fb0,masked_substitution,98d811945054b153cfa42d4786fa8e15b521ccbd2e8765d44acfa266a5f5b068,primary_parent,d1969ec3fedb2d0993151dc0c97d4dd5cb0efe5e809ba1a5f8715959deed7605,maximum_hydrophobic_run,numeric,true,same_frozen_numeric_contract,minimize,residues,1.0,1.0,0.0,-0.0,false,b19ae50ea2526095e1a81ccf118e0a98132de3ea189b805f1f0769f9c345c1ed
fgf2,74a40af878c0892c75baabda12ed649608806022f5abd804a685507632025fb0,masked_substitution,98d811945054b153cfa42d4786fa8e15b521ccbd2e8765d44acfa266a5f5b068,primary_parent,d1969ec3fedb2d0993151dc0c97d4dd5cb0efe5e809ba1a5f8715959deed7605,net_charge_ph7_4,numeric,false,audit_metric_has_no_monotonic_improvement_direction,audit,elementary_charge,10.025,10.023,-0.002000000000000668,,true,35628f9be1641c6d0a461484058a076907bcc98898faf3a5a96c5c31cf0fdc8b
fgf2,74a40af878c0892c75baabda12ed649608806022f5abd804a685507632025fb0,masked_substitution,98d811945054b153cfa42d4786fa8e15b521ccbd2e8765d44acfa266a5f5b068,primary_parent,d1969ec3fedb2d0993151dc0c97d4dd5cb0efe5e809ba1a5f8715959deed7605,toxinpred3_hybrid_score,numeric,true,same_frozen_numeric_contract,minimize,dimensionless,0.3,0.3,0.0,-0.0,false,8f669c43d251acc1e7871807f7cc7faa09bf31b8a57ed17cb149268b7625f025
fgf2,74a40af878c0892c75baabda12ed649608806022f5abd804a685507632025fb0,masked_substitution,98d811945054b153cfa42d4786fa8e15b521ccbd2e8765d44acfa266a5f5b068,primary_parent,d1969ec3fedb2d0993151dc0c97d4dd5cb0efe5e809ba1a5f8715959deed7605,toxinpred3_label,categorical,true,same_frozen_label_contract,audit,label,Non-Toxin,Non-Toxin,,,false,9869dc06cd4ce276828556964f3c1f59d50fb28754ea73310cdfe5e3dc22a255
fgf2,68d53eacaf127981531f6094a8eed4b545b14cc95eaa093499f4de8643b7287c,masked_substitution,372364ba1b404af0110acd564abcbcef5c830b46f712273b42bc8a92207cc10a,primary_parent,d1969ec3fedb2d0993151dc0c97d4dd5cb0efe5e809ba1a5f8715959deed7605,amp_read_log10_mic_um,numeric,true,same_frozen_numeric_contract,minimize,log10(uM),2.211254973534783,1.942894049136803,-0.26836092439797987,0.26836092439797987,true,1a6e4bb7fa7c3d59f99b1cdf5a3bdde7b319d10a699ede45ff4ad7d1788ad52c
fgf2,68d53eacaf127981531f6094a8eed4b545b14cc95eaa093499f4de8643b7287c,masked_substitution,372364ba1b404af0110acd564abcbcef5c830b46f712273b42bc8a92207cc10a,primary_parent,d1969ec3fedb2d0993151dc0c97d4dd5cb0efe5e809ba1a5f8715959deed7605,guruprasad_instability_index,numeric,true,same_frozen_numeric_contract,minimize,index,28.93913,35.47391304347826,6.534783043478264,-6.534783043478264,true,15fb63a59f52e4d06e860ba4637340c6de0da4d23e6ae89b01e12fa8119acd05
fgf2,68d53eacaf127981531f6094a8eed4b545b14cc95eaa093499f4de8643b7287c,masked_substitution,372364ba1b404af0110acd564abcbcef5c830b46f712273b42bc8a92207cc10a,primary_parent,d1969ec3fedb2d0993151dc0c97d4dd5cb0efe5e809ba1a5f8715959deed7605,hydrophobic_moment_eisenberg,numeric,false,audit_metric_has_no_monotonic_improvement_direction,audit,dimensionless,0.03702862230433381,0.029512900923677202,-0.00751572138065661,,true,f408d1f39458ec4c5b08dc9661af6a47de1e7182b0ed58f2c467303d51665261
fgf2,68d53eacaf127981531f6094a8eed4b545b14cc95eaa093499f4de8643b7287c,masked_substitution,372364ba1b404af0110acd564abcbcef5c830b46f712273b42bc8a92207cc10a,primary_parent,d1969ec3fedb2d0993151dc0c97d4dd5cb0efe5e809ba1a5f8715959deed7605,hydrophobic_ratio_modlamp,numeric,false,audit_metric_has_no_monotonic_improvement_direction,audit,fraction,0.08695652173913043,0.13043478260869565,0.043478260869565216,,true,6fd70691960dcb2c24076c47c0e7189b14be08ac5447b7c7e6d001e5fe20d5dd
fgf2,68d53eacaf127981531f6094a8eed4b545b14cc95eaa093499f4de8643b7287c,masked_substitution,372364ba1b404af0110acd564abcbcef5c830b46f712273b42bc8a92207cc10a,primary_parent,d1969ec3fedb2d0993151dc0c97d4dd5cb0efe5e809ba1a5f8715959deed7605,llamp_log10_mic_um,numeric,true,same_frozen_numeric_contract,minimize,log10(uM),1.0719242095947266,1.101486325263977,0.02956211566925049,-0.02956211566925049,true,19436e1630d1af27aaed5d34e20f5e29e47aee72a0c6b6a5466ec723999e6a1d
fgf2,68d53eacaf127981531f6094a8eed4b545b14cc95eaa093499f4de8643b7287c,masked_substitution,372364ba1b404af0110acd564abcbcef5c830b46f712273b42bc8a92207cc10a,primary_parent,d1969ec3fedb2d0993151dc0c97d4dd5cb0efe5e809ba1a5f8715959deed7605,macrel_amp_probability,numeric,true,same_frozen_numeric_contract,maximize,probability,0.248,0.287,0.03899999999999998,0.03899999999999998,true,881b6f369f3e11c9563e79a39980db18be7585aa5d7551fe7741e06c88c7867f
fgf2,68d53eacaf127981531f6094a8eed4b545b14cc95eaa093499f4de8643b7287c,masked_substitution,372364ba1b404af0110acd564abcbcef5c830b46f712273b42bc8a92207cc10a,primary_parent,d1969ec3fedb2d0993151dc0c97d4dd5cb0efe5e809ba1a5f8715959deed7605,macrel_hemolysis_label,categorical,true,same_frozen_label_contract,audit,label,low,low,,,false,e0840ca10600983ba1d06b8a99543506e465ba40f10fb81028fda14d59110bf2
fgf2,68d53eacaf127981531f6094a8eed4b545b14cc95eaa093499f4de8643b7287c,masked_substitution,372364ba1b404af0110acd564abcbcef5c830b46f712273b42bc8a92207cc10a,primary_parent,d1969ec3fedb2d0993151dc0c97d4dd5cb0efe5e809ba1a5f8715959deed7605,macrel_hemolysis_probability,numeric,true,same_frozen_numeric_contract,minimize,probability,0.347,0.356,0.009000000000000008,-0.009000000000000008,true,0e015334052560bac28580a5ec7a85d245c8bb6d5e6c948a4e55b0097a5aaa9a
fgf2,68d53eacaf127981531f6094a8eed4b545b14cc95eaa093499f4de8643b7287c,masked_substitution,372364ba1b404af0110acd564abcbcef5c830b46f712273b42bc8a92207cc10a,primary_parent,d1969ec3fedb2d0993151dc0c97d4dd5cb0efe5e809ba1a5f8715959deed7605,maximum_hydrophobic_run,numeric,true,same_frozen_numeric_contract,minimize,residues,1.0,1.0,0.0,-0.0,false,4897397974f64bdca06b2ca90f8699fdac4474c90ea9438c443ebadd65985bcf
fgf2,68d53eacaf127981531f6094a8eed4b545b14cc95eaa093499f4de8643b7287c,masked_substitution,372364ba1b404af0110acd564abcbcef5c830b46f712273b42bc8a92207cc10a,primary_parent,d1969ec3fedb2d0993151dc0c97d4dd5cb0efe5e809ba1a5f8715959deed7605,net_charge_ph7_4,numeric,false,audit_metric_has_no_monotonic_improvement_direction,audit,elementary_charge,10.025,10.025,0.0,,false,022931f8cb76c4cff79ad781bdcb2a278a2b32a1d146707b3fb425353f7436fc
fgf2,68d53eacaf127981531f6094a8eed4b545b14cc95eaa093499f4de8643b7287c,masked_substitution,372364ba1b404af0110acd564abcbcef5c830b46f712273b42bc8a92207cc10a,primary_parent,d1969ec3fedb2d0993151dc0c97d4dd5cb0efe5e809ba1a5f8715959deed7605,toxinpred3_hybrid_score,numeric,true,same_frozen_numeric_contract,minimize,dimensionless,0.3,0.34,0.040000000000000036,-0.040000000000000036,true,ca8d45a8d0cc118e75e9fb640d13b28e4299cb51d0c25c4c1e948e99ac55c5cb
fgf2,68d53eacaf127981531f6094a8eed4b545b14cc95eaa093499f4de8643b7287c,masked_substitution,372364ba1b404af0110acd564abcbcef5c830b46f712273b42bc8a92207cc10a,primary_parent,d1969ec3fedb2d0993151dc0c97d4dd5cb0efe5e809ba1a5f8715959deed7605,toxinpred3_label,categorical,true,same_frozen_label_contract,audit,label,Non-Toxin,Non-Toxin,,,false,98aa667cc693fc4ba1c364c82b3ad30c5a2b2c941ef7c7309054ec5c6582bc95
fgf2,eb589941dfdb14ee47bd01df3f8122864e7ccde1f16a8b818c1e8a8625daf2ea,masked_substitution,8aae0e910c005c4856695b9250dadd9beb108fe937304cef43bfd74c1a3fc578,primary_parent,d1969ec3fedb2d0993151dc0c97d4dd5cb0efe5e809ba1a5f8715959deed7605,amp_read_log10_mic_um,numeric,true,same_frozen_numeric_contract,minimize,log10(uM),2.211254973534783,2.0179928315646425,-0.19326214197014036,0.19326214197014036,true,a71d5566c6651acd6c3e24b6e1c8aae7808f987bbd0d6f39e9bc3e100bfe014a
fgf2,eb589941dfdb14ee47bd01df3f8122864e7ccde1f16a8b818c1e8a8625daf2ea,masked_substitution,8aae0e910c005c4856695b9250dadd9beb108fe937304cef43bfd74c1a3fc578,primary_parent,d1969ec3fedb2d0993151dc0c97d4dd5cb0efe5e809ba1a5f8715959deed7605,guruprasad_instability_index,numeric,true,same_frozen_numeric_contract,minimize,index,28.93913,39.165217391304346,10.226087391304347,-10.226087391304347,true,c32fa66c56043e3a3e4f4d6e19c1e617c2e83c5216137ea695a3c8a78ef1b084
fgf2,eb589941dfdb14ee47bd01df3f8122864e7ccde1f16a8b818c1e8a8625daf2ea,masked_substitution,8aae0e910c005c4856695b9250dadd9beb108fe937304cef43bfd74c1a3fc578,primary_parent,d1969ec3fedb2d0993151dc0c97d4dd5cb0efe5e809ba1a5f8715959deed7605,hydrophobic_moment_eisenberg,numeric,false,audit_metric_has_no_monotonic_improvement_direction,audit,dimensionless,0.03702862230433381,0.03944874619897467,0.0024201238946408576,,true,2321f294b970f5286637fb55b53a30801713dcc3bb2a4f21eed1a59433864bca
fgf2,eb589941dfdb14ee47bd01df3f8122864e7ccde1f16a8b818c1e8a8625daf2ea,masked_substitution,8aae0e910c005c4856695b9250dadd9beb108fe937304cef43bfd74c1a3fc578,primary_parent,d1969ec3fedb2d0993151dc0c97d4dd5cb0efe5e809ba1a5f8715959deed7605,hydrophobic_ratio_modlamp,numeric,false,audit_metric_has_no_monotonic_improvement_direction,audit,fraction,0.08695652173913043,0.13043478260869565,0.043478260869565216,,true,6354b5722dcc03f82e1c68f0d217fc2b1dd3ea759325fbc91c75010c85cc6a08
fgf2,eb589941dfdb14ee47bd01df3f8122864e7ccde1f16a8b818c1e8a8625daf2ea,masked_substitution,8aae0e910c005c4856695b9250dadd9beb108fe937304cef43bfd74c1a3fc578,primary_parent,d1969ec3fedb2d0993151dc0c97d4dd5cb0efe5e809ba1a5f8715959deed7605,llamp_log10_mic_um,numeric,true,same_frozen_numeric_contract,minimize,log10(uM),1.0719242095947266,1.3305193185806274,0.2585951089859009,-0.2585951089859009,true,0e3f6d12a63fed4de133d7333fb10cf8afffec23670e399ac0bf0f9c01111230
fgf2,eb589941dfdb14ee47bd01df3f8122864e7ccde1f16a8b818c1e8a8625daf2ea,masked_substitution,8aae0e910c005c4856695b9250dadd9beb108fe937304cef43bfd74c1a3fc578,primary_parent,d1969ec3fedb2d0993151dc0c97d4dd5cb0efe5e809ba1a5f8715959deed7605,macrel_amp_probability,numeric,true,same_frozen_numeric_contract,maximize,probability,0.248,0.297,0.04899999999999999,0.04899999999999999,true,00f5c5d6eb6499edaa2429da1114ed84298b945678a7201b4ef29481aac3a1bb
fgf2,eb589941dfdb14ee47bd01df3f8122864e7ccde1f16a8b818c1e8a8625daf2ea,masked_substitution,8aae0e910c005c4856695b9250dadd9beb108fe937304cef43bfd74c1a3fc578,primary_parent,d1969ec3fedb2d0993151dc0c97d4dd5cb0efe5e809ba1a5f8715959deed7605,macrel_hemolysis_label,categorical,true,same_frozen_label_contract,audit,label,low,low,,,false,97116ecd0eb3b833600356852fce97655a5036a95abffd60476daf0a78d8eb53
fgf2,eb589941dfdb14ee47bd01df3f8122864e7ccde1f16a8b818c1e8a8625daf2ea,masked_substitution,8aae0e910c005c4856695b9250dadd9beb108fe937304cef43bfd74c1a3fc578,primary_parent,d1969ec3fedb2d0993151dc0c97d4dd5cb0efe5e809ba1a5f8715959deed7605,macrel_hemolysis_probability,numeric,true,same_frozen_numeric_contract,minimize,probability,0.347,0.347,0.0,-0.0,false,a250d47a626fab5600adcce69eacf923e6355e2a6019f9dd05ddd421e2ab8345
fgf2,eb589941dfdb14ee47bd01df3f8122864e7ccde1f16a8b818c1e8a8625daf2ea,masked_substitution,8aae0e910c005c4856695b9250dadd9beb108fe937304cef43bfd74c1a3fc578,primary_parent,d1969ec3fedb2d0993151dc0c97d4dd5cb0efe5e809ba1a5f8715959deed7605,maximum_hydrophobic_run,numeric,true,same_frozen_numeric_contract,minimize,residues,1.0,1.0,0.0,-0.0,false,5c6e6b3c525ae66d9affd6fc93465d198c050be3ff1a8b8ab775b3cb567f9c64
fgf2,eb589941dfdb14ee47bd01df3f8122864e7ccde1f16a8b818c1e8a8625daf2ea,masked_substitution,8aae0e910c005c4856695b9250dadd9beb108fe937304cef43bfd74c1a3fc578,primary_parent,d1969ec3fedb2d0993151dc0c97d4dd5cb0efe5e809ba1a5f8715959deed7605,net_charge_ph7_4,numeric,false,audit_metric_has_no_monotonic_improvement_direction,audit,elementary_charge,10.025,10.025,0.0,,false,a5b3975b8fbc223a3044d910b01e5a2fa90ad02395e77c25aeab551cb3211a1a
fgf2,eb589941dfdb14ee47bd01df3f8122864e7ccde1f16a8b818c1e8a8625daf2ea,masked_substitution,8aae0e910c005c4856695b9250dadd9beb108fe937304cef43bfd74c1a3fc578,primary_parent,d1969ec3fedb2d0993151dc0c97d4dd5cb0efe5e809ba1a5f8715959deed7605,toxinpred3_hybrid_score,numeric,true,same_frozen_numeric_contract,minimize,dimensionless,0.3,0.375,0.07500000000000001,-0.07500000000000001,true,079011931d6efa7b0fc170cfaf808a9edd39ac16483180d2e3f677d6564bf63c
fgf2,eb589941dfdb14ee47bd01df3f8122864e7ccde1f16a8b818c1e8a8625daf2ea,masked_substitution,8aae0e910c005c4856695b9250dadd9beb108fe937304cef43bfd74c1a3fc578,primary_parent,d1969ec3fedb2d0993151dc0c97d4dd5cb0efe5e809ba1a5f8715959deed7605,toxinpred3_label,categorical,true,same_frozen_label_contract,audit,label,Non-Toxin,Non-Toxin,,,false,ff659f7946950daa281abf0ff9ca91c2a15211b265e37bcbc41c7379d5547c76
fgf2,dc0c583b473fa9a8bef5746fc2e1f0013d708f888cb1db15eb7f32ce60db587a,masked_substitution,931b8da9bfd18361d01c01d32e785dff8fdb7a5d24d5da795abaf108a7e7f694,primary_parent,d1969ec3fedb2d0993151dc0c97d4dd5cb0efe5e809ba1a5f8715959deed7605,amp_read_log10_mic_um,numeric,true,same_frozen_numeric_contract,minimize,log10(uM),2.211254973534783,1.9266684127785636,-0.28458656075621924,0.28458656075621924,true,43a66c9f7e2a2b243d347e836e877f7b7568b770816d38f07657c75ad3a73545
fgf2,dc0c583b473fa9a8bef5746fc2e1f0013d708f888cb1db15eb7f32ce60db587a,masked_substitution,931b8da9bfd18361d01c01d32e785dff8fdb7a5d24d5da795abaf108a7e7f694,primary_parent,d1969ec3fedb2d0993151dc0c97d4dd5cb0efe5e809ba1a5f8715959deed7605,guruprasad_instability_index,numeric,true,same_frozen_numeric_contract,minimize,index,28.93913,35.47391304347826,6.534783043478264,-6.534783043478264,true,93508062ec811cfc0d9705a1bf37de5db81e051ce4dce1066e10af37c32a5cf6
fgf2,dc0c583b473fa9a8bef5746fc2e1f0013d708f888cb1db15eb7f32ce60db587a,masked_substitution,931b8da9bfd18361d01c01d32e785dff8fdb7a5d24d5da795abaf108a7e7f694,primary_parent,d1969ec3fedb2d0993151dc0c97d4dd5cb0efe5e809ba1a5f8715959deed7605,hydrophobic_moment_eisenberg,numeric,false,audit_metric_has_no_monotonic_improvement_direction,audit,dimensionless,0.03702862230433381,0.030475592555386136,-0.006553029748947677,,true,8ff0f798b09f3f57794836c6c327f28e8ed0a0cc786e52aaf9fccced0bb2ffae
fgf2,dc0c583b473fa9a8bef5746fc2e1f0013d708f888cb1db15eb7f32ce60db587a,masked_substitution,931b8da9bfd18361d01c01d32e785dff8fdb7a5d24d5da795abaf108a7e7f694,primary_parent,d1969ec3fedb2d0993151dc0c97d4dd5cb0efe5e809ba1a5f8715959deed7605,hydrophobic_ratio_modlamp,numeric,false,audit_metric_has_no_monotonic_improvement_direction,audit,fraction,0.08695652173913043,0.08695652173913043,0.0,,false,1a92090b2e2b81839c1dbfaaafa74324bde6bcbe88bfaaa304f4b9bae7b6f859
fgf2,dc0c583b473fa9a8bef5746fc2e1f0013d708f888cb1db15eb7f32ce60db587a,masked_substitution,931b8da9bfd18361d01c01d32e785dff8fdb7a5d24d5da795abaf108a7e7f694,primary_parent,d1969ec3fedb2d0993151dc0c97d4dd5cb0efe5e809ba1a5f8715959deed7605,llamp_log10_mic_um,numeric,true,same_frozen_numeric_contract,minimize,log10(uM),1.0719242095947266,1.0318998098373413,-0.040024399757385254,0.040024399757385254,true,62859866c3bfc0e07ff96f8cdcf4133989d0fd35395732be4c997af139251477
fgf2,dc0c583b473fa9a8bef5746fc2e1f0013d708f888cb1db15eb7f32ce60db587a,masked_substitution,931b8da9bfd18361d01c01d32e785dff8fdb7a5d24d5da795abaf108a7e7f694,primary_parent,d1969ec3fedb2d0993151dc0c97d4dd5cb0efe5e809ba1a5f8715959deed7605,macrel_amp_probability,numeric,true,same_frozen_numeric_contract,maximize,probability,0.248,0.277,0.029000000000000026,0.029000000000000026,true,24ddb9aaf192183b39eeae79b7e8888280cf52f01af694d720562a1164d75f7f
fgf2,dc0c583b473fa9a8bef5746fc2e1f0013d708f888cb1db15eb7f32ce60db587a,masked_substitution,931b8da9bfd18361d01c01d32e785dff8fdb7a5d24d5da795abaf108a7e7f694,primary_parent,d1969ec3fedb2d0993151dc0c97d4dd5cb0efe5e809ba1a5f8715959deed7605,macrel_hemolysis_label,categorical,true,same_frozen_label_contract,audit,label,low,low,,,false,0ea033ddc262c867b0552add87b9bcb39fe3132b86b56d15ac19fbd9a2743f35
fgf2,dc0c583b473fa9a8bef5746fc2e1f0013d708f888cb1db15eb7f32ce60db587a,masked_substitution,931b8da9bfd18361d01c01d32e785dff8fdb7a5d24d5da795abaf108a7e7f694,primary_parent,d1969ec3fedb2d0993151dc0c97d4dd5cb0efe5e809ba1a5f8715959deed7605,macrel_hemolysis_probability,numeric,true,same_frozen_numeric_contract,minimize,probability,0.347,0.436,0.08900000000000002,-0.08900000000000002,true,0eabb725231cc2760bdffbf0df65b64f539522d5773a5939b46e372dd2d62188
fgf2,dc0c583b473fa9a8bef5746fc2e1f0013d708f888cb1db15eb7f32ce60db587a,masked_substitution,931b8da9bfd18361d01c01d32e785dff8fdb7a5d24d5da795abaf108a7e7f694,primary_parent,d1969ec3fedb2d0993151dc0c97d4dd5cb0efe5e809ba1a5f8715959deed7605,maximum_hydrophobic_run,numeric,true,same_frozen_numeric_contract,minimize,residues,1.0,1.0,0.0,-0.0,false,bc856a91421bf42a16c9dd3db26178f88eb0154f8032d9484b28ce90e1f9e60c
fgf2,dc0c583b473fa9a8bef5746fc2e1f0013d708f888cb1db15eb7f32ce60db587a,masked_substitution,931b8da9bfd18361d01c01d32e785dff8fdb7a5d24d5da795abaf108a7e7f694,primary_parent,d1969ec3fedb2d0993151dc0c97d4dd5cb0efe5e809ba1a5f8715959deed7605,net_charge_ph7_4,numeric,false,audit_metric_has_no_monotonic_improvement_direction,audit,elementary_charge,10.025,10.023,-0.002000000000000668,,true,5cda6ea4139fa2da86dfa9e83bd109ef7cebaf0ac11b0f8b736f0338fb4c9814
fgf2,dc0c583b473fa9a8bef5746fc2e1f0013d708f888cb1db15eb7f32ce60db587a,masked_substitution,931b8da9bfd18361d01c01d32e785dff8fdb7a5d24d5da795abaf108a7e7f694,primary_parent,d1969ec3fedb2d0993151dc0c97d4dd5cb0efe5e809ba1a5f8715959deed7605,toxinpred3_hybrid_score,numeric,true,same_frozen_numeric_contract,minimize,dimensionless,0.3,0.345,0.044999999999999984,-0.044999999999999984,true,648b2243d067cdd8c0613c0f950f504b5fcee492072283c3cf27d160fa221d56
fgf2,dc0c583b473fa9a8bef5746fc2e1f0013d708f888cb1db15eb7f32ce60db587a,masked_substitution,931b8da9bfd18361d01c01d32e785dff8fdb7a5d24d5da795abaf108a7e7f694,primary_parent,d1969ec3fedb2d0993151dc0c97d4dd5cb0efe5e809ba1a5f8715959deed7605,toxinpred3_label,categorical,true,same_frozen_label_contract,audit,label,Non-Toxin,Non-Toxin,,,false,75ab37a3ca97105f62f559af02a4b41ead06e8c53685c10a5782e0a2336727c8
fgf2,709f53d56fb59e17bf8f7c13d37458d482dec6ae873467a51dcf66e6d1dab179,masked_substitution,f5f01fde39ac65c41868797b994c7454185f5b0165688ba4bab22053115327c6,primary_parent,d1969ec3fedb2d0993151dc0c97d4dd5cb0efe5e809ba1a5f8715959deed7605,amp_read_log10_mic_um,numeric,true,same_frozen_numeric_contract,minimize,log10(uM),2.211254973534783,1.9805466470394908,-0.23070832649529205,0.23070832649529205,true,ca09bb9dc9ca6cdca17549e4770ab57e9629525d6d89907891386aa0a20f53c7
fgf2,709f53d56fb59e17bf8f7c13d37458d482dec6ae873467a51dcf66e6d1dab179,masked_substitution,f5f01fde39ac65c41868797b994c7454185f5b0165688ba4bab22053115327c6,primary_parent,d1969ec3fedb2d0993151dc0c97d4dd5cb0efe5e809ba1a5f8715959deed7605,guruprasad_instability_index,numeric,true,same_frozen_numeric_contract,minimize,index,28.93913,42.00869565217391,13.069565652173914,-13.069565652173914,true,cb7702b9bd939b6ff1f122fbc51ad1eb27bb11abdee49d18fef5022b4b022135
fgf2,709f53d56fb59e17bf8f7c13d37458d482dec6ae873467a51dcf66e6d1dab179,masked_substitution,f5f01fde39ac65c41868797b994c7454185f5b0165688ba4bab22053115327c6,primary_parent,d1969ec3fedb2d0993151dc0c97d4dd5cb0efe5e809ba1a5f8715959deed7605,hydrophobic_moment_eisenberg,numeric,false,audit_metric_has_no_monotonic_improvement_direction,audit,dimensionless,0.03702862230433381,0.04583369001140002,0.008805067707066211,,true,f3e66dfd52992c6d222f8d6d84b13039b576df7fa7e6735a9dfef5290869bba3
fgf2,709f53d56fb59e17bf8f7c13d37458d482dec6ae873467a51dcf66e6d1dab179,masked_substitution,f5f01fde39ac65c41868797b994c7454185f5b0165688ba4bab22053115327c6,primary_parent,d1969ec3fedb2d0993151dc0c97d4dd5cb0efe5e809ba1a5f8715959deed7605,hydrophobic_ratio_modlamp,numeric,false,audit_metric_has_no_monotonic_improvement_direction,audit,fraction,0.08695652173913043,0.13043478260869565,0.043478260869565216,,true,43ad02b431d74cafa7642de791a1484760c9ffe240da8e8c62ecfb8b5fd007fe
fgf2,709f53d56fb59e17bf8f7c13d37458d482dec6ae873467a51dcf66e6d1dab179,masked_substitution,f5f01fde39ac65c41868797b994c7454185f5b0165688ba4bab22053115327c6,primary_parent,d1969ec3fedb2d0993151dc0c97d4dd5cb0efe5e809ba1a5f8715959deed7605,llamp_log10_mic_um,numeric,true,same_frozen_numeric_contract,minimize,log10(uM),1.0719242095947266,0.9921290874481201,-0.07979512214660645,0.07979512214660645,true,e7ecd6760a06b3d3864199ba1499897b035ec76d0c871185be923c9791ac7dcf
fgf2,709f53d56fb59e17bf8f7c13d37458d482dec6ae873467a51dcf66e6d1dab179,masked_substitution,f5f01fde39ac65c41868797b994c7454185f5b0165688ba4bab22053115327c6,primary_parent,d1969ec3fedb2d0993151dc0c97d4dd5cb0efe5e809ba1a5f8715959deed7605,macrel_amp_probability,numeric,true,same_frozen_numeric_contract,maximize,probability,0.248,0.327,0.07900000000000001,0.07900000000000001,true,7def2f09118cc35cb68acbb76d9bf037749d65a84ba71855205124858463fe14
fgf2,709f53d56fb59e17bf8f7c13d37458d482dec6ae873467a51dcf66e6d1dab179,masked_substitution,f5f01fde39ac65c41868797b994c7454185f5b0165688ba4bab22053115327c6,primary_parent,d1969ec3fedb2d0993151dc0c97d4dd5cb0efe5e809ba1a5f8715959deed7605,macrel_hemolysis_label,categorical,true,same_frozen_label_contract,audit,label,low,low,,,false,2717b5b173e7b0385bc5383da49899cb378863aa88d6c8bd5c16d26f9eeaf4fa
fgf2,709f53d56fb59e17bf8f7c13d37458d482dec6ae873467a51dcf66e6d1dab179,masked_substitution,f5f01fde39ac65c41868797b994c7454185f5b0165688ba4bab22053115327c6,primary_parent,d1969ec3fedb2d0993151dc0c97d4dd5cb0efe5e809ba1a5f8715959deed7605,macrel_hemolysis_probability,numeric,true,same_frozen_numeric_contract,minimize,probability,0.347,0.327,-0.019999999999999962,0.019999999999999962,true,b728f9c2eef6f599a676c4ffc033db7d389c7500c0d092f15b8fd7ffd6174bc7
fgf2,709f53d56fb59e17bf8f7c13d37458d482dec6ae873467a51dcf66e6d1dab179,masked_substitution,f5f01fde39ac65c41868797b994c7454185f5b0165688ba4bab22053115327c6,primary_parent,d1969ec3fedb2d0993151dc0c97d4dd5cb0efe5e809ba1a5f8715959deed7605,maximum_hydrophobic_run,numeric,true,same_frozen_numeric_contract,minimize,residues,1.0,1.0,0.0,-0.0,false,fdc2f30dde210e93240aa591be91b471320fc5a567f491627e97e1467d811f35
fgf2,709f53d56fb59e17bf8f7c13d37458d482dec6ae873467a51dcf66e6d1dab179,masked_substitution,f5f01fde39ac65c41868797b994c7454185f5b0165688ba4bab22053115327c6,primary_parent,d1969ec3fedb2d0993151dc0c97d4dd5cb0efe5e809ba1a5f8715959deed7605,net_charge_ph7_4,numeric,false,audit_metric_has_no_monotonic_improvement_direction,audit,elementary_charge,10.025,10.025,0.0,,false,04fde407c0101b71bd9871f3c51ddfd679c89d999acf8fdb377049ae69f8fbc2
fgf2,709f53d56fb59e17bf8f7c13d37458d482dec6ae873467a51dcf66e6d1dab179,masked_substitution,f5f01fde39ac65c41868797b994c7454185f5b0165688ba4bab22053115327c6,primary_parent,d1969ec3fedb2d0993151dc0c97d4dd5cb0efe5e809ba1a5f8715959deed7605,toxinpred3_hybrid_score,numeric,true,same_frozen_numeric_contract,minimize,dimensionless,0.3,0.315,0.015000000000000013,-0.015000000000000013,true,33239245a874c6b0a91bcada6ce8045eacf73805496642a7d5bed51c3e3c71d9
fgf2,709f53d56fb59e17bf8f7c13d37458d482dec6ae873467a51dcf66e6d1dab179,masked_substitution,f5f01fde39ac65c41868797b994c7454185f5b0165688ba4bab22053115327c6,primary_parent,d1969ec3fedb2d0993151dc0c97d4dd5cb0efe5e809ba1a5f8715959deed7605,toxinpred3_label,categorical,true,same_frozen_label_contract,audit,label,Non-Toxin,Non-Toxin,,,false,b9497764182f0f3856d1ab0890029cda55b3c7481d036e766bf0fa4125bc0c60
fgf2,881ac35648abd889975405481c436f3b897fd4c1d669f815ea513fc3f4a853e2,masked_substitution,e57243a557f6afc36cb41a9c54d00ff45544f97c8aec0d202674d4f9d9bf1841,primary_parent,d1969ec3fedb2d0993151dc0c97d4dd5cb0efe5e809ba1a5f8715959deed7605,amp_read_log10_mic_um,numeric,true,same_frozen_numeric_contract,minimize,log10(uM),2.211254973534783,1.9679282332814871,-0.2433267402532957,0.2433267402532957,true,66a8df68487082661a4e9910760c0c16f3eb1f62e29f634697c34efef5597136
fgf2,881ac35648abd889975405481c436f3b897fd4c1d669f815ea513fc3f4a853e2,masked_substitution,e57243a557f6afc36cb41a9c54d00ff45544f97c8aec0d202674d4f9d9bf1841,primary_parent,d1969ec3fedb2d0993151dc0c97d4dd5cb0efe5e809ba1a5f8715959deed7605,guruprasad_instability_index,numeric,true,same_frozen_numeric_contract,minimize,index,28.93913,42.00869565217391,13.069565652173914,-13.069565652173914,true,75561dc087dadc6c6dbce53530fd5fa99bfbdc7cc257a5ab7f1fe56964e2a319
fgf2,881ac35648abd889975405481c436f3b897fd4c1d669f815ea513fc3f4a853e2,masked_substitution,e57243a557f6afc36cb41a9c54d00ff45544f97c8aec0d202674d4f9d9bf1841,primary_parent,d1969ec3fedb2d0993151dc0c97d4dd5cb0efe5e809ba1a5f8715959deed7605,hydrophobic_moment_eisenberg,numeric,false,audit_metric_has_no_monotonic_improvement_direction,audit,dimensionless,0.03702862230433381,0.07564119186033517,0.03861256955600136,,true,81ad1c121ab0e69c72a710c3f9f7faa68d4433409662b7483215214fdada22a0
fgf2,881ac35648abd889975405481c436f3b897fd4c1d669f815ea513fc3f4a853e2,masked_substitution,e57243a557f6afc36cb41a9c54d00ff45544f97c8aec0d202674d4f9d9bf1841,primary_parent,d1969ec3fedb2d0993151dc0c97d4dd5cb0efe5e809ba1a5f8715959deed7605,hydrophobic_ratio_modlamp,numeric,false,audit_metric_has_no_monotonic_improvement_direction,audit,fraction,0.08695652173913043,0.13043478260869565,0.043478260869565216,,true,5594ffa28eb56410f08e7a4746f322474a6bc281e4a9180e03b8e002e68103db
fgf2,881ac35648abd889975405481c436f3b897fd4c1d669f815ea513fc3f4a853e2,masked_substitution,e57243a557f6afc36cb41a9c54d00ff45544f97c8aec0d202674d4f9d9bf1841,primary_parent,d1969ec3fedb2d0993151dc0c97d4dd5cb0efe5e809ba1a5f8715959deed7605,llamp_log10_mic_um,numeric,true,same_frozen_numeric_contract,minimize,log10(uM),1.0719242095947266,1.173936128616333,0.10201191902160645,-0.10201191902160645,true,195edfb76a1bcde37efb05df6b2f5f5afd670cbda02b9e1855bb5088333884cf
fgf2,881ac35648abd889975405481c436f3b897fd4c1d669f815ea513fc3f4a853e2,masked_substitution,e57243a557f6afc36cb41a9c54d00ff45544f97c8aec0d202674d4f9d9bf1841,primary_parent,d1969ec3fedb2d0993151dc0c97d4dd5cb0efe5e809ba1a5f8715959deed7605,macrel_amp_probability,numeric,true,same_frozen_numeric_contract,maximize,probability,0.248,0.317,0.069,0.069,true,4fdcb818a7b7b032cd1636fb6c59d48ffe4dd24c67896c4c4b5f70e66ebba4b2
fgf2,881ac35648abd889975405481c436f3b897fd4c1d669f815ea513fc3f4a853e2,masked_substitution,e57243a557f6afc36cb41a9c54d00ff45544f97c8aec0d202674d4f9d9bf1841,primary_parent,d1969ec3fedb2d0993151dc0c97d4dd5cb0efe5e809ba1a5f8715959deed7605,macrel_hemolysis_label,categorical,true,same_frozen_label_contract,audit,label,low,low,,,false,d664d688ad71db77cd51903c7bb692e8a89e322922264e31d542f5db3202b11b
fgf2,881ac35648abd889975405481c436f3b897fd4c1d669f815ea513fc3f4a853e2,masked_substitution,e57243a557f6afc36cb41a9c54d00ff45544f97c8aec0d202674d4f9d9bf1841,primary_parent,d1969ec3fedb2d0993151dc0c97d4dd5cb0efe5e809ba1a5f8715959deed7605,macrel_hemolysis_probability,numeric,true,same_frozen_numeric_contract,minimize,probability,0.347,0.396,0.049000000000000044,-0.049000000000000044,true,7a596845797dea10fc82de5bc42dcd8b8764003299954ad9b589db7f287f72ef
fgf2,881ac35648abd889975405481c436f3b897fd4c1d669f815ea513fc3f4a853e2,masked_substitution,e57243a557f6afc36cb41a9c54d00ff45544f97c8aec0d202674d4f9d9bf1841,primary_parent,d1969ec3fedb2d0993151dc0c97d4dd5cb0efe5e809ba1a5f8715959deed7605,maximum_hydrophobic_run,numeric,true,same_frozen_numeric_contract,minimize,residues,1.0,1.0,0.0,-0.0,false,a4d0a051d534ef7f6dff6c9c4393ee7db0a9580cb5a25e28b39178203c0342d4
fgf2,881ac35648abd889975405481c436f3b897fd4c1d669f815ea513fc3f4a853e2,masked_substitution,e57243a557f6afc36cb41a9c54d00ff45544f97c8aec0d202674d4f9d9bf1841,primary_parent,d1969ec3fedb2d0993151dc0c97d4dd5cb0efe5e809ba1a5f8715959deed7605,net_charge_ph7_4,numeric,false,audit_metric_has_no_monotonic_improvement_direction,audit,elementary_charge,10.025,10.025,0.0,,false,f00971f3d27beb3be8da39ec6b4bea73eaecbc755c6dc79c06fd8378c1599850
fgf2,881ac35648abd889975405481c436f3b897fd4c1d669f815ea513fc3f4a853e2,masked_substitution,e57243a557f6afc36cb41a9c54d00ff45544f97c8aec0d202674d4f9d9bf1841,primary_parent,d1969ec3fedb2d0993151dc0c97d4dd5cb0efe5e809ba1a5f8715959deed7605,toxinpred3_hybrid_score,numeric,true,same_frozen_numeric_contract,minimize,dimensionless,0.3,0.355,0.05499999999999999,-0.05499999999999999,true,f536ee5062c1cf177bdf3174ae408b05fdd5ad81772213db6d5448326392661f
fgf2,881ac35648abd889975405481c436f3b897fd4c1d669f815ea513fc3f4a853e2,masked_substitution,e57243a557f6afc36cb41a9c54d00ff45544f97c8aec0d202674d4f9d9bf1841,primary_parent,d1969ec3fedb2d0993151dc0c97d4dd5cb0efe5e809ba1a5f8715959deed7605,toxinpred3_label,categorical,true,same_frozen_label_contract,audit,label,Non-Toxin,Non-Toxin,,,false,ffcc5295324f79832017aa080a072f2e14ee008717c2860793a0bb760f746525
fgf2,69a736a02ab849ca16b306546d54226a8ad21a8932acc18123715d47b1ba22d3,masked_substitution,c5ea31b993ae828f54defbf250c3fdf8623d475f470d325d2a4b18d1621b4a8a,primary_parent,d1969ec3fedb2d0993151dc0c97d4dd5cb0efe5e809ba1a5f8715959deed7605,amp_read_log10_mic_um,numeric,true,same_frozen_numeric_contract,minimize,log10(uM),2.211254973534783,1.972958681026603,-0.23829629250817974,0.23829629250817974,true,d16bc3c7dbff142ead1278c5ab7beaa2b6ddbf4b6811dea767f206260fb99302
fgf2,69a736a02ab849ca16b306546d54226a8ad21a8932acc18123715d47b1ba22d3,masked_substitution,c5ea31b993ae828f54defbf250c3fdf8623d475f470d325d2a4b18d1621b4a8a,primary_parent,d1969ec3fedb2d0993151dc0c97d4dd5cb0efe5e809ba1a5f8715959deed7605,guruprasad_instability_index,numeric,true,same_frozen_numeric_contract,minimize,index,28.93913,42.00869565217391,13.069565652173914,-13.069565652173914,true,97610d70ad96acc3b609096f0f34fdc56665a006d4d4027c90c7fe36aeac911a
fgf2,69a736a02ab849ca16b306546d54226a8ad21a8932acc18123715d47b1ba22d3,masked_substitution,c5ea31b993ae828f54defbf250c3fdf8623d475f470d325d2a4b18d1621b4a8a,primary_parent,d1969ec3fedb2d0993151dc0c97d4dd5cb0efe5e809ba1a5f8715959deed7605,hydrophobic_moment_eisenberg,numeric,false,audit_metric_has_no_monotonic_improvement_direction,audit,dimensionless,0.03702862230433381,0.06369253221880936,0.026663909914475543,,true,fc707c16f03c4323fe0c5538a74f839bf6e982f676997b4f70642739ba86bfa4
fgf2,69a736a02ab849ca16b306546d54226a8ad21a8932acc18123715d47b1ba22d3,masked_substitution,c5ea31b993ae828f54defbf250c3fdf8623d475f470d325d2a4b18d1621b4a8a,primary_parent,d1969ec3fedb2d0993151dc0c97d4dd5cb0efe5e809ba1a5f8715959deed7605,hydrophobic_ratio_modlamp,numeric,false,audit_metric_has_no_monotonic_improvement_direction,audit,fraction,0.08695652173913043,0.13043478260869565,0.043478260869565216,,true,394316bea38acc2ef3948f6ade5133c171e3dd020889c7f87bcceaf96ea1ff6b
fgf2,69a736a02ab849ca16b306546d54226a8ad21a8932acc18123715d47b1ba22d3,masked_substitution,c5ea31b993ae828f54defbf250c3fdf8623d475f470d325d2a4b18d1621b4a8a,primary_parent,d1969ec3fedb2d0993151dc0c97d4dd5cb0efe5e809ba1a5f8715959deed7605,llamp_log10_mic_um,numeric,true,same_frozen_numeric_contract,minimize,log10(uM),1.0719242095947266,1.0054513216018677,-0.06647288799285889,0.06647288799285889,true,3bcc42ca0c9d58403338a07bb13904a14e848fed519dbd3e3edac2f63f8dfbdf
fgf2,69a736a02ab849ca16b306546d54226a8ad21a8932acc18123715d47b1ba22d3,masked_substitution,c5ea31b993ae828f54defbf250c3fdf8623d475f470d325d2a4b18d1621b4a8a,primary_parent,d1969ec3fedb2d0993151dc0c97d4dd5cb0efe5e809ba1a5f8715959deed7605,macrel_amp_probability,numeric,true,same_frozen_numeric_contract,maximize,probability,0.248,0.317,0.069,0.069,true,fb5eb91253d8b7b8c1b22b0761b3c208090e3644275b02494cd9c0a0664795cd
fgf2,69a736a02ab849ca16b306546d54226a8ad21a8932acc18123715d47b1ba22d3,masked_substitution,c5ea31b993ae828f54defbf250c3fdf8623d475f470d325d2a4b18d1621b4a8a,primary_parent,d1969ec3fedb2d0993151dc0c97d4dd5cb0efe5e809ba1a5f8715959deed7605,macrel_hemolysis_label,categorical,true,same_frozen_label_contract,audit,label,low,low,,,false,086846d04647123fb594ff1e00a920d54ac9f4ea957a9d62d3ca5f7281e8a26a
fgf2,69a736a02ab849ca16b306546d54226a8ad21a8932acc18123715d47b1ba22d3,masked_substitution,c5ea31b993ae828f54defbf250c3fdf8623d475f470d325d2a4b18d1621b4a8a,primary_parent,d1969ec3fedb2d0993151dc0c97d4dd5cb0efe5e809ba1a5f8715959deed7605,macrel_hemolysis_probability,numeric,true,same_frozen_numeric_contract,minimize,probability,0.347,0.396,0.049000000000000044,-0.049000000000000044,true,e901dc5a251b455a1390c485efcdffe8ce2e6875d5237a1bfcf613cdba013ce3
fgf2,69a736a02ab849ca16b306546d54226a8ad21a8932acc18123715d47b1ba22d3,masked_substitution,c5ea31b993ae828f54defbf250c3fdf8623d475f470d325d2a4b18d1621b4a8a,primary_parent,d1969ec3fedb2d0993151dc0c97d4dd5cb0efe5e809ba1a5f8715959deed7605,maximum_hydrophobic_run,numeric,true,same_frozen_numeric_contract,minimize,residues,1.0,1.0,0.0,-0.0,false,fb42fbaeaafe9940507aa20e512fe0521e949165f09261369eb3d460f561feff
fgf2,69a736a02ab849ca16b306546d54226a8ad21a8932acc18123715d47b1ba22d3,masked_substitution,c5ea31b993ae828f54defbf250c3fdf8623d475f470d325d2a4b18d1621b4a8a,primary_parent,d1969ec3fedb2d0993151dc0c97d4dd5cb0efe5e809ba1a5f8715959deed7605,net_charge_ph7_4,numeric,false,audit_metric_has_no_monotonic_improvement_direction,audit,elementary_charge,10.025,10.025,0.0,,false,7cd1574e575027c1957ae00eba9bdea222e2c6f4701fb06284f5b35d9cb35204
fgf2,69a736a02ab849ca16b306546d54226a8ad21a8932acc18123715d47b1ba22d3,masked_substitution,c5ea31b993ae828f54defbf250c3fdf8623d475f470d325d2a4b18d1621b4a8a,primary_parent,d1969ec3fedb2d0993151dc0c97d4dd5cb0efe5e809ba1a5f8715959deed7605,toxinpred3_hybrid_score,numeric,true,same_frozen_numeric_contract,minimize,dimensionless,0.3,0.0,-0.3,0.3,true,356da193a2a922d7f5439f9218b7d5a21c7169eb5e661fb4f5005e06c5602f30
fgf2,69a736a02ab849ca16b306546d54226a8ad21a8932acc18123715d47b1ba22d3,masked_substitution,c5ea31b993ae828f54defbf250c3fdf8623d475f470d325d2a4b18d1621b4a8a,primary_parent,d1969ec3fedb2d0993151dc0c97d4dd5cb0efe5e809ba1a5f8715959deed7605,toxinpred3_label,categorical,true,same_frozen_label_contract,audit,label,Non-Toxin,Non-Toxin,,,false,99c443f78433f2d7d9fbfc95dc808cd50b59a712f88577a4dda6ec5f2aa030a7
fgf2,38ccd01d349ca49f4369dc1a263cafeb36e08fc9b1677182247f994ac095fa71,masked_substitution,c28e7cff7a0517961ce5abd8492c1d4eeb5231c99507d8934d12fbcac8eba74e,primary_parent,d1969ec3fedb2d0993151dc0c97d4dd5cb0efe5e809ba1a5f8715959deed7605,amp_read_log10_mic_um,numeric,true,same_frozen_numeric_contract,minimize,log10(uM),2.211254973534783,1.8820974189563764,-0.32915755457840645,0.32915755457840645,true,fe711a7c16726e6f0a4b737ff3670885a5691ef8f8adcb195e45af7b5e1545ef
fgf2,38ccd01d349ca49f4369dc1a263cafeb36e08fc9b1677182247f994ac095fa71,masked_substitution,c28e7cff7a0517961ce5abd8492c1d4eeb5231c99507d8934d12fbcac8eba74e,primary_parent,d1969ec3fedb2d0993151dc0c97d4dd5cb0efe5e809ba1a5f8715959deed7605,guruprasad_instability_index,numeric,true,same_frozen_numeric_contract,minimize,index,28.93913,38.31739130434783,9.37826130434783,-9.37826130434783,true,385cf39da9237a04323b56e11cc96f0f2fba05cfce783e3186ee33e94073bc80
fgf2,38ccd01d349ca49f4369dc1a263cafeb36e08fc9b1677182247f994ac095fa71,masked_substitution,c28e7cff7a0517961ce5abd8492c1d4eeb5231c99507d8934d12fbcac8eba74e,primary_parent,d1969ec3fedb2d0993151dc0c97d4dd5cb0efe5e809ba1a5f8715959deed7605,hydrophobic_moment_eisenberg,numeric,false,audit_metric_has_no_monotonic_improvement_direction,audit,dimensionless,0.03702862230433381,0.06369253221880936,0.026663909914475543,,true,a8721d6a68317b1bf5f2829bc1e5036137e7fed5e012e7736fd7b3983cb34799
fgf2,38ccd01d349ca49f4369dc1a263cafeb36e08fc9b1677182247f994ac095fa71,masked_substitution,c28e7cff7a0517961ce5abd8492c1d4eeb5231c99507d8934d12fbcac8eba74e,primary_parent,d1969ec3fedb2d0993151dc0c97d4dd5cb0efe5e809ba1a5f8715959deed7605,hydrophobic_ratio_modlamp,numeric,false,audit_metric_has_no_monotonic_improvement_direction,audit,fraction,0.08695652173913043,0.13043478260869565,0.043478260869565216,,true,c778adab892224fbdc02d462cafb05d470b01ddf92a3b367485dd775943f1451
fgf2,38ccd01d349ca49f4369dc1a263cafeb36e08fc9b1677182247f994ac095fa71,masked_substitution,c28e7cff7a0517961ce5abd8492c1d4eeb5231c99507d8934d12fbcac8eba74e,primary_parent,d1969ec3fedb2d0993151dc0c97d4dd5cb0efe5e809ba1a5f8715959deed7605,llamp_log10_mic_um,numeric,true,same_frozen_numeric_contract,minimize,log10(uM),1.0719242095947266,0.958503246307373,-0.11342096328735352,0.11342096328735352,true,86d2dfef29da93b5d8b15ba3ed99465446830f336885df765f5061cdcea3f002
fgf2,38ccd01d349ca49f4369dc1a263cafeb36e08fc9b1677182247f994ac095fa71,masked_substitution,c28e7cff7a0517961ce5abd8492c1d4eeb5231c99507d8934d12fbcac8eba74e,primary_parent,d1969ec3fedb2d0993151dc0c97d4dd5cb0efe5e809ba1a5f8715959deed7605,macrel_amp_probability,numeric,true,same_frozen_numeric_contract,maximize,probability,0.248,0.337,0.08900000000000002,0.08900000000000002,true,9b6f8921d3d0045cbcac6d4f0a603de9b46338336213d6b9dba13f67fe55c779
fgf2,38ccd01d349ca49f4369dc1a263cafeb36e08fc9b1677182247f994ac095fa71,masked_substitution,c28e7cff7a0517961ce5abd8492c1d4eeb5231c99507d8934d12fbcac8eba74e,primary_parent,d1969ec3fedb2d0993151dc0c97d4dd5cb0efe5e809ba1a5f8715959deed7605,macrel_hemolysis_label,categorical,true,same_frozen_label_contract,audit,label,low,low,,,false,ea0d51391dffedefd043a7753c9cdf8fd1c7c31bc936936c49e6595fc895cfdb
fgf2,38ccd01d349ca49f4369dc1a263cafeb36e08fc9b1677182247f994ac095fa71,masked_substitution,c28e7cff7a0517961ce5abd8492c1d4eeb5231c99507d8934d12fbcac8eba74e,primary_parent,d1969ec3fedb2d0993151dc0c97d4dd5cb0efe5e809ba1a5f8715959deed7605,macrel_hemolysis_probability,numeric,true,same_frozen_numeric_contract,minimize,probability,0.347,0.347,0.0,-0.0,false,deb36835920435f32d0a21e27ec6d9418d223557f278507e3c3c3d936061c6ed
fgf2,38ccd01d349ca49f4369dc1a263cafeb36e08fc9b1677182247f994ac095fa71,masked_substitution,c28e7cff7a0517961ce5abd8492c1d4eeb5231c99507d8934d12fbcac8eba74e,primary_parent,d1969ec3fedb2d0993151dc0c97d4dd5cb0efe5e809ba1a5f8715959deed7605,maximum_hydrophobic_run,numeric,true,same_frozen_numeric_contract,minimize,residues,1.0,1.0,0.0,-0.0,false,51d15d26d5d71418878ff8fecd706bacbbbe82492737925ba5f8905c7ab63eb7
fgf2,38ccd01d349ca49f4369dc1a263cafeb36e08fc9b1677182247f994ac095fa71,masked_substitution,c28e7cff7a0517961ce5abd8492c1d4eeb5231c99507d8934d12fbcac8eba74e,primary_parent,d1969ec3fedb2d0993151dc0c97d4dd5cb0efe5e809ba1a5f8715959deed7605,net_charge_ph7_4,numeric,false,audit_metric_has_no_monotonic_improvement_direction,audit,elementary_charge,10.025,10.025,0.0,,false,73056c6026fccda065402f2f55c05aaaf27f5aff8707191be9a23729c5e398b9
fgf2,38ccd01d349ca49f4369dc1a263cafeb36e08fc9b1677182247f994ac095fa71,masked_substitution,c28e7cff7a0517961ce5abd8492c1d4eeb5231c99507d8934d12fbcac8eba74e,primary_parent,d1969ec3fedb2d0993151dc0c97d4dd5cb0efe5e809ba1a5f8715959deed7605,toxinpred3_hybrid_score,numeric,true,same_frozen_numeric_contract,minimize,dimensionless,0.3,0.335,0.03500000000000003,-0.03500000000000003,true,0b6e2b2cf532df121a742dc48b4fea84bbabb44f66edc083dfad9c8d762d5444
fgf2,38ccd01d349ca49f4369dc1a263cafeb36e08fc9b1677182247f994ac095fa71,masked_substitution,c28e7cff7a0517961ce5abd8492c1d4eeb5231c99507d8934d12fbcac8eba74e,primary_parent,d1969ec3fedb2d0993151dc0c97d4dd5cb0efe5e809ba1a5f8715959deed7605,toxinpred3_label,categorical,true,same_frozen_label_contract,audit,label,Non-Toxin,Non-Toxin,,,false,45fa56816970bedcea540de58adcb1f15b257ced4d1f01353cc302a4f5c2c017
fgf2,06144f72908bd2a2ee39f46b79e618f70a64c2ce3fca20d7576a8b94243f0d07,masked_substitution,daf246f6f39e61dc45e7dfed3026ca8050c9b35b5bf582cdd6a363589b24bc72,primary_parent,d1969ec3fedb2d0993151dc0c97d4dd5cb0efe5e809ba1a5f8715959deed7605,amp_read_log10_mic_um,numeric,true,same_frozen_numeric_contract,minimize,log10(uM),2.211254973534783,2.107375497753142,-0.1038794757816408,0.1038794757816408,true,875904da2daa869ffc540ee1c25ceddf3115f8baea74676451cb9a7e9c1b442f
fgf2,06144f72908bd2a2ee39f46b79e618f70a64c2ce3fca20d7576a8b94243f0d07,masked_substitution,daf246f6f39e61dc45e7dfed3026ca8050c9b35b5bf582cdd6a363589b24bc72,primary_parent,d1969ec3fedb2d0993151dc0c97d4dd5cb0efe5e809ba1a5f8715959deed7605,guruprasad_instability_index,numeric,true,same_frozen_numeric_contract,minimize,index,28.93913,47.373913043478254,18.434783043478255,-18.434783043478255,true,6fbd1fd9a2dd70110df69d4228d29fcc5f9de5d5231329c993d5e9f0fd16be84
fgf2,06144f72908bd2a2ee39f46b79e618f70a64c2ce3fca20d7576a8b94243f0d07,masked_substitution,daf246f6f39e61dc45e7dfed3026ca8050c9b35b5bf582cdd6a363589b24bc72,primary_parent,d1969ec3fedb2d0993151dc0c97d4dd5cb0efe5e809ba1a5f8715959deed7605,hydrophobic_moment_eisenberg,numeric,false,audit_metric_has_no_monotonic_improvement_direction,audit,dimensionless,0.03702862230433381,0.06763048049719804,0.030601858192864227,,true,326ae4a0d316757a289f266c88ffd6f295c2599aec5f908f1ca4b3570e465df5
fgf2,06144f72908bd2a2ee39f46b79e618f70a64c2ce3fca20d7576a8b94243f0d07,masked_substitution,daf246f6f39e61dc45e7dfed3026ca8050c9b35b5bf582cdd6a363589b24bc72,primary_parent,d1969ec3fedb2d0993151dc0c97d4dd5cb0efe5e809ba1a5f8715959deed7605,hydrophobic_ratio_modlamp,numeric,false,audit_metric_has_no_monotonic_improvement_direction,audit,fraction,0.08695652173913043,0.13043478260869565,0.043478260869565216,,true,7080914ed1d72d66c49dbceba400b27eab3f137615526888f55bed8db3527d9b
fgf2,06144f72908bd2a2ee39f46b79e618f70a64c2ce3fca20d7576a8b94243f0d07,masked_substitution,daf246f6f39e61dc45e7dfed3026ca8050c9b35b5bf582cdd6a363589b24bc72,primary_parent,d1969ec3fedb2d0993151dc0c97d4dd5cb0efe5e809ba1a5f8715959deed7605,llamp_log10_mic_um,numeric,true,same_frozen_numeric_contract,minimize,log10(uM),1.0719242095947266,1.2457019090652466,0.17377769947052002,-0.17377769947052002,true,4eb041de41cf67ca0f3d81ddfc0d8654ecbda886152c70f44ecc1eb40b117893
fgf2,06144f72908bd2a2ee39f46b79e618f70a64c2ce3fca20d7576a8b94243f0d07,masked_substitution,daf246f6f39e61dc45e7dfed3026ca8050c9b35b5bf582cdd6a363589b24bc72,primary_parent,d1969ec3fedb2d0993151dc0c97d4dd5cb0efe5e809ba1a5f8715959deed7605,macrel_amp_probability,numeric,true,same_frozen_numeric_contract,maximize,probability,0.248,0.327,0.07900000000000001,0.07900000000000001,true,8342e9dc6b1108fd0d7f54dbfe240cb11229a56157b64f27f9450667371d0ba3
fgf2,06144f72908bd2a2ee39f46b79e618f70a64c2ce3fca20d7576a8b94243f0d07,masked_substitution,daf246f6f39e61dc45e7dfed3026ca8050c9b35b5bf582cdd6a363589b24bc72,primary_parent,d1969ec3fedb2d0993151dc0c97d4dd5cb0efe5e809ba1a5f8715959deed7605,macrel_hemolysis_label,categorical,true,same_frozen_label_contract,audit,label,low,low,,,false,a6d875ca706ff88629b9262069b937e88edd165e4761786e713590209d541a0e
fgf2,06144f72908bd2a2ee39f46b79e618f70a64c2ce3fca20d7576a8b94243f0d07,masked_substitution,daf246f6f39e61dc45e7dfed3026ca8050c9b35b5bf582cdd6a363589b24bc72,primary_parent,d1969ec3fedb2d0993151dc0c97d4dd5cb0efe5e809ba1a5f8715959deed7605,macrel_hemolysis_probability,numeric,true,same_frozen_numeric_contract,minimize,probability,0.347,0.426,0.07900000000000001,-0.07900000000000001,true,19af46f694c97146ddb8a707d72701af026e784248921f91d9010182583e0534
fgf2,06144f72908bd2a2ee39f46b79e618f70a64c2ce3fca20d7576a8b94243f0d07,masked_substitution,daf246f6f39e61dc45e7dfed3026ca8050c9b35b5bf582cdd6a363589b24bc72,primary_parent,d1969ec3fedb2d0993151dc0c97d4dd5cb0efe5e809ba1a5f8715959deed7605,maximum_hydrophobic_run,numeric,true,same_frozen_numeric_contract,minimize,residues,1.0,1.0,0.0,-0.0,false,9847cfbafbd1f45379b0d497f15c6e06b5aac2c616a78c4ae0f5148a67e2877e
fgf2,06144f72908bd2a2ee39f46b79e618f70a64c2ce3fca20d7576a8b94243f0d07,masked_substitution,daf246f6f39e61dc45e7dfed3026ca8050c9b35b5bf582cdd6a363589b24bc72,primary_parent,d1969ec3fedb2d0993151dc0c97d4dd5cb0efe5e809ba1a5f8715959deed7605,net_charge_ph7_4,numeric,false,audit_metric_has_no_monotonic_improvement_direction,audit,elementary_charge,10.025,10.025,0.0,,false,804005e6767b586abf99465fc80721c05d15769e4c4876f96abc32dc7dde2510
fgf2,06144f72908bd2a2ee39f46b79e618f70a64c2ce3fca20d7576a8b94243f0d07,masked_substitution,daf246f6f39e61dc45e7dfed3026ca8050c9b35b5bf582cdd6a363589b24bc72,primary_parent,d1969ec3fedb2d0993151dc0c97d4dd5cb0efe5e809ba1a5f8715959deed7605,toxinpred3_hybrid_score,numeric,true,same_frozen_numeric_contract,minimize,dimensionless,0.3,0.325,0.025000000000000022,-0.025000000000000022,true,989a06a1903410fc802feebeaa3eeb9b46e138489956bfccdefd7793f2840ceb
fgf2,06144f72908bd2a2ee39f46b79e618f70a64c2ce3fca20d7576a8b94243f0d07,masked_substitution,daf246f6f39e61dc45e7dfed3026ca8050c9b35b5bf582cdd6a363589b24bc72,primary_parent,d1969ec3fedb2d0993151dc0c97d4dd5cb0efe5e809ba1a5f8715959deed7605,toxinpred3_label,categorical,true,same_frozen_label_contract,audit,label,Non-Toxin,Non-Toxin,,,false,8ddbe0b0b7bf65a753407b6c3efbb3b2f583c880addb511b227673bdb944ca6c
fgf2,a800d971d87a9cdc7780b7bc94529932d722e1eb1b05aae39dd5b688f4b9b527,masked_substitution,6656cc44e0ffb37cc72a6f0aa2b81c57b5ef44f16a46e4418c2c887c262de8ac,primary_parent,d1969ec3fedb2d0993151dc0c97d4dd5cb0efe5e809ba1a5f8715959deed7605,amp_read_log10_mic_um,numeric,true,same_frozen_numeric_contract,minimize,log10(uM),2.211254973534783,1.6594666081000915,-0.5517883654346913,0.5517883654346913,true,8e5d3b0be6f184f2d200dfb58b2be4679c537f65f19baa081230e8316a3a7765
fgf2,a800d971d87a9cdc7780b7bc94529932d722e1eb1b05aae39dd5b688f4b9b527,masked_substitution,6656cc44e0ffb37cc72a6f0aa2b81c57b5ef44f16a46e4418c2c887c262de8ac,primary_parent,d1969ec3fedb2d0993151dc0c97d4dd5cb0efe5e809ba1a5f8715959deed7605,guruprasad_instability_index,numeric,true,same_frozen_numeric_contract,minimize,index,28.93913,30.965217391304346,2.0260873913043476,-2.0260873913043476,true,8fcd457d4e44db576b328527f478c21e86a3eca76d46ba71bfae5a33b336dc35
fgf2,a800d971d87a9cdc7780b7bc94529932d722e1eb1b05aae39dd5b688f4b9b527,masked_substitution,6656cc44e0ffb37cc72a6f0aa2b81c57b5ef44f16a46e4418c2c887c262de8ac,primary_parent,d1969ec3fedb2d0993151dc0c97d4dd5cb0efe5e809ba1a5f8715959deed7605,hydrophobic_moment_eisenberg,numeric,false,audit_metric_has_no_monotonic_improvement_direction,audit,dimensionless,0.03702862230433381,0.052638606649896856,0.015609984345563044,,true,26d3b41996f3f6923e89cf6e0bba1d882b6bef3601a2751be4d7824f7b006df1
fgf2,a800d971d87a9cdc7780b7bc94529932d722e1eb1b05aae39dd5b688f4b9b527,masked_substitution,6656cc44e0ffb37cc72a6f0aa2b81c57b5ef44f16a46e4418c2c887c262de8ac,primary_parent,d1969ec3fedb2d0993151dc0c97d4dd5cb0efe5e809ba1a5f8715959deed7605,hydrophobic_ratio_modlamp,numeric,false,audit_metric_has_no_monotonic_improvement_direction,audit,fraction,0.08695652173913043,0.08695652173913043,0.0,,false,0d96a0abc11e523a200c2472190f1f5768f4e43cb3a59969967e163fa3caeaf5
fgf2,a800d971d87a9cdc7780b7bc94529932d722e1eb1b05aae39dd5b688f4b9b527,masked_substitution,6656cc44e0ffb37cc72a6f0aa2b81c57b5ef44f16a46e4418c2c887c262de8ac,primary_parent,d1969ec3fedb2d0993151dc0c97d4dd5cb0efe5e809ba1a5f8715959deed7605,llamp_log10_mic_um,numeric,true,same_frozen_numeric_contract,minimize,log10(uM),1.0719242095947266,1.0835273265838623,0.011603116989135742,-0.011603116989135742,true,6065eb80956b88680aa3d7a38d638a78a81dc87bf3c7f4b847b28d7f190d0166
fgf2,a800d971d87a9cdc7780b7bc94529932d722e1eb1b05aae39dd5b688f4b9b527,masked_substitution,6656cc44e0ffb37cc72a6f0aa2b81c57b5ef44f16a46e4418c2c887c262de8ac,primary_parent,d1969ec3fedb2d0993151dc0c97d4dd5cb0efe5e809ba1a5f8715959deed7605,macrel_amp_probability,numeric,true,same_frozen_numeric_contract,maximize,probability,0.248,0.297,0.04899999999999999,0.04899999999999999,true,0f469452ad76f3bd7fb9e19a8298c99f70d0e7ffbc6b1d54e83026cbf0ddf9c4
fgf2,a800d971d87a9cdc7780b7bc94529932d722e1eb1b05aae39dd5b688f4b9b527,masked_substitution,6656cc44e0ffb37cc72a6f0aa2b81c57b5ef44f16a46e4418c2c887c262de8ac,primary_parent,d1969ec3fedb2d0993151dc0c97d4dd5cb0efe5e809ba1a5f8715959deed7605,macrel_hemolysis_label,categorical,true,same_frozen_label_contract,audit,label,low,low,,,false,67163b2f72fd57e3fe52b6da1cc2487f4cfb04a1712790b755775d53a6d5c221
fgf2,a800d971d87a9cdc7780b7bc94529932d722e1eb1b05aae39dd5b688f4b9b527,masked_substitution,6656cc44e0ffb37cc72a6f0aa2b81c57b5ef44f16a46e4418c2c887c262de8ac,primary_parent,d1969ec3fedb2d0993151dc0c97d4dd5cb0efe5e809ba1a5f8715959deed7605,macrel_hemolysis_probability,numeric,true,same_frozen_numeric_contract,minimize,probability,0.347,0.446,0.09900000000000003,-0.09900000000000003,true,f8b5732570ac763f51a2962462a84ebe3f68cbf798e7128511fca5d24a232dac
fgf2,a800d971d87a9cdc7780b7bc94529932d722e1eb1b05aae39dd5b688f4b9b527,masked_substitution,6656cc44e0ffb37cc72a6f0aa2b81c57b5ef44f16a46e4418c2c887c262de8ac,primary_parent,d1969ec3fedb2d0993151dc0c97d4dd5cb0efe5e809ba1a5f8715959deed7605,maximum_hydrophobic_run,numeric,true,same_frozen_numeric_contract,minimize,residues,1.0,1.0,0.0,-0.0,false,2464414de153511da430480278ff0c40e3524f95482c6d0b0075266b1f317902
fgf2,a800d971d87a9cdc7780b7bc94529932d722e1eb1b05aae39dd5b688f4b9b527,masked_substitution,6656cc44e0ffb37cc72a6f0aa2b81c57b5ef44f16a46e4418c2c887c262de8ac,primary_parent,d1969ec3fedb2d0993151dc0c97d4dd5cb0efe5e809ba1a5f8715959deed7605,net_charge_ph7_4,numeric,false,audit_metric_has_no_monotonic_improvement_direction,audit,elementary_charge,10.025,10.025,0.0,,false,f46574af94ad9bc6e3a9be663051e31f95d3bf700d0fa55c205ede96074c9bbc
fgf2,a800d971d87a9cdc7780b7bc94529932d722e1eb1b05aae39dd5b688f4b9b527,masked_substitution,6656cc44e0ffb37cc72a6f0aa2b81c57b5ef44f16a46e4418c2c887c262de8ac,primary_parent,d1969ec3fedb2d0993151dc0c97d4dd5cb0efe5e809ba1a5f8715959deed7605,toxinpred3_hybrid_score,numeric,true,same_frozen_numeric_contract,minimize,dimensionless,0.3,0.365,0.065,-0.065,true,c6f7158cce4f682cb11347453dba8061b711c20fafde17611cf9415b25acd48d
fgf2,a800d971d87a9cdc7780b7bc94529932d722e1eb1b05aae39dd5b688f4b9b527,masked_substitution,6656cc44e0ffb37cc72a6f0aa2b81c57b5ef44f16a46e4418c2c887c262de8ac,primary_parent,d1969ec3fedb2d0993151dc0c97d4dd5cb0efe5e809ba1a5f8715959deed7605,toxinpred3_label,categorical,true,same_frozen_label_contract,audit,label,Non-Toxin,Non-Toxin,,,false,947486cc317a76cc93590cd27118c7b587f55938f630db55a6a63cc8641328c5
fgf2,00eedce41bf4a4be8c86c37f36726b4b63697692bd957bdac9ebfaba54d97498,masked_substitution,a9a2387eac50d4e03c5fb0231571d7e3dea93ce41bf603d42ada7169e0c57bc5,primary_parent,d1969ec3fedb2d0993151dc0c97d4dd5cb0efe5e809ba1a5f8715959deed7605,amp_read_log10_mic_um,numeric,true,same_frozen_numeric_contract,minimize,log10(uM),2.211254973534783,1.986002346349809,-0.22525262718497374,0.22525262718497374,true,fd948fd9587e4372d3fdc8571fe04896f0185545d58d37be22c680a9a5bc12f1
fgf2,00eedce41bf4a4be8c86c37f36726b4b63697692bd957bdac9ebfaba54d97498,masked_substitution,a9a2387eac50d4e03c5fb0231571d7e3dea93ce41bf603d42ada7169e0c57bc5,primary_parent,d1969ec3fedb2d0993151dc0c97d4dd5cb0efe5e809ba1a5f8715959deed7605,guruprasad_instability_index,numeric,true,same_frozen_numeric_contract,minimize,index,28.93913,38.31739130434783,9.37826130434783,-9.37826130434783,true,eb1d26b479aacfd434b592d8e70cac34f4faa90a2d54a370ada38824066ccf61
fgf2,00eedce41bf4a4be8c86c37f36726b4b63697692bd957bdac9ebfaba54d97498,masked_substitution,a9a2387eac50d4e03c5fb0231571d7e3dea93ce41bf603d42ada7169e0c57bc5,primary_parent,d1969ec3fedb2d0993151dc0c97d4dd5cb0efe5e809ba1a5f8715959deed7605,hydrophobic_moment_eisenberg,numeric,false,audit_metric_has_no_monotonic_improvement_direction,audit,dimensionless,0.03702862230433381,0.03471833971045078,-0.00231028259388303,,true,267ed9147528e751192c591b0fa794fa0b7a87bcfe47bcb7340214d873339ceb
fgf2,00eedce41bf4a4be8c86c37f36726b4b63697692bd957bdac9ebfaba54d97498,masked_substitution,a9a2387eac50d4e03c5fb0231571d7e3dea93ce41bf603d42ada7169e0c57bc5,primary_parent,d1969ec3fedb2d0993151dc0c97d4dd5cb0efe5e809ba1a5f8715959deed7605,hydrophobic_ratio_modlamp,numeric,false,audit_metric_has_no_monotonic_improvement_direction,audit,fraction,0.08695652173913043,0.08695652173913043,0.0,,false,05ce5d7947f5415cb36f3d2233269d34161390acec899fc5a5e7c71cd38f4e9b
fgf2,00eedce41bf4a4be8c86c37f36726b4b63697692bd957bdac9ebfaba54d97498,masked_substitution,a9a2387eac50d4e03c5fb0231571d7e3dea93ce41bf603d42ada7169e0c57bc5,primary_parent,d1969ec3fedb2d0993151dc0c97d4dd5cb0efe5e809ba1a5f8715959deed7605,llamp_log10_mic_um,numeric,true,same_frozen_numeric_contract,minimize,log10(uM),1.0719242095947266,1.4495850801467896,0.377660870552063,-0.377660870552063,true,f7a3ab2be95cd4cdbe7c94205e1318a7528e0addda21b181d431deb981025801
fgf2,00eedce41bf4a4be8c86c37f36726b4b63697692bd957bdac9ebfaba54d97498,masked_substitution,a9a2387eac50d4e03c5fb0231571d7e3dea93ce41bf603d42ada7169e0c57bc5,primary_parent,d1969ec3fedb2d0993151dc0c97d4dd5cb0efe5e809ba1a5f8715959deed7605,macrel_amp_probability,numeric,true,same_frozen_numeric_contract,maximize,probability,0.248,0.327,0.07900000000000001,0.07900000000000001,true,1e4f78e06142eebce64f4e5d0cc391ab91da1a85058f235a9a98bdc7dd4aaa81
fgf2,00eedce41bf4a4be8c86c37f36726b4b63697692bd957bdac9ebfaba54d97498,masked_substitution,a9a2387eac50d4e03c5fb0231571d7e3dea93ce41bf603d42ada7169e0c57bc5,primary_parent,d1969ec3fedb2d0993151dc0c97d4dd5cb0efe5e809ba1a5f8715959deed7605,macrel_hemolysis_label,categorical,true,same_frozen_label_contract,audit,label,low,low,,,false,6ca8f7eed6e04030acd7fccabc77eab81e24e93d0c713c1aa9f36482f96d960a
fgf2,00eedce41bf4a4be8c86c37f36726b4b63697692bd957bdac9ebfaba54d97498,masked_substitution,a9a2387eac50d4e03c5fb0231571d7e3dea93ce41bf603d42ada7169e0c57bc5,primary_parent,d1969ec3fedb2d0993151dc0c97d4dd5cb0efe5e809ba1a5f8715959deed7605,macrel_hemolysis_probability,numeric,true,same_frozen_numeric_contract,minimize,probability,0.347,0.426,0.07900000000000001,-0.07900000000000001,true,8d31acd34f9bf4f53986dd38392546a2fa1535f8a8f47e5ac72b975f91042a68
fgf2,00eedce41bf4a4be8c86c37f36726b4b63697692bd957bdac9ebfaba54d97498,masked_substitution,a9a2387eac50d4e03c5fb0231571d7e3dea93ce41bf603d42ada7169e0c57bc5,primary_parent,d1969ec3fedb2d0993151dc0c97d4dd5cb0efe5e809ba1a5f8715959deed7605,maximum_hydrophobic_run,numeric,true,same_frozen_numeric_contract,minimize,residues,1.0,1.0,0.0,-0.0,false,bc3211953c86e4b622a2d611353e5a3247ccaae77d6c612bfff77786658f143d
fgf2,00eedce41bf4a4be8c86c37f36726b4b63697692bd957bdac9ebfaba54d97498,masked_substitution,a9a2387eac50d4e03c5fb0231571d7e3dea93ce41bf603d42ada7169e0c57bc5,primary_parent,d1969ec3fedb2d0993151dc0c97d4dd5cb0efe5e809ba1a5f8715959deed7605,net_charge_ph7_4,numeric,false,audit_metric_has_no_monotonic_improvement_direction,audit,elementary_charge,10.025,10.023,-0.002000000000000668,,true,b38e2782045719b7dbee50ce216a0af6ef4994ba985a3590b6f342a596bd49f9
fgf2,00eedce41bf4a4be8c86c37f36726b4b63697692bd957bdac9ebfaba54d97498,masked_substitution,a9a2387eac50d4e03c5fb0231571d7e3dea93ce41bf603d42ada7169e0c57bc5,primary_parent,d1969ec3fedb2d0993151dc0c97d4dd5cb0efe5e809ba1a5f8715959deed7605,toxinpred3_hybrid_score,numeric,true,same_frozen_numeric_contract,minimize,dimensionless,0.3,0.295,-0.0050000000000000044,0.0050000000000000044,true,5a61f435fed72443f2f5f06997590a780b64bc80a7935729df223ab09c01fc45
fgf2,00eedce41bf4a4be8c86c37f36726b4b63697692bd957bdac9ebfaba54d97498,masked_substitution,a9a2387eac50d4e03c5fb0231571d7e3dea93ce41bf603d42ada7169e0c57bc5,primary_parent,d1969ec3fedb2d0993151dc0c97d4dd5cb0efe5e809ba1a5f8715959deed7605,toxinpred3_label,categorical,true,same_frozen_label_contract,audit,label,Non-Toxin,Non-Toxin,,,false,0402f2ff9d9190f0f4cadfacd106dd228dd06bde882fee9b7249a452753c0394
fgf2,8534d847cf274082982ef52b670197dfdeef5d113c69057515e2d55c33e4c0f0,masked_substitution,7bcfa2c55535d3bd7f04f90a3e769d66ed1872d9a7471b3534f85f65d66b3ab6,primary_parent,d1969ec3fedb2d0993151dc0c97d4dd5cb0efe5e809ba1a5f8715959deed7605,amp_read_log10_mic_um,numeric,true,same_frozen_numeric_contract,minimize,log10(uM),2.211254973534783,2.1596948013712596,-0.051560172163523266,0.051560172163523266,true,8c23ffe650e6220d8cb0e4288c26b9543d631b68818db824c57b755ce1b52b84
fgf2,8534d847cf274082982ef52b670197dfdeef5d113c69057515e2d55c33e4c0f0,masked_substitution,7bcfa2c55535d3bd7f04f90a3e769d66ed1872d9a7471b3534f85f65d66b3ab6,primary_parent,d1969ec3fedb2d0993151dc0c97d4dd5cb0efe5e809ba1a5f8715959deed7605,guruprasad_instability_index,numeric,true,same_frozen_numeric_contract,minimize,index,28.93913,35.47391304347826,6.534783043478264,-6.534783043478264,true,ac31f9f2340067660338c7458acdb19c3c03362bb6a399e73de38dcbd542d60a
fgf2,8534d847cf274082982ef52b670197dfdeef5d113c69057515e2d55c33e4c0f0,masked_substitution,7bcfa2c55535d3bd7f04f90a3e769d66ed1872d9a7471b3534f85f65d66b3ab6,primary_parent,d1969ec3fedb2d0993151dc0c97d4dd5cb0efe5e809ba1a5f8715959deed7605,hydrophobic_moment_eisenberg,numeric,false,audit_metric_has_no_monotonic_improvement_direction,audit,dimensionless,0.03702862230433381,0.061672144526744466,0.024643522222410653,,true,655d8b0cd84f3f5c246db50b3f770b5d70301bf4053cb0ecf433403ba95d60d5
fgf2,8534d847cf274082982ef52b670197dfdeef5d113c69057515e2d55c33e4c0f0,masked_substitution,7bcfa2c55535d3bd7f04f90a3e769d66ed1872d9a7471b3534f85f65d66b3ab6,primary_parent,d1969ec3fedb2d0993151dc0c97d4dd5cb0efe5e809ba1a5f8715959deed7605,hydrophobic_ratio_modlamp,numeric,false,audit_metric_has_no_monotonic_improvement_direction,audit,fraction,0.08695652173913043,0.13043478260869565,0.043478260869565216,,true,dd86a3b7aff5f5c9a76a6ac93525368c52e3d5b78165115dc02d2380fe7113f0
fgf2,8534d847cf274082982ef52b670197dfdeef5d113c69057515e2d55c33e4c0f0,masked_substitution,7bcfa2c55535d3bd7f04f90a3e769d66ed1872d9a7471b3534f85f65d66b3ab6,primary_parent,d1969ec3fedb2d0993151dc0c97d4dd5cb0efe5e809ba1a5f8715959deed7605,llamp_log10_mic_um,numeric,true,same_frozen_numeric_contract,minimize,log10(uM),1.0719242095947266,1.0818345546722412,0.009910345077514648,-0.009910345077514648,true,3ede7b21452a5bd97543309b2d12aa9ba035415a7b3b09c993b352ef93909239
fgf2,8534d847cf274082982ef52b670197dfdeef5d113c69057515e2d55c33e4c0f0,masked_substitution,7bcfa2c55535d3bd7f04f90a3e769d66ed1872d9a7471b3534f85f65d66b3ab6,primary_parent,d1969ec3fedb2d0993151dc0c97d4dd5cb0efe5e809ba1a5f8715959deed7605,macrel_amp_probability,numeric,true,same_frozen_numeric_contract,maximize,probability,0.248,0.267,0.019000000000000017,0.019000000000000017,true,9de2f5404a60be41c5681fee1ff73e34f387c732366435fcd094c8c8ab86808e
fgf2,8534d847cf274082982ef52b670197dfdeef5d113c69057515e2d55c33e4c0f0,masked_substitution,7bcfa2c55535d3bd7f04f90a3e769d66ed1872d9a7471b3534f85f65d66b3ab6,primary_parent,d1969ec3fedb2d0993151dc0c97d4dd5cb0efe5e809ba1a5f8715959deed7605,macrel_hemolysis_label,categorical,true,same_frozen_label_contract,audit,label,low,low,,,false,1addf01850e63d8b0060a08da7fd877f8e660574f0e8fe0ba02c11beb633d46f
fgf2,8534d847cf274082982ef52b670197dfdeef5d113c69057515e2d55c33e4c0f0,masked_substitution,7bcfa2c55535d3bd7f04f90a3e769d66ed1872d9a7471b3534f85f65d66b3ab6,primary_parent,d1969ec3fedb2d0993151dc0c97d4dd5cb0efe5e809ba1a5f8715959deed7605,macrel_hemolysis_probability,numeric,true,same_frozen_numeric_contract,minimize,probability,0.347,0.386,0.039000000000000035,-0.039000000000000035,true,0c2feb4a5d3d1be9f9954a848277950e39c7001f3f8e5889b9f2f68588cb3184
fgf2,8534d847cf274082982ef52b670197dfdeef5d113c69057515e2d55c33e4c0f0,masked_substitution,7bcfa2c55535d3bd7f04f90a3e769d66ed1872d9a7471b3534f85f65d66b3ab6,primary_parent,d1969ec3fedb2d0993151dc0c97d4dd5cb0efe5e809ba1a5f8715959deed7605,maximum_hydrophobic_run,numeric,true,same_frozen_numeric_contract,minimize,residues,1.0,1.0,0.0,-0.0,false,a5d28f0da81ca4aef40c4170759888d591a726062462ef030c4c21a98f69d2a4
fgf2,8534d847cf274082982ef52b670197dfdeef5d113c69057515e2d55c33e4c0f0,masked_substitution,7bcfa2c55535d3bd7f04f90a3e769d66ed1872d9a7471b3534f85f65d66b3ab6,primary_parent,d1969ec3fedb2d0993151dc0c97d4dd5cb0efe5e809ba1a5f8715959deed7605,net_charge_ph7_4,numeric,false,audit_metric_has_no_monotonic_improvement_direction,audit,elementary_charge,10.025,10.025,0.0,,false,55f2da6cc16263d6cc3d202dc3b020aea3611bec8025ddf76d3d886d9b42f2a0
fgf2,8534d847cf274082982ef52b670197dfdeef5d113c69057515e2d55c33e4c0f0,masked_substitution,7bcfa2c55535d3bd7f04f90a3e769d66ed1872d9a7471b3534f85f65d66b3ab6,primary_parent,d1969ec3fedb2d0993151dc0c97d4dd5cb0efe5e809ba1a5f8715959deed7605,toxinpred3_hybrid_score,numeric,true,same_frozen_numeric_contract,minimize,dimensionless,0.3,0.33,0.030000000000000027,-0.030000000000000027,true,e30b05a0312b2c285bf484748e06171337d544ddff36032023a3fb36c738c663
fgf2,8534d847cf274082982ef52b670197dfdeef5d113c69057515e2d55c33e4c0f0,masked_substitution,7bcfa2c55535d3bd7f04f90a3e769d66ed1872d9a7471b3534f85f65d66b3ab6,primary_parent,d1969ec3fedb2d0993151dc0c97d4dd5cb0efe5e809ba1a5f8715959deed7605,toxinpred3_label,categorical,true,same_frozen_label_contract,audit,label,Non-Toxin,Non-Toxin,,,false,18fc5f1c0b3d75f7a7412dace26fad5d393526ab045f53bdc23fc5819f2a54b9
fgf2,a0eca5b3ccc7d080417feb0e6eb257137b9e538db846f275d94cd02402858201,masked_substitution,607e7be7e1daedac1169c95ccace3beb128b1349a1766c33f362ca91d614109f,primary_parent,d1969ec3fedb2d0993151dc0c97d4dd5cb0efe5e809ba1a5f8715959deed7605,amp_read_log10_mic_um,numeric,true,same_frozen_numeric_contract,minimize,log10(uM),2.211254973534783,2.1373126210922457,-0.07394235244253711,0.07394235244253711,true,00c3de309384015a4b5d4c6b403d184300ce47e654d4f520a5bd31b0cb0284f8
fgf2,a0eca5b3ccc7d080417feb0e6eb257137b9e538db846f275d94cd02402858201,masked_substitution,607e7be7e1daedac1169c95ccace3beb128b1349a1766c33f362ca91d614109f,primary_parent,d1969ec3fedb2d0993151dc0c97d4dd5cb0efe5e809ba1a5f8715959deed7605,guruprasad_instability_index,numeric,true,same_frozen_numeric_contract,minimize,index,28.93913,32.630434782608695,3.6913047826086967,-3.6913047826086967,true,c451fdba93971b493e01acbf26f37e3c3089b8142727df67de522b2b00a62635
fgf2,a0eca5b3ccc7d080417feb0e6eb257137b9e538db846f275d94cd02402858201,masked_substitution,607e7be7e1daedac1169c95ccace3beb128b1349a1766c33f362ca91d614109f,primary_parent,d1969ec3fedb2d0993151dc0c97d4dd5cb0efe5e809ba1a5f8715959deed7605,hydrophobic_moment_eisenberg,numeric,false,audit_metric_has_no_monotonic_improvement_direction,audit,dimensionless,0.03702862230433381,0.06581695293270587,0.028788330628372057,,true,7268a208a6d74d9ec93153cf7953883ccf4594bd839ae13fa67d14efcccc1faf
fgf2,a0eca5b3ccc7d080417feb0e6eb257137b9e538db846f275d94cd02402858201,masked_substitution,607e7be7e1daedac1169c95ccace3beb128b1349a1766c33f362ca91d614109f,primary_parent,d1969ec3fedb2d0993151dc0c97d4dd5cb0efe5e809ba1a5f8715959deed7605,hydrophobic_ratio_modlamp,numeric,false,audit_metric_has_no_monotonic_improvement_direction,audit,fraction,0.08695652173913043,0.13043478260869565,0.043478260869565216,,true,1960c5b0dd63c2d62e6e89b299ee1ab20be8458e6b88ae1975c122659b812ebd
fgf2,a0eca5b3ccc7d080417feb0e6eb257137b9e538db846f275d94cd02402858201,masked_substitution,607e7be7e1daedac1169c95ccace3beb128b1349a1766c33f362ca91d614109f,primary_parent,d1969ec3fedb2d0993151dc0c97d4dd5cb0efe5e809ba1a5f8715959deed7605,llamp_log10_mic_um,numeric,true,same_frozen_numeric_contract,minimize,log10(uM),1.0719242095947266,1.0346205234527588,-0.03730368614196777,0.03730368614196777,true,8f82c96f025a4c88fcdc3a3097c938eb8c84755fa02d6b0d8f20e50a40806ca8
fgf2,a0eca5b3ccc7d080417feb0e6eb257137b9e538db846f275d94cd02402858201,masked_substitution,607e7be7e1daedac1169c95ccace3beb128b1349a1766c33f362ca91d614109f,primary_parent,d1969ec3fedb2d0993151dc0c97d4dd5cb0efe5e809ba1a5f8715959deed7605,macrel_amp_probability,numeric,true,same_frozen_numeric_contract,maximize,probability,0.248,0.257,0.009000000000000008,0.009000000000000008,true,82ed8e3d13fe0825a78bf2d38bd507b6e357b1903fa9e2114d13e6df5f92d84a
fgf2,a0eca5b3ccc7d080417feb0e6eb257137b9e538db846f275d94cd02402858201,masked_substitution,607e7be7e1daedac1169c95ccace3beb128b1349a1766c33f362ca91d614109f,primary_parent,d1969ec3fedb2d0993151dc0c97d4dd5cb0efe5e809ba1a5f8715959deed7605,macrel_hemolysis_label,categorical,true,same_frozen_label_contract,audit,label,low,low,,,false,4efddf54db8e190257d6f591d070ca743684ecdf912bd68e5d2a75e7c8f046cc
fgf2,a0eca5b3ccc7d080417feb0e6eb257137b9e538db846f275d94cd02402858201,masked_substitution,607e7be7e1daedac1169c95ccace3beb128b1349a1766c33f362ca91d614109f,primary_parent,d1969ec3fedb2d0993151dc0c97d4dd5cb0efe5e809ba1a5f8715959deed7605,macrel_hemolysis_probability,numeric,true,same_frozen_numeric_contract,minimize,probability,0.347,0.455,0.10800000000000004,-0.10800000000000004,true,7c7e2820050a9e741cf461447e8e3d1c55bb7d0b0f6458c475c2434e12090690
fgf2,a0eca5b3ccc7d080417feb0e6eb257137b9e538db846f275d94cd02402858201,masked_substitution,607e7be7e1daedac1169c95ccace3beb128b1349a1766c33f362ca91d614109f,primary_parent,d1969ec3fedb2d0993151dc0c97d4dd5cb0efe5e809ba1a5f8715959deed7605,maximum_hydrophobic_run,numeric,true,same_frozen_numeric_contract,minimize,residues,1.0,1.0,0.0,-0.0,false,3e8ba15c2f68d86bbaf6c31b7351c645eb52a4657b5e1ed26c399011c043d2fb
fgf2,a0eca5b3ccc7d080417feb0e6eb257137b9e538db846f275d94cd02402858201,masked_substitution,607e7be7e1daedac1169c95ccace3beb128b1349a1766c33f362ca91d614109f,primary_parent,d1969ec3fedb2d0993151dc0c97d4dd5cb0efe5e809ba1a5f8715959deed7605,net_charge_ph7_4,numeric,false,audit_metric_has_no_monotonic_improvement_direction,audit,elementary_charge,10.025,10.025,0.0,,false,f5d7694ae1e39ac543f861149d540a38eb2a0e45cfaf17b1d392c0ac01757940
fgf2,a0eca5b3ccc7d080417feb0e6eb257137b9e538db846f275d94cd02402858201,masked_substitution,607e7be7e1daedac1169c95ccace3beb128b1349a1766c33f362ca91d614109f,primary_parent,d1969ec3fedb2d0993151dc0c97d4dd5cb0efe5e809ba1a5f8715959deed7605,toxinpred3_hybrid_score,numeric,true,same_frozen_numeric_contract,minimize,dimensionless,0.3,0.31,0.010000000000000009,-0.010000000000000009,true,32708b29bd639633a81d60edf28972c695fb23317f28980d2749161493dab9d0
fgf2,a0eca5b3ccc7d080417feb0e6eb257137b9e538db846f275d94cd02402858201,masked_substitution,607e7be7e1daedac1169c95ccace3beb128b1349a1766c33f362ca91d614109f,primary_parent,d1969ec3fedb2d0993151dc0c97d4dd5cb0efe5e809ba1a5f8715959deed7605,toxinpred3_label,categorical,true,same_frozen_label_contract,audit,label,Non-Toxin,Non-Toxin,,,false,7d3bc32c8f84161cdf2fc3e228e050adc6834bc82d910b1630a16214aeae3c89
fgf2,e0febdfd1d260f279c6e9e6645baabd0c2f1bdb4cc6aff17bf7e650b396ab7fe,masked_substitution,d441a5a614fec09f43fe21f6c785fdbc0d1117258d6ba3e99a65ee7dc5e07560,primary_parent,d1969ec3fedb2d0993151dc0c97d4dd5cb0efe5e809ba1a5f8715959deed7605,amp_read_log10_mic_um,numeric,true,same_frozen_numeric_contract,minimize,log10(uM),2.211254973534783,1.8576144746084295,-0.3536404989263533,0.3536404989263533,true,df585355d7487a691ea05aa3c1261a4d413c27ae0c24c011774469f973d07930
fgf2,e0febdfd1d260f279c6e9e6645baabd0c2f1bdb4cc6aff17bf7e650b396ab7fe,masked_substitution,d441a5a614fec09f43fe21f6c785fdbc0d1117258d6ba3e99a65ee7dc5e07560,primary_parent,d1969ec3fedb2d0993151dc0c97d4dd5cb0efe5e809ba1a5f8715959deed7605,guruprasad_instability_index,numeric,true,same_frozen_numeric_contract,minimize,index,28.93913,28.12173913043478,-0.8173908695652194,0.8173908695652194,true,3c68106b00ed49008c3ef3109be5134e0a6ade6ac8fef1dda8576e5b2a26117f
fgf2,e0febdfd1d260f279c6e9e6645baabd0c2f1bdb4cc6aff17bf7e650b396ab7fe,masked_substitution,d441a5a614fec09f43fe21f6c785fdbc0d1117258d6ba3e99a65ee7dc5e07560,primary_parent,d1969ec3fedb2d0993151dc0c97d4dd5cb0efe5e809ba1a5f8715959deed7605,hydrophobic_moment_eisenberg,numeric,false,audit_metric_has_no_monotonic_improvement_direction,audit,dimensionless,0.03702862230433381,0.049848181233446864,0.012819558929113052,,true,aa491d36a088b359faa96d66cb386b44cbe7e3b77b68428c3d983dad4e533af1
fgf2,e0febdfd1d260f279c6e9e6645baabd0c2f1bdb4cc6aff17bf7e650b396ab7fe,masked_substitution,d441a5a614fec09f43fe21f6c785fdbc0d1117258d6ba3e99a65ee7dc5e07560,primary_parent,d1969ec3fedb2d0993151dc0c97d4dd5cb0efe5e809ba1a5f8715959deed7605,hydrophobic_ratio_modlamp,numeric,false,audit_metric_has_no_monotonic_improvement_direction,audit,fraction,0.08695652173913043,0.08695652173913043,0.0,,false,42636244ef16b19768281526022bef267d050f736848b7fc668a374e2b90391d
fgf2,e0febdfd1d260f279c6e9e6645baabd0c2f1bdb4cc6aff17bf7e650b396ab7fe,masked_substitution,d441a5a614fec09f43fe21f6c785fdbc0d1117258d6ba3e99a65ee7dc5e07560,primary_parent,d1969ec3fedb2d0993151dc0c97d4dd5cb0efe5e809ba1a5f8715959deed7605,llamp_log10_mic_um,numeric,true,same_frozen_numeric_contract,minimize,log10(uM),1.0719242095947266,0.9274214506149292,-0.14450275897979736,0.14450275897979736,true,550379d41266d402bd6c4732b9e4dcb0dd9a5bcc85e98e38ee55d28d6c4fbd7c
fgf2,e0febdfd1d260f279c6e9e6645baabd0c2f1bdb4cc6aff17bf7e650b396ab7fe,masked_substitution,d441a5a614fec09f43fe21f6c785fdbc0d1117258d6ba3e99a65ee7dc5e07560,primary_parent,d1969ec3fedb2d0993151dc0c97d4dd5cb0efe5e809ba1a5f8715959deed7605,macrel_amp_probability,numeric,true,same_frozen_numeric_contract,maximize,probability,0.248,0.248,0.0,0.0,false,764a51b4b3f6964096934dc76f1299bab97f9a12a67c8f1d76c5b7fb52888c7b
fgf2,e0febdfd1d260f279c6e9e6645baabd0c2f1bdb4cc6aff17bf7e650b396ab7fe,masked_substitution,d441a5a614fec09f43fe21f6c785fdbc0d1117258d6ba3e99a65ee7dc5e07560,primary_parent,d1969ec3fedb2d0993151dc0c97d4dd5cb0efe5e809ba1a5f8715959deed7605,macrel_hemolysis_label,categorical,true,same_frozen_label_contract,audit,label,low,low,,,false,59e0d01d7c52a076b405a5b2ec11dc802d9f8d3e597cad0aa6087c788b578d7d
fgf2,e0febdfd1d260f279c6e9e6645baabd0c2f1bdb4cc6aff17bf7e650b396ab7fe,masked_substitution,d441a5a614fec09f43fe21f6c785fdbc0d1117258d6ba3e99a65ee7dc5e07560,primary_parent,d1969ec3fedb2d0993151dc0c97d4dd5cb0efe5e809ba1a5f8715959deed7605,macrel_hemolysis_probability,numeric,true,same_frozen_numeric_contract,minimize,probability,0.347,0.446,0.09900000000000003,-0.09900000000000003,true,7487225a351451753ed16c02a0e4287f740adbca8f7a173c0b750acf9578dbaa
fgf2,e0febdfd1d260f279c6e9e6645baabd0c2f1bdb4cc6aff17bf7e650b396ab7fe,masked_substitution,d441a5a614fec09f43fe21f6c785fdbc0d1117258d6ba3e99a65ee7dc5e07560,primary_parent,d1969ec3fedb2d0993151dc0c97d4dd5cb0efe5e809ba1a5f8715959deed7605,maximum_hydrophobic_run,numeric,true,same_frozen_numeric_contract,minimize,residues,1.0,1.0,0.0,-0.0,false,a3fc64c2775b8ffa45a1620e3eb81a745e895a311e5e688df34a3239ad653c51
fgf2,e0febdfd1d260f279c6e9e6645baabd0c2f1bdb4cc6aff17bf7e650b396ab7fe,masked_substitution,d441a5a614fec09f43fe21f6c785fdbc0d1117258d6ba3e99a65ee7dc5e07560,primary_parent,d1969ec3fedb2d0993151dc0c97d4dd5cb0efe5e809ba1a5f8715959deed7605,net_charge_ph7_4,numeric,false,audit_metric_has_no_monotonic_improvement_direction,audit,elementary_charge,10.025,10.025,0.0,,false,9695dff159f1b42c4a351281105f089e04d9a39c72d1408224e8888b2e82b1b6
fgf2,e0febdfd1d260f279c6e9e6645baabd0c2f1bdb4cc6aff17bf7e650b396ab7fe,masked_substitution,d441a5a614fec09f43fe21f6c785fdbc0d1117258d6ba3e99a65ee7dc5e07560,primary_parent,d1969ec3fedb2d0993151dc0c97d4dd5cb0efe5e809ba1a5f8715959deed7605,toxinpred3_hybrid_score,numeric,true,same_frozen_numeric_contract,minimize,dimensionless,0.3,0.35,0.04999999999999999,-0.04999999999999999,true,9721b526e65868f6fdb21b97a3a37e454b247033b8b6ee8f087d78a0fef900a6
fgf2,e0febdfd1d260f279c6e9e6645baabd0c2f1bdb4cc6aff17bf7e650b396ab7fe,masked_substitution,d441a5a614fec09f43fe21f6c785fdbc0d1117258d6ba3e99a65ee7dc5e07560,primary_parent,d1969ec3fedb2d0993151dc0c97d4dd5cb0efe5e809ba1a5f8715959deed7605,toxinpred3_label,categorical,true,same_frozen_label_contract,audit,label,Non-Toxin,Non-Toxin,,,false,2fdd2fd9a4023c4bb8b3619070d3647f9c0c13069fcf9e099096939e30764523
fgf2,104b957e9d11b53c560613a97f6a1ba9bc28599f104c0e81953dd689a72007f7,masked_substitution,b26f2f26228dfcc9e8ffeecaba31b0aa831bb03d84319dd1e36b2456b1b55378,primary_parent,d1969ec3fedb2d0993151dc0c97d4dd5cb0efe5e809ba1a5f8715959deed7605,amp_read_log10_mic_um,numeric,true,same_frozen_numeric_contract,minimize,log10(uM),2.211254973534783,2.0490369810443827,-0.16221799249040014,0.16221799249040014,true,a90ab32cd68a02c26e98703149870ac0457b6fb4db3b582396038b450bf37b64
fgf2,104b957e9d11b53c560613a97f6a1ba9bc28599f104c0e81953dd689a72007f7,masked_substitution,b26f2f26228dfcc9e8ffeecaba31b0aa831bb03d84319dd1e36b2456b1b55378,primary_parent,d1969ec3fedb2d0993151dc0c97d4dd5cb0efe5e809ba1a5f8715959deed7605,guruprasad_instability_index,numeric,true,same_frozen_numeric_contract,minimize,index,28.93913,35.47391304347826,6.534783043478264,-6.534783043478264,true,a4c8dec97399689ad97ce134a4a718e47e274dff5ceaecbc1f39dc4f8b20906a
fgf2,104b957e9d11b53c560613a97f6a1ba9bc28599f104c0e81953dd689a72007f7,masked_substitution,b26f2f26228dfcc9e8ffeecaba31b0aa831bb03d84319dd1e36b2456b1b55378,primary_parent,d1969ec3fedb2d0993151dc0c97d4dd5cb0efe5e809ba1a5f8715959deed7605,hydrophobic_moment_eisenberg,numeric,false,audit_metric_has_no_monotonic_improvement_direction,audit,dimensionless,0.03702862230433381,0.02928089469427547,-0.0077477276100583435,,true,aaff49ed3fe652861a20ec38739de52651c3d6c5a7ccc6d6d9c44ea1176101c1
fgf2,104b957e9d11b53c560613a97f6a1ba9bc28599f104c0e81953dd689a72007f7,masked_substitution,b26f2f26228dfcc9e8ffeecaba31b0aa831bb03d84319dd1e36b2456b1b55378,primary_parent,d1969ec3fedb2d0993151dc0c97d4dd5cb0efe5e809ba1a5f8715959deed7605,hydrophobic_ratio_modlamp,numeric,false,audit_metric_has_no_monotonic_improvement_direction,audit,fraction,0.08695652173913043,0.08695652173913043,0.0,,false,0857e740d3fc2d52c01c072dece7a66bc221be44af2bcf720b370eabfba881e3
fgf2,104b957e9d11b53c560613a97f6a1ba9bc28599f104c0e81953dd689a72007f7,masked_substitution,b26f2f26228dfcc9e8ffeecaba31b0aa831bb03d84319dd1e36b2456b1b55378,primary_parent,d1969ec3fedb2d0993151dc0c97d4dd5cb0efe5e809ba1a5f8715959deed7605,llamp_log10_mic_um,numeric,true,same_frozen_numeric_contract,minimize,log10(uM),1.0719242095947266,1.002671241760254,-0.06925296783447266,0.06925296783447266,true,bbfaf0e5f0de4a54134417c0100ab8016e4f064b9d545f4e5009262e387b2bd7
fgf2,104b957e9d11b53c560613a97f6a1ba9bc28599f104c0e81953dd689a72007f7,masked_substitution,b26f2f26228dfcc9e8ffeecaba31b0aa831bb03d84319dd1e36b2456b1b55378,primary_parent,d1969ec3fedb2d0993151dc0c97d4dd5cb0efe5e809ba1a5f8715959deed7605,macrel_amp_probability,numeric,true,same_frozen_numeric_contract,maximize,probability,0.248,0.257,0.009000000000000008,0.009000000000000008,true,07f9a6b5b345a333457dad1c27fba7dbb9f88acba5996f60c433a07f83689fbc
fgf2,104b957e9d11b53c560613a97f6a1ba9bc28599f104c0e81953dd689a72007f7,masked_substitution,b26f2f26228dfcc9e8ffeecaba31b0aa831bb03d84319dd1e36b2456b1b55378,primary_parent,d1969ec3fedb2d0993151dc0c97d4dd5cb0efe5e809ba1a5f8715959deed7605,macrel_hemolysis_label,categorical,true,same_frozen_label_contract,audit,label,low,low,,,false,3f0a1ff7b6699e94945f9fcc289fe261637779f69ed25ab8a9fe95786e4228c8
fgf2,104b957e9d11b53c560613a97f6a1ba9bc28599f104c0e81953dd689a72007f7,masked_substitution,b26f2f26228dfcc9e8ffeecaba31b0aa831bb03d84319dd1e36b2456b1b55378,primary_parent,d1969ec3fedb2d0993151dc0c97d4dd5cb0efe5e809ba1a5f8715959deed7605,macrel_hemolysis_probability,numeric,true,same_frozen_numeric_contract,minimize,probability,0.347,0.426,0.07900000000000001,-0.07900000000000001,true,78cb5f310741cfc0b3ac5255c6b4a4412eb1034c770bce582dff5af91caa2d15
fgf2,104b957e9d11b53c560613a97f6a1ba9bc28599f104c0e81953dd689a72007f7,masked_substitution,b26f2f26228dfcc9e8ffeecaba31b0aa831bb03d84319dd1e36b2456b1b55378,primary_parent,d1969ec3fedb2d0993151dc0c97d4dd5cb0efe5e809ba1a5f8715959deed7605,maximum_hydrophobic_run,numeric,true,same_frozen_numeric_contract,minimize,residues,1.0,1.0,0.0,-0.0,false,beabb97f9fc5447bfb0069912c1b2abbc15fc483c9ed42cfa8f583350171b6fb
fgf2,104b957e9d11b53c560613a97f6a1ba9bc28599f104c0e81953dd689a72007f7,masked_substitution,b26f2f26228dfcc9e8ffeecaba31b0aa831bb03d84319dd1e36b2456b1b55378,primary_parent,d1969ec3fedb2d0993151dc0c97d4dd5cb0efe5e809ba1a5f8715959deed7605,net_charge_ph7_4,numeric,false,audit_metric_has_no_monotonic_improvement_direction,audit,elementary_charge,10.025,10.023,-0.002000000000000668,,true,a7344813f69a36cfbb766948687f0b1e63ab497f207a8fed6419e6fd03dea4d2
fgf2,104b957e9d11b53c560613a97f6a1ba9bc28599f104c0e81953dd689a72007f7,masked_substitution,b26f2f26228dfcc9e8ffeecaba31b0aa831bb03d84319dd1e36b2456b1b55378,primary_parent,d1969ec3fedb2d0993151dc0c97d4dd5cb0efe5e809ba1a5f8715959deed7605,toxinpred3_hybrid_score,numeric,true,same_frozen_numeric_contract,minimize,dimensionless,0.3,0.31,0.010000000000000009,-0.010000000000000009,true,2bfe21dd98b7b57a74d70e4371645947d73a43676c68079a4e07e2e0256cdadc
fgf2,104b957e9d11b53c560613a97f6a1ba9bc28599f104c0e81953dd689a72007f7,masked_substitution,b26f2f26228dfcc9e8ffeecaba31b0aa831bb03d84319dd1e36b2456b1b55378,primary_parent,d1969ec3fedb2d0993151dc0c97d4dd5cb0efe5e809ba1a5f8715959deed7605,toxinpred3_label,categorical,true,same_frozen_label_contract,audit,label,Non-Toxin,Non-Toxin,,,false,897345623951a012de4bed9048cb32f65af8c25ebfb103f64ed8f6814c5fdb68
fgf2,4cc31f765445acad7d8216017b434520e61a2e09c9b874fbb50eb00891834aec,masked_substitution,67ce46570e512b8dab0383f392b3d760a614d7043c9d14c7dc7e4cc82d8000f9,primary_parent,d1969ec3fedb2d0993151dc0c97d4dd5cb0efe5e809ba1a5f8715959deed7605,amp_read_log10_mic_um,numeric,true,same_frozen_numeric_contract,minimize,log10(uM),2.211254973534783,1.816127863654238,-0.3951271098805449,0.3951271098805449,true,59fd6de7adf85ef1dde42e0d8e4b92899cc8c6d5ac3d1c6158d2f9f0e986ae3a
fgf2,4cc31f765445acad7d8216017b434520e61a2e09c9b874fbb50eb00891834aec,masked_substitution,67ce46570e512b8dab0383f392b3d760a614d7043c9d14c7dc7e4cc82d8000f9,primary_parent,d1969ec3fedb2d0993151dc0c97d4dd5cb0efe5e809ba1a5f8715959deed7605,guruprasad_instability_index,numeric,true,same_frozen_numeric_contract,minimize,index,28.93913,28.93913043478261,4.347826099149188e-07,-4.347826099149188e-07,true,cfe8db8a1c8c523bfb7f9dc12c89532dc4f8a34351cbbf82ab9bdab6647f80a3
fgf2,4cc31f765445acad7d8216017b434520e61a2e09c9b874fbb50eb00891834aec,masked_substitution,67ce46570e512b8dab0383f392b3d760a614d7043c9d14c7dc7e4cc82d8000f9,primary_parent,d1969ec3fedb2d0993151dc0c97d4dd5cb0efe5e809ba1a5f8715959deed7605,hydrophobic_moment_eisenberg,numeric,false,audit_metric_has_no_monotonic_improvement_direction,audit,dimensionless,0.03702862230433381,0.05480455644957569,0.01777593414524188,,true,642e7d4d3d98647c6ac19058da745a8809a1acf5ed097f821e39ec9ef23d8172
fgf2,4cc31f765445acad7d8216017b434520e61a2e09c9b874fbb50eb00891834aec,masked_substitution,67ce46570e512b8dab0383f392b3d760a614d7043c9d14c7dc7e4cc82d8000f9,primary_parent,d1969ec3fedb2d0993151dc0c97d4dd5cb0efe5e809ba1a5f8715959deed7605,hydrophobic_ratio_modlamp,numeric,false,audit_metric_has_no_monotonic_improvement_direction,audit,fraction,0.08695652173913043,0.13043478260869565,0.043478260869565216,,true,4c0090e05fed9b822bbd958c63fb848b6c0a22a494eb30999bb6d2ce485b60b6
fgf2,4cc31f765445acad7d8216017b434520e61a2e09c9b874fbb50eb00891834aec,masked_substitution,67ce46570e512b8dab0383f392b3d760a614d7043c9d14c7dc7e4cc82d8000f9,primary_parent,d1969ec3fedb2d0993151dc0c97d4dd5cb0efe5e809ba1a5f8715959deed7605,llamp_log10_mic_um,numeric,true,same_frozen_numeric_contract,minimize,log10(uM),1.0719242095947266,1.089187502861023,0.017263293266296387,-0.017263293266296387,true,2f95d9f29008c7d3d251de9ba4a2bfc08210c4d4819ab4bea1b428f9557a4b57
fgf2,4cc31f765445acad7d8216017b434520e61a2e09c9b874fbb50eb00891834aec,masked_substitution,67ce46570e512b8dab0383f392b3d760a614d7043c9d14c7dc7e4cc82d8000f9,primary_parent,d1969ec3fedb2d0993151dc0c97d4dd5cb0efe5e809ba1a5f8715959deed7605,macrel_amp_probability,numeric,true,same_frozen_numeric_contract,maximize,probability,0.248,0.287,0.03899999999999998,0.03899999999999998,true,6d19a38e807b25b6708ac2055586a4fe78481247226c86a913d99c8ebd5626d7
fgf2,4cc31f765445acad7d8216017b434520e61a2e09c9b874fbb50eb00891834aec,masked_substitution,67ce46570e512b8dab0383f392b3d760a614d7043c9d14c7dc7e4cc82d8000f9,primary_parent,d1969ec3fedb2d0993151dc0c97d4dd5cb0efe5e809ba1a5f8715959deed7605,macrel_hemolysis_label,categorical,true,same_frozen_label_contract,audit,label,low,low,,,false,7352f18b895e331425f503782865ead0571d01f82ab513a9226c93d0056f1d44
fgf2,4cc31f765445acad7d8216017b434520e61a2e09c9b874fbb50eb00891834aec,masked_substitution,67ce46570e512b8dab0383f392b3d760a614d7043c9d14c7dc7e4cc82d8000f9,primary_parent,d1969ec3fedb2d0993151dc0c97d4dd5cb0efe5e809ba1a5f8715959deed7605,macrel_hemolysis_probability,numeric,true,same_frozen_numeric_contract,minimize,probability,0.347,0.366,0.019000000000000017,-0.019000000000000017,true,4a476cf040ab64b9b8faf6eaa8ee26e0fea733d388bde3dd0e83e784b1eb62ec
fgf2,4cc31f765445acad7d8216017b434520e61a2e09c9b874fbb50eb00891834aec,masked_substitution,67ce46570e512b8dab0383f392b3d760a614d7043c9d14c7dc7e4cc82d8000f9,primary_parent,d1969ec3fedb2d0993151dc0c97d4dd5cb0efe5e809ba1a5f8715959deed7605,maximum_hydrophobic_run,numeric,true,same_frozen_numeric_contract,minimize,residues,1.0,1.0,0.0,-0.0,false,24ef5fd6222252f3bfbf32ab4de77578601d5cc1a350455e738576e145960ae5
fgf2,4cc31f765445acad7d8216017b434520e61a2e09c9b874fbb50eb00891834aec,masked_substitution,67ce46570e512b8dab0383f392b3d760a614d7043c9d14c7dc7e4cc82d8000f9,primary_parent,d1969ec3fedb2d0993151dc0c97d4dd5cb0efe5e809ba1a5f8715959deed7605,net_charge_ph7_4,numeric,false,audit_metric_has_no_monotonic_improvement_direction,audit,elementary_charge,10.025,10.025,0.0,,false,8a483b3f761fee98f672f0ed4c941d22bb5a6c44e840c27ed0f176146a475ada
fgf2,4cc31f765445acad7d8216017b434520e61a2e09c9b874fbb50eb00891834aec,masked_substitution,67ce46570e512b8dab0383f392b3d760a614d7043c9d14c7dc7e4cc82d8000f9,primary_parent,d1969ec3fedb2d0993151dc0c97d4dd5cb0efe5e809ba1a5f8715959deed7605,toxinpred3_hybrid_score,numeric,true,same_frozen_numeric_contract,minimize,dimensionless,0.3,0.36,0.06,-0.06,true,b1efe0ebf60d5429297129f0fab9260c4948b2650068b3c78821a7bcd53e8167
fgf2,4cc31f765445acad7d8216017b434520e61a2e09c9b874fbb50eb00891834aec,masked_substitution,67ce46570e512b8dab0383f392b3d760a614d7043c9d14c7dc7e4cc82d8000f9,primary_parent,d1969ec3fedb2d0993151dc0c97d4dd5cb0efe5e809ba1a5f8715959deed7605,toxinpred3_label,categorical,true,same_frozen_label_contract,audit,label,Non-Toxin,Non-Toxin,,,false,374c3932b44a79b88104f318af7e6ef05e3788c4a92de6e9fff367c664e55855
fgf2,2b5b46f801288cfdbec105040236546d9d8279d6ae41f06b22b2fa14cc4d2bf5,masked_substitution,eb913f3163cf71b298ebc614146c3b0f81363f813774074a99bfb81a3e34b8a8,primary_parent,d1969ec3fedb2d0993151dc0c97d4dd5cb0efe5e809ba1a5f8715959deed7605,amp_read_log10_mic_um,numeric,true,same_frozen_numeric_contract,minimize,log10(uM),2.211254973534783,1.7132331434328316,-0.4980218301019512,0.4980218301019512,true,18f242ac2ef5f2c666a36ee2eefbbb1df1412efae665184dbc1c81b9ce1ce608
fgf2,2b5b46f801288cfdbec105040236546d9d8279d6ae41f06b22b2fa14cc4d2bf5,masked_substitution,eb913f3163cf71b298ebc614146c3b0f81363f813774074a99bfb81a3e34b8a8,primary_parent,d1969ec3fedb2d0993151dc0c97d4dd5cb0efe5e809ba1a5f8715959deed7605,guruprasad_instability_index,numeric,true,same_frozen_numeric_contract,minimize,index,28.93913,31.378260869565217,2.4391308695652185,-2.4391308695652185,true,3fe9d283296c77fe8f42a7742407cf23ed09eb69c856b257646e7ce31994b51e
fgf2,2b5b46f801288cfdbec105040236546d9d8279d6ae41f06b22b2fa14cc4d2bf5,masked_substitution,eb913f3163cf71b298ebc614146c3b0f81363f813774074a99bfb81a3e34b8a8,primary_parent,d1969ec3fedb2d0993151dc0c97d4dd5cb0efe5e809ba1a5f8715959deed7605,hydrophobic_moment_eisenberg,numeric,false,audit_metric_has_no_monotonic_improvement_direction,audit,dimensionless,0.03702862230433381,0.07222543166518748,0.03519680936085367,,true,be5c63ed05634313fb65be8fb6556f5ffc734fc553079db3c5e585a5c4a0e131
fgf2,2b5b46f801288cfdbec105040236546d9d8279d6ae41f06b22b2fa14cc4d2bf5,masked_substitution,eb913f3163cf71b298ebc614146c3b0f81363f813774074a99bfb81a3e34b8a8,primary_parent,d1969ec3fedb2d0993151dc0c97d4dd5cb0efe5e809ba1a5f8715959deed7605,hydrophobic_ratio_modlamp,numeric,false,audit_metric_has_no_monotonic_improvement_direction,audit,fraction,0.08695652173913043,0.13043478260869565,0.043478260869565216,,true,0163fabc63e66325a5a5debaf5e55c3be05e063dd0e0342faf51aa18a6cf5205
fgf2,2b5b46f801288cfdbec105040236546d9d8279d6ae41f06b22b2fa14cc4d2bf5,masked_substitution,eb913f3163cf71b298ebc614146c3b0f81363f813774074a99bfb81a3e34b8a8,primary_parent,d1969ec3fedb2d0993151dc0c97d4dd5cb0efe5e809ba1a5f8715959deed7605,llamp_log10_mic_um,numeric,true,same_frozen_numeric_contract,minimize,log10(uM),1.0719242095947266,1.2485603094100952,0.17663609981536865,-0.17663609981536865,true,c665ef1d5ecdce7cd56fadfb6693959c249ef698b07090aef586e8462da1a0a2
fgf2,2b5b46f801288cfdbec105040236546d9d8279d6ae41f06b22b2fa14cc4d2bf5,masked_substitution,eb913f3163cf71b298ebc614146c3b0f81363f813774074a99bfb81a3e34b8a8,primary_parent,d1969ec3fedb2d0993151dc0c97d4dd5cb0efe5e809ba1a5f8715959deed7605,macrel_amp_probability,numeric,true,same_frozen_numeric_contract,maximize,probability,0.248,0.248,0.0,0.0,false,6ab2c7e0e14ea418f5949196c5f3ef686c53b743ffe0cb5d26c9923c8546c724
fgf2,2b5b46f801288cfdbec105040236546d9d8279d6ae41f06b22b2fa14cc4d2bf5,masked_substitution,eb913f3163cf71b298ebc614146c3b0f81363f813774074a99bfb81a3e34b8a8,primary_parent,d1969ec3fedb2d0993151dc0c97d4dd5cb0efe5e809ba1a5f8715959deed7605,macrel_hemolysis_label,categorical,true,same_frozen_label_contract,audit,label,low,low,,,false,cb0f9ebab485c76382bf30726d86f602a2b4c7893ff3527c77e56d5e0e05d300
fgf2,2b5b46f801288cfdbec105040236546d9d8279d6ae41f06b22b2fa14cc4d2bf5,masked_substitution,eb913f3163cf71b298ebc614146c3b0f81363f813774074a99bfb81a3e34b8a8,primary_parent,d1969ec3fedb2d0993151dc0c97d4dd5cb0efe5e809ba1a5f8715959deed7605,macrel_hemolysis_probability,numeric,true,same_frozen_numeric_contract,minimize,probability,0.347,0.386,0.039000000000000035,-0.039000000000000035,true,d5ab5a3a55fc8fe1c50cf54471f62341a8921651300f5359947efd6768287a2a
fgf2,2b5b46f801288cfdbec105040236546d9d8279d6ae41f06b22b2fa14cc4d2bf5,masked_substitution,eb913f3163cf71b298ebc614146c3b0f81363f813774074a99bfb81a3e34b8a8,primary_parent,d1969ec3fedb2d0993151dc0c97d4dd5cb0efe5e809ba1a5f8715959deed7605,maximum_hydrophobic_run,numeric,true,same_frozen_numeric_contract,minimize,residues,1.0,1.0,0.0,-0.0,false,353c3d9c9c17ecb52acc141fe2768113438a94f115b0e94c6162366b376b5113
fgf2,2b5b46f801288cfdbec105040236546d9d8279d6ae41f06b22b2fa14cc4d2bf5,masked_substitution,eb913f3163cf71b298ebc614146c3b0f81363f813774074a99bfb81a3e34b8a8,primary_parent,d1969ec3fedb2d0993151dc0c97d4dd5cb0efe5e809ba1a5f8715959deed7605,net_charge_ph7_4,numeric,false,audit_metric_has_no_monotonic_improvement_direction,audit,elementary_charge,10.025,10.025,0.0,,false,57d87967b956bfda01ae3f40e3695163dfa508da108ebaab0583d722a7b3846c
fgf2,2b5b46f801288cfdbec105040236546d9d8279d6ae41f06b22b2fa14cc4d2bf5,masked_substitution,eb913f3163cf71b298ebc614146c3b0f81363f813774074a99bfb81a3e34b8a8,primary_parent,d1969ec3fedb2d0993151dc0c97d4dd5cb0efe5e809ba1a5f8715959deed7605,toxinpred3_hybrid_score,numeric,true,same_frozen_numeric_contract,minimize,dimensionless,0.3,0.35,0.04999999999999999,-0.04999999999999999,true,d3fbb7b5c7b25599ce107e39cf517fdff30d7fa709fc71f50f86cb3a4ea3094f
fgf2,2b5b46f801288cfdbec105040236546d9d8279d6ae41f06b22b2fa14cc4d2bf5,masked_substitution,eb913f3163cf71b298ebc614146c3b0f81363f813774074a99bfb81a3e34b8a8,primary_parent,d1969ec3fedb2d0993151dc0c97d4dd5cb0efe5e809ba1a5f8715959deed7605,toxinpred3_label,categorical,true,same_frozen_label_contract,audit,label,Non-Toxin,Non-Toxin,,,false,faac432d95e91dc3ef4efa2e51dc5cffefe1239430cabb8210a3a2c215ff2bd8
fgf2,eedc3d067e1804416086c90e090876745a79da0bcf368dc142545aff97d2b1f4,masked_substitution,f6aa3fab5c7ac38d9a0dd166d6bd4dc839a8efe178777e575ad035a82ebac492,primary_parent,d1969ec3fedb2d0993151dc0c97d4dd5cb0efe5e809ba1a5f8715959deed7605,amp_read_log10_mic_um,numeric,true,same_frozen_numeric_contract,minimize,log10(uM),2.211254973534783,1.6216856342582093,-0.5895693392765735,0.5895693392765735,true,cc5ed4bff1596b694fd648877931c59472196433b7f32489441d92d8f18eb5bd
fgf2,eedc3d067e1804416086c90e090876745a79da0bcf368dc142545aff97d2b1f4,masked_substitution,f6aa3fab5c7ac38d9a0dd166d6bd4dc839a8efe178777e575ad035a82ebac492,primary_parent,d1969ec3fedb2d0993151dc0c97d4dd5cb0efe5e809ba1a5f8715959deed7605,guruprasad_instability_index,numeric,true,same_frozen_numeric_contract,minimize,index,28.93913,28.93913043478261,4.347826099149188e-07,-4.347826099149188e-07,true,561e057279af7225589a78c0da71a7b58a18cc49de761337bc0988d19c7e7c9e
fgf2,eedc3d067e1804416086c90e090876745a79da0bcf368dc142545aff97d2b1f4,masked_substitution,f6aa3fab5c7ac38d9a0dd166d6bd4dc839a8efe178777e575ad035a82ebac492,primary_parent,d1969ec3fedb2d0993151dc0c97d4dd5cb0efe5e809ba1a5f8715959deed7605,hydrophobic_moment_eisenberg,numeric,false,audit_metric_has_no_monotonic_improvement_direction,audit,dimensionless,0.03702862230433381,0.04376589815621462,0.00673727585188081,,true,6cc064689529ee65f819ad084f006b7017de4baa15e20076b2112800330411e8
fgf2,eedc3d067e1804416086c90e090876745a79da0bcf368dc142545aff97d2b1f4,masked_substitution,f6aa3fab5c7ac38d9a0dd166d6bd4dc839a8efe178777e575ad035a82ebac492,primary_parent,d1969ec3fedb2d0993151dc0c97d4dd5cb0efe5e809ba1a5f8715959deed7605,hydrophobic_ratio_modlamp,numeric,false,audit_metric_has_no_monotonic_improvement_direction,audit,fraction,0.08695652173913043,0.08695652173913043,0.0,,false,20c9141947915e292b3fd768958e7f6b4b47159a095c5056ce42b825df2584a3
fgf2,eedc3d067e1804416086c90e090876745a79da0bcf368dc142545aff97d2b1f4,masked_substitution,f6aa3fab5c7ac38d9a0dd166d6bd4dc839a8efe178777e575ad035a82ebac492,primary_parent,d1969ec3fedb2d0993151dc0c97d4dd5cb0efe5e809ba1a5f8715959deed7605,llamp_log10_mic_um,numeric,true,same_frozen_numeric_contract,minimize,log10(uM),1.0719242095947266,1.3981825113296509,0.3262583017349243,-0.3262583017349243,true,cc4150e3d07b50f63c77f378ff7a6cadd2dd46d0c5584fb3d771e148bcdaae8f
fgf2,eedc3d067e1804416086c90e090876745a79da0bcf368dc142545aff97d2b1f4,masked_substitution,f6aa3fab5c7ac38d9a0dd166d6bd4dc839a8efe178777e575ad035a82ebac492,primary_parent,d1969ec3fedb2d0993151dc0c97d4dd5cb0efe5e809ba1a5f8715959deed7605,macrel_amp_probability,numeric,true,same_frozen_numeric_contract,maximize,probability,0.248,0.267,0.019000000000000017,0.019000000000000017,true,6e102f0f63f8ae9b28844c57ffaaf7b79e864735c01a93f917cdf37699c961a6
fgf2,eedc3d067e1804416086c90e090876745a79da0bcf368dc142545aff97d2b1f4,masked_substitution,f6aa3fab5c7ac38d9a0dd166d6bd4dc839a8efe178777e575ad035a82ebac492,primary_parent,d1969ec3fedb2d0993151dc0c97d4dd5cb0efe5e809ba1a5f8715959deed7605,macrel_hemolysis_label,categorical,true,same_frozen_label_contract,audit,label,low,low,,,false,56e1aaa8894a5166bad54f6d0a8896b2a2a4b176f55ebbea921e2fe4ff785119
fgf2,eedc3d067e1804416086c90e090876745a79da0bcf368dc142545aff97d2b1f4,masked_substitution,f6aa3fab5c7ac38d9a0dd166d6bd4dc839a8efe178777e575ad035a82ebac492,primary_parent,d1969ec3fedb2d0993151dc0c97d4dd5cb0efe5e809ba1a5f8715959deed7605,macrel_hemolysis_probability,numeric,true,same_frozen_numeric_contract,minimize,probability,0.347,0.436,0.08900000000000002,-0.08900000000000002,true,401110a76eff88655bfcc1198a0f0658a473ec6a08a11ab4bab973a1d21fed55
fgf2,eedc3d067e1804416086c90e090876745a79da0bcf368dc142545aff97d2b1f4,masked_substitution,f6aa3fab5c7ac38d9a0dd166d6bd4dc839a8efe178777e575ad035a82ebac492,primary_parent,d1969ec3fedb2d0993151dc0c97d4dd5cb0efe5e809ba1a5f8715959deed7605,maximum_hydrophobic_run,numeric,true,same_frozen_numeric_contract,minimize,residues,1.0,1.0,0.0,-0.0,false,8227ddde321ebc239ec4ad9b11931e01f3ca3826b6c848cccbfa419dadcfd464
fgf2,eedc3d067e1804416086c90e090876745a79da0bcf368dc142545aff97d2b1f4,masked_substitution,f6aa3fab5c7ac38d9a0dd166d6bd4dc839a8efe178777e575ad035a82ebac492,primary_parent,d1969ec3fedb2d0993151dc0c97d4dd5cb0efe5e809ba1a5f8715959deed7605,net_charge_ph7_4,numeric,false,audit_metric_has_no_monotonic_improvement_direction,audit,elementary_charge,10.025,10.023,-0.002000000000000668,,true,07a4cb50f41fa5303bf0ee857e93e906698ba09dfa7108adc3088c48acd3603b
fgf2,eedc3d067e1804416086c90e090876745a79da0bcf368dc142545aff97d2b1f4,masked_substitution,f6aa3fab5c7ac38d9a0dd166d6bd4dc839a8efe178777e575ad035a82ebac492,primary_parent,d1969ec3fedb2d0993151dc0c97d4dd5cb0efe5e809ba1a5f8715959deed7605,toxinpred3_hybrid_score,numeric,true,same_frozen_numeric_contract,minimize,dimensionless,0.3,0.295,-0.0050000000000000044,0.0050000000000000044,true,87a2b3af4ebdc0c7b44350f0aac782694506e3a434cc373d1dc64548cf4967e1
fgf2,eedc3d067e1804416086c90e090876745a79da0bcf368dc142545aff97d2b1f4,masked_substitution,f6aa3fab5c7ac38d9a0dd166d6bd4dc839a8efe178777e575ad035a82ebac492,primary_parent,d1969ec3fedb2d0993151dc0c97d4dd5cb0efe5e809ba1a5f8715959deed7605,toxinpred3_label,categorical,true,same_frozen_label_contract,audit,label,Non-Toxin,Non-Toxin,,,false,550ff1589a73739f180abea82bfa259e95243839605dc332504b25af43c2bb89
fgf2,714520231528336bc9fa977e84fc04f5d19262d3c90aed6ddf4e836b1a124f18,masked_substitution,46c103df9b13f28e8fd8ea4fff3793f359036adc6dcb8f2d4368e039927cf6c9,primary_parent,d1969ec3fedb2d0993151dc0c97d4dd5cb0efe5e809ba1a5f8715959deed7605,amp_read_log10_mic_um,numeric,true,same_frozen_numeric_contract,minimize,log10(uM),2.211254973534783,2.0380823527475176,-0.17317262078726525,0.17317262078726525,true,8068aae8521ed345a3132d693482398fbf506baecb873de92933488445c9067a
fgf2,714520231528336bc9fa977e84fc04f5d19262d3c90aed6ddf4e836b1a124f18,masked_substitution,46c103df9b13f28e8fd8ea4fff3793f359036adc6dcb8f2d4368e039927cf6c9,primary_parent,d1969ec3fedb2d0993151dc0c97d4dd5cb0efe5e809ba1a5f8715959deed7605,guruprasad_instability_index,numeric,true,same_frozen_numeric_contract,minimize,index,28.93913,22.40434782608695,-6.534782173913047,6.534782173913047,true,e492401041557433420d7ced5672c1af6609e146d774b451c46134623faced43
fgf2,714520231528336bc9fa977e84fc04f5d19262d3c90aed6ddf4e836b1a124f18,masked_substitution,46c103df9b13f28e8fd8ea4fff3793f359036adc6dcb8f2d4368e039927cf6c9,primary_parent,d1969ec3fedb2d0993151dc0c97d4dd5cb0efe5e809ba1a5f8715959deed7605,hydrophobic_moment_eisenberg,numeric,false,audit_metric_has_no_monotonic_improvement_direction,audit,dimensionless,0.03702862230433381,0.06453421661958435,0.027505594315250535,,true,880cb3b32ba95046601ba2a8daa0aad819a4a0213d25e2b021017ba70679c66c
fgf2,714520231528336bc9fa977e84fc04f5d19262d3c90aed6ddf4e836b1a124f18,masked_substitution,46c103df9b13f28e8fd8ea4fff3793f359036adc6dcb8f2d4368e039927cf6c9,primary_parent,d1969ec3fedb2d0993151dc0c97d4dd5cb0efe5e809ba1a5f8715959deed7605,hydrophobic_ratio_modlamp,numeric,false,audit_metric_has_no_monotonic_improvement_direction,audit,fraction,0.08695652173913043,0.08695652173913043,0.0,,false,b18856a12b5602c69fe6923620e86d1274cc977d465dbb60b9fd23b596951c72
fgf2,714520231528336bc9fa977e84fc04f5d19262d3c90aed6ddf4e836b1a124f18,masked_substitution,46c103df9b13f28e8fd8ea4fff3793f359036adc6dcb8f2d4368e039927cf6c9,primary_parent,d1969ec3fedb2d0993151dc0c97d4dd5cb0efe5e809ba1a5f8715959deed7605,llamp_log10_mic_um,numeric,true,same_frozen_numeric_contract,minimize,log10(uM),1.0719242095947266,1.3412282466888428,0.2693040370941162,-0.2693040370941162,true,32c37334989f01bd9b48f28bcb256237824048be155d6762cc440d7f3705377a
fgf2,714520231528336bc9fa977e84fc04f5d19262d3c90aed6ddf4e836b1a124f18,masked_substitution,46c103df9b13f28e8fd8ea4fff3793f359036adc6dcb8f2d4368e039927cf6c9,primary_parent,d1969ec3fedb2d0993151dc0c97d4dd5cb0efe5e809ba1a5f8715959deed7605,macrel_amp_probability,numeric,true,same_frozen_numeric_contract,maximize,probability,0.248,0.238,-0.010000000000000009,-0.010000000000000009,true,d6c2439ec1177d26a8398e35f67c2ac0d0acbdb2671f5f718a646fb4ac629335
fgf2,714520231528336bc9fa977e84fc04f5d19262d3c90aed6ddf4e836b1a124f18,masked_substitution,46c103df9b13f28e8fd8ea4fff3793f359036adc6dcb8f2d4368e039927cf6c9,primary_parent,d1969ec3fedb2d0993151dc0c97d4dd5cb0efe5e809ba1a5f8715959deed7605,macrel_hemolysis_label,categorical,true,same_frozen_label_contract,audit,label,low,low,,,false,ec025b600f29e7e0e23f7619e4b88b2cc6a9dcec84e1dbff18cf93c18aaec591
fgf2,714520231528336bc9fa977e84fc04f5d19262d3c90aed6ddf4e836b1a124f18,masked_substitution,46c103df9b13f28e8fd8ea4fff3793f359036adc6dcb8f2d4368e039927cf6c9,primary_parent,d1969ec3fedb2d0993151dc0c97d4dd5cb0efe5e809ba1a5f8715959deed7605,macrel_hemolysis_probability,numeric,true,same_frozen_numeric_contract,minimize,probability,0.347,0.436,0.08900000000000002,-0.08900000000000002,true,ce3448aaaedd05f551eddf6a4bc42888b96fa78c780210b11d6c0cf04d3477c7
fgf2,714520231528336bc9fa977e84fc04f5d19262d3c90aed6ddf4e836b1a124f18,masked_substitution,46c103df9b13f28e8fd8ea4fff3793f359036adc6dcb8f2d4368e039927cf6c9,primary_parent,d1969ec3fedb2d0993151dc0c97d4dd5cb0efe5e809ba1a5f8715959deed7605,maximum_hydrophobic_run,numeric,true,same_frozen_numeric_contract,minimize,residues,1.0,1.0,0.0,-0.0,false,26b53be7d305027be78f193b082a4f273f51730326dcca25b79707e058d567cc
fgf2,714520231528336bc9fa977e84fc04f5d19262d3c90aed6ddf4e836b1a124f18,masked_substitution,46c103df9b13f28e8fd8ea4fff3793f359036adc6dcb8f2d4368e039927cf6c9,primary_parent,d1969ec3fedb2d0993151dc0c97d4dd5cb0efe5e809ba1a5f8715959deed7605,net_charge_ph7_4,numeric,false,audit_metric_has_no_monotonic_improvement_direction,audit,elementary_charge,10.025,9.026,-0.9990000000000006,,true,22a448d37c638467d2addd49faa024e4a6cd8140a6ed749a5c69812348f67cc5
fgf2,714520231528336bc9fa977e84fc04f5d19262d3c90aed6ddf4e836b1a124f18,masked_substitution,46c103df9b13f28e8fd8ea4fff3793f359036adc6dcb8f2d4368e039927cf6c9,primary_parent,d1969ec3fedb2d0993151dc0c97d4dd5cb0efe5e809ba1a5f8715959deed7605,toxinpred3_hybrid_score,numeric,true,same_frozen_numeric_contract,minimize,dimensionless,0.3,0.37,0.07,-0.07,true,8e67f2a1d78d9a4675376a19f100dc905fcbd207d6e1f50e586cf834f6aaae62
fgf2,714520231528336bc9fa977e84fc04f5d19262d3c90aed6ddf4e836b1a124f18,masked_substitution,46c103df9b13f28e8fd8ea4fff3793f359036adc6dcb8f2d4368e039927cf6c9,primary_parent,d1969ec3fedb2d0993151dc0c97d4dd5cb0efe5e809ba1a5f8715959deed7605,toxinpred3_label,categorical,true,same_frozen_label_contract,audit,label,Non-Toxin,Non-Toxin,,,false,09bcab6317d23b2dad1a5399cd5642cca361ce40e4078ca499f704600cc33253
fgf2,e8cd83815772e3de3e7f672fba78183131c1f5d42eb4208caa8f183df14c7542,masked_substitution,9444939b2e51aabb4dbd41685e0e0cc37a94f79823cc283ba4e7e115a3fe8d5a,primary_parent,d1969ec3fedb2d0993151dc0c97d4dd5cb0efe5e809ba1a5f8715959deed7605,amp_read_log10_mic_um,numeric,true,same_frozen_numeric_contract,minimize,log10(uM),2.211254973534783,2.1478067976697326,-0.06344817586505025,0.06344817586505025,true,6902a2287d76ad35bbb428903ed54711b6ae618875036ef788c2efb66c90bf56
fgf2,e8cd83815772e3de3e7f672fba78183131c1f5d42eb4208caa8f183df14c7542,masked_substitution,9444939b2e51aabb4dbd41685e0e0cc37a94f79823cc283ba4e7e115a3fe8d5a,primary_parent,d1969ec3fedb2d0993151dc0c97d4dd5cb0efe5e809ba1a5f8715959deed7605,guruprasad_instability_index,numeric,true,same_frozen_numeric_contract,minimize,index,28.93913,28.93913043478261,4.347826099149188e-07,-4.347826099149188e-07,true,a0ce37802ac10c95405623d6f3dbd611aa4d2af7ee57bc74007cb1dbd97ba1a0
fgf2,e8cd83815772e3de3e7f672fba78183131c1f5d42eb4208caa8f183df14c7542,masked_substitution,9444939b2e51aabb4dbd41685e0e0cc37a94f79823cc283ba4e7e115a3fe8d5a,primary_parent,d1969ec3fedb2d0993151dc0c97d4dd5cb0efe5e809ba1a5f8715959deed7605,hydrophobic_moment_eisenberg,numeric,false,audit_metric_has_no_monotonic_improvement_direction,audit,dimensionless,0.03702862230433381,0.04086156362065253,0.0038329413163187206,,true,56d60eeaeb90074530df766810f11358a6245783c9773cb6f2105c6dd9f4cf08
fgf2,e8cd83815772e3de3e7f672fba78183131c1f5d42eb4208caa8f183df14c7542,masked_substitution,9444939b2e51aabb4dbd41685e0e0cc37a94f79823cc283ba4e7e115a3fe8d5a,primary_parent,d1969ec3fedb2d0993151dc0c97d4dd5cb0efe5e809ba1a5f8715959deed7605,hydrophobic_ratio_modlamp,numeric,false,audit_metric_has_no_monotonic_improvement_direction,audit,fraction,0.08695652173913043,0.08695652173913043,0.0,,false,2e71dd85d23b48a97730041837fe9b5fe36f91f048a9549b2d20c91ea6205b17
fgf2,e8cd83815772e3de3e7f672fba78183131c1f5d42eb4208caa8f183df14c7542,masked_substitution,9444939b2e51aabb4dbd41685e0e0cc37a94f79823cc283ba4e7e115a3fe8d5a,primary_parent,d1969ec3fedb2d0993151dc0c97d4dd5cb0efe5e809ba1a5f8715959deed7605,llamp_log10_mic_um,numeric,true,same_frozen_numeric_contract,minimize,log10(uM),1.0719242095947266,1.3876887559890747,0.31576454639434814,-0.31576454639434814,true,2e3de77e3b1cdc6975f4e9d1baff9f827fdb9b30b19c9ff10a1e1dfaa25a0116
fgf2,e8cd83815772e3de3e7f672fba78183131c1f5d42eb4208caa8f183df14c7542,masked_substitution,9444939b2e51aabb4dbd41685e0e0cc37a94f79823cc283ba4e7e115a3fe8d5a,primary_parent,d1969ec3fedb2d0993151dc0c97d4dd5cb0efe5e809ba1a5f8715959deed7605,macrel_amp_probability,numeric,true,same_frozen_numeric_contract,maximize,probability,0.248,0.238,-0.010000000000000009,-0.010000000000000009,true,9216e2f2cfd4a3d101a82d2280427221ebd17f52ab78006d6b7c14556d401a6e
fgf2,e8cd83815772e3de3e7f672fba78183131c1f5d42eb4208caa8f183df14c7542,masked_substitution,9444939b2e51aabb4dbd41685e0e0cc37a94f79823cc283ba4e7e115a3fe8d5a,primary_parent,d1969ec3fedb2d0993151dc0c97d4dd5cb0efe5e809ba1a5f8715959deed7605,macrel_hemolysis_label,categorical,true,same_frozen_label_contract,audit,label,low,low,,,false,81608ef58ef07ba8f1afe944c4537bdd95ee93c755430d47750f67543b8e587f
fgf2,e8cd83815772e3de3e7f672fba78183131c1f5d42eb4208caa8f183df14c7542,masked_substitution,9444939b2e51aabb4dbd41685e0e0cc37a94f79823cc283ba4e7e115a3fe8d5a,primary_parent,d1969ec3fedb2d0993151dc0c97d4dd5cb0efe5e809ba1a5f8715959deed7605,macrel_hemolysis_probability,numeric,true,same_frozen_numeric_contract,minimize,probability,0.347,0.426,0.07900000000000001,-0.07900000000000001,true,1c082e6945c32d15e1a16f38cf55e77522230e98f1dcca172bf0dadc2923e216
fgf2,e8cd83815772e3de3e7f672fba78183131c1f5d42eb4208caa8f183df14c7542,masked_substitution,9444939b2e51aabb4dbd41685e0e0cc37a94f79823cc283ba4e7e115a3fe8d5a,primary_parent,d1969ec3fedb2d0993151dc0c97d4dd5cb0efe5e809ba1a5f8715959deed7605,maximum_hydrophobic_run,numeric,true,same_frozen_numeric_contract,minimize,residues,1.0,1.0,0.0,-0.0,false,544b8fb9ba7e1a4295bea19af8d86a916dac8bde8f226f3db49df3c409333a2d
fgf2,e8cd83815772e3de3e7f672fba78183131c1f5d42eb4208caa8f183df14c7542,masked_substitution,9444939b2e51aabb4dbd41685e0e0cc37a94f79823cc283ba4e7e115a3fe8d5a,primary_parent,d1969ec3fedb2d0993151dc0c97d4dd5cb0efe5e809ba1a5f8715959deed7605,net_charge_ph7_4,numeric,false,audit_metric_has_no_monotonic_improvement_direction,audit,elementary_charge,10.025,9.024,-1.0010000000000012,,true,e0161ab1294041a86cdf518dfc3e6f712b7b853c990db5e957480a5be73bc93b
fgf2,e8cd83815772e3de3e7f672fba78183131c1f5d42eb4208caa8f183df14c7542,masked_substitution,9444939b2e51aabb4dbd41685e0e0cc37a94f79823cc283ba4e7e115a3fe8d5a,primary_parent,d1969ec3fedb2d0993151dc0c97d4dd5cb0efe5e809ba1a5f8715959deed7605,toxinpred3_hybrid_score,numeric,true,same_frozen_numeric_contract,minimize,dimensionless,0.3,0.27,-0.02999999999999997,0.02999999999999997,true,de9f25eb7e63df39d41209ffeb3fc0242e45260fd7bd93dbae0b2d3326f3207f
fgf2,e8cd83815772e3de3e7f672fba78183131c1f5d42eb4208caa8f183df14c7542,masked_substitution,9444939b2e51aabb4dbd41685e0e0cc37a94f79823cc283ba4e7e115a3fe8d5a,primary_parent,d1969ec3fedb2d0993151dc0c97d4dd5cb0efe5e809ba1a5f8715959deed7605,toxinpred3_label,categorical,true,same_frozen_label_contract,audit,label,Non-Toxin,Non-Toxin,,,false,b6312f365da903ed3dbbf6511d9283a08d20a2fe2e752075ef8a9329dce232d6
fgf2,ff2cf5625579317dd999c944215f705a4074ddcb8da7bb94e9298440566906c7,masked_substitution,c62f519c45bf0732c1dbabc1bf3f2178b9656fc535e0a7b25f4df245cf6e6622,primary_parent,d1969ec3fedb2d0993151dc0c97d4dd5cb0efe5e809ba1a5f8715959deed7605,amp_read_log10_mic_um,numeric,true,same_frozen_numeric_contract,minimize,log10(uM),2.211254973534783,2.162512759954045,-0.048742213580737825,0.048742213580737825,true,1b46d1d1e897eb7ab3983a162a791c1b19740a54630142283823dd5b734f310a
fgf2,ff2cf5625579317dd999c944215f705a4074ddcb8da7bb94e9298440566906c7,masked_substitution,c62f519c45bf0732c1dbabc1bf3f2178b9656fc535e0a7b25f4df245cf6e6622,primary_parent,d1969ec3fedb2d0993151dc0c97d4dd5cb0efe5e809ba1a5f8715959deed7605,guruprasad_instability_index,numeric,true,same_frozen_numeric_contract,minimize,index,28.93913,28.93913043478261,4.347826099149188e-07,-4.347826099149188e-07,true,5210ea71100b4debcbfd8957dd7535c63847011a44f58d7603989f86dee5e875
fgf2,ff2cf5625579317dd999c944215f705a4074ddcb8da7bb94e9298440566906c7,masked_substitution,c62f519c45bf0732c1dbabc1bf3f2178b9656fc535e0a7b25f4df245cf6e6622,primary_parent,d1969ec3fedb2d0993151dc0c97d4dd5cb0efe5e809ba1a5f8715959deed7605,hydrophobic_moment_eisenberg,numeric,false,audit_metric_has_no_monotonic_improvement_direction,audit,dimensionless,0.03702862230433381,0.11814917460794484,0.08112055230361104,,true,3e9823abf172e96a41ac2529d127a8a36eb624db15ba8a4b6107c17284be6ed5
fgf2,ff2cf5625579317dd999c944215f705a4074ddcb8da7bb94e9298440566906c7,masked_substitution,c62f519c45bf0732c1dbabc1bf3f2178b9656fc535e0a7b25f4df245cf6e6622,primary_parent,d1969ec3fedb2d0993151dc0c97d4dd5cb0efe5e809ba1a5f8715959deed7605,hydrophobic_ratio_modlamp,numeric,false,audit_metric_has_no_monotonic_improvement_direction,audit,fraction,0.08695652173913043,0.13043478260869565,0.043478260869565216,,true,c4272c86c366833806bd1b58f033d1dba0bbfcd8dede3f32c2afd5dc6fd1f952
fgf2,ff2cf5625579317dd999c944215f705a4074ddcb8da7bb94e9298440566906c7,masked_substitution,c62f519c45bf0732c1dbabc1bf3f2178b9656fc535e0a7b25f4df245cf6e6622,primary_parent,d1969ec3fedb2d0993151dc0c97d4dd5cb0efe5e809ba1a5f8715959deed7605,llamp_log10_mic_um,numeric,true,same_frozen_numeric_contract,minimize,log10(uM),1.0719242095947266,1.0703233480453491,-0.0016008615493774414,0.0016008615493774414,true,1ba6ff12d720012e27e34a42fff74e8a97f9731e60d317f30b1be37af0d0629c
fgf2,ff2cf5625579317dd999c944215f705a4074ddcb8da7bb94e9298440566906c7,masked_substitution,c62f519c45bf0732c1dbabc1bf3f2178b9656fc535e0a7b25f4df245cf6e6622,primary_parent,d1969ec3fedb2d0993151dc0c97d4dd5cb0efe5e809ba1a5f8715959deed7605,macrel_amp_probability,numeric,true,same_frozen_numeric_contract,maximize,probability,0.248,0.267,0.019000000000000017,0.019000000000000017,true,2260e0ac67d84269d76715917f239abdc2f8a634712fbacb1bfa8f8199924ae6
fgf2,ff2cf5625579317dd999c944215f705a4074ddcb8da7bb94e9298440566906c7,masked_substitution,c62f519c45bf0732c1dbabc1bf3f2178b9656fc535e0a7b25f4df245cf6e6622,primary_parent,d1969ec3fedb2d0993151dc0c97d4dd5cb0efe5e809ba1a5f8715959deed7605,macrel_hemolysis_label,categorical,true,same_frozen_label_contract,audit,label,low,low,,,false,27081d951cddd9fceef9d8d33b0bc0c929ee00b26a60be98c126ed421c743970
fgf2,ff2cf5625579317dd999c944215f705a4074ddcb8da7bb94e9298440566906c7,masked_substitution,c62f519c45bf0732c1dbabc1bf3f2178b9656fc535e0a7b25f4df245cf6e6622,primary_parent,d1969ec3fedb2d0993151dc0c97d4dd5cb0efe5e809ba1a5f8715959deed7605,macrel_hemolysis_probability,numeric,true,same_frozen_numeric_contract,minimize,probability,0.347,0.376,0.029000000000000026,-0.029000000000000026,true,07cebee673ed894fe01a0534c3552e47d947e60f323b2943ef2d5ea745b6aa3f
fgf2,ff2cf5625579317dd999c944215f705a4074ddcb8da7bb94e9298440566906c7,masked_substitution,c62f519c45bf0732c1dbabc1bf3f2178b9656fc535e0a7b25f4df245cf6e6622,primary_parent,d1969ec3fedb2d0993151dc0c97d4dd5cb0efe5e809ba1a5f8715959deed7605,maximum_hydrophobic_run,numeric,true,same_frozen_numeric_contract,minimize,residues,1.0,2.0,1.0,-1.0,true,e0ec08a8612eedd5c06e5baf71c9376ea4ee1e7979cc46adb8f9521cd0261c22
fgf2,ff2cf5625579317dd999c944215f705a4074ddcb8da7bb94e9298440566906c7,masked_substitution,c62f519c45bf0732c1dbabc1bf3f2178b9656fc535e0a7b25f4df245cf6e6622,primary_parent,d1969ec3fedb2d0993151dc0c97d4dd5cb0efe5e809ba1a5f8715959deed7605,net_charge_ph7_4,numeric,false,audit_metric_has_no_monotonic_improvement_direction,audit,elementary_charge,10.025,9.026,-0.9990000000000006,,true,15fcd3aa25748f5eb0aa8fc81450a22c62dce7a93cdb66527bb5d4dbf7f5d397
fgf2,ff2cf5625579317dd999c944215f705a4074ddcb8da7bb94e9298440566906c7,masked_substitution,c62f519c45bf0732c1dbabc1bf3f2178b9656fc535e0a7b25f4df245cf6e6622,primary_parent,d1969ec3fedb2d0993151dc0c97d4dd5cb0efe5e809ba1a5f8715959deed7605,toxinpred3_hybrid_score,numeric,true,same_frozen_numeric_contract,minimize,dimensionless,0.3,0.325,0.025000000000000022,-0.025000000000000022,true,bdd2659c8dc7d637f46839819ab15ea7949d59cc3390b7170f15a7159eac969c
fgf2,ff2cf5625579317dd999c944215f705a4074ddcb8da7bb94e9298440566906c7,masked_substitution,c62f519c45bf0732c1dbabc1bf3f2178b9656fc535e0a7b25f4df245cf6e6622,primary_parent,d1969ec3fedb2d0993151dc0c97d4dd5cb0efe5e809ba1a5f8715959deed7605,toxinpred3_label,categorical,true,same_frozen_label_contract,audit,label,Non-Toxin,Non-Toxin,,,false,a322016f8d82a788a97cb11902aa85e2b98741a4036bc99ad2c21828a9a3ff5a
fgf2,b6ad0048837caade6aafff643406094db7c0d922442b4cff24367a4f78537018,masked_substitution,37f57658283b00e500d6ce24aa5da88659c74e8ce9763186c51fe04006cfc92c,primary_parent,d1969ec3fedb2d0993151dc0c97d4dd5cb0efe5e809ba1a5f8715959deed7605,amp_read_log10_mic_um,numeric,true,same_frozen_numeric_contract,minimize,log10(uM),2.211254973534783,1.9273859380218779,-0.283869035512905,0.283869035512905,true,146795b5e71d09ec7c60ff331dfb8942320058264820e1f0f90c6503f2a4f4ce
fgf2,b6ad0048837caade6aafff643406094db7c0d922442b4cff24367a4f78537018,masked_substitution,37f57658283b00e500d6ce24aa5da88659c74e8ce9763186c51fe04006cfc92c,primary_parent,d1969ec3fedb2d0993151dc0c97d4dd5cb0efe5e809ba1a5f8715959deed7605,guruprasad_instability_index,numeric,true,same_frozen_numeric_contract,minimize,index,28.93913,28.93913043478261,4.347826099149188e-07,-4.347826099149188e-07,true,24c45aaae0ac2fe1da46ced6889e5651e6e4e34230a43b32f60ea7898e09844e
fgf2,b6ad0048837caade6aafff643406094db7c0d922442b4cff24367a4f78537018,masked_substitution,37f57658283b00e500d6ce24aa5da88659c74e8ce9763186c51fe04006cfc92c,primary_parent,d1969ec3fedb2d0993151dc0c97d4dd5cb0efe5e809ba1a5f8715959deed7605,hydrophobic_moment_eisenberg,numeric,false,audit_metric_has_no_monotonic_improvement_direction,audit,dimensionless,0.03702862230433381,0.10624884746593004,0.06922022516159623,,true,1baa7effa81292af8e08150627e91247897c294badeaf86752eba916ef78d448
fgf2,b6ad0048837caade6aafff643406094db7c0d922442b4cff24367a4f78537018,masked_substitution,37f57658283b00e500d6ce24aa5da88659c74e8ce9763186c51fe04006cfc92c,primary_parent,d1969ec3fedb2d0993151dc0c97d4dd5cb0efe5e809ba1a5f8715959deed7605,hydrophobic_ratio_modlamp,numeric,false,audit_metric_has_no_monotonic_improvement_direction,audit,fraction,0.08695652173913043,0.08695652173913043,0.0,,false,90efec046b5d8c52687b43865e696a6a1d9126f000a9c671e4e5e9601d80cdc7
fgf2,b6ad0048837caade6aafff643406094db7c0d922442b4cff24367a4f78537018,masked_substitution,37f57658283b00e500d6ce24aa5da88659c74e8ce9763186c51fe04006cfc92c,primary_parent,d1969ec3fedb2d0993151dc0c97d4dd5cb0efe5e809ba1a5f8715959deed7605,llamp_log10_mic_um,numeric,true,same_frozen_numeric_contract,minimize,log10(uM),1.0719242095947266,0.8029882907867432,-0.2689359188079834,0.2689359188079834,true,ae9e55fd88395cc0c6bf15decb068a994be3e61eb3cc87852afba370b3029fcc
fgf2,b6ad0048837caade6aafff643406094db7c0d922442b4cff24367a4f78537018,masked_substitution,37f57658283b00e500d6ce24aa5da88659c74e8ce9763186c51fe04006cfc92c,primary_parent,d1969ec3fedb2d0993151dc0c97d4dd5cb0efe5e809ba1a5f8715959deed7605,macrel_amp_probability,numeric,true,same_frozen_numeric_contract,maximize,probability,0.248,0.238,-0.010000000000000009,-0.010000000000000009,true,678d425e2e806c83e1f25c5f6466af26a28f610ba82d388e42353b5cdb620027
fgf2,b6ad0048837caade6aafff643406094db7c0d922442b4cff24367a4f78537018,masked_substitution,37f57658283b00e500d6ce24aa5da88659c74e8ce9763186c51fe04006cfc92c,primary_parent,d1969ec3fedb2d0993151dc0c97d4dd5cb0efe5e809ba1a5f8715959deed7605,macrel_hemolysis_label,categorical,true,same_frozen_label_contract,audit,label,low,low,,,false,487cf18622042ebe730365f3bba92a3e72a0d2511a0b5cc3f669170a7b0e0778
fgf2,b6ad0048837caade6aafff643406094db7c0d922442b4cff24367a4f78537018,masked_substitution,37f57658283b00e500d6ce24aa5da88659c74e8ce9763186c51fe04006cfc92c,primary_parent,d1969ec3fedb2d0993151dc0c97d4dd5cb0efe5e809ba1a5f8715959deed7605,macrel_hemolysis_probability,numeric,true,same_frozen_numeric_contract,minimize,probability,0.347,0.426,0.07900000000000001,-0.07900000000000001,true,686de12a5d19d7f0b25a4cad9a819ebfcae3154040170f9450119b622d7d521f
fgf2,b6ad0048837caade6aafff643406094db7c0d922442b4cff24367a4f78537018,masked_substitution,37f57658283b00e500d6ce24aa5da88659c74e8ce9763186c51fe04006cfc92c,primary_parent,d1969ec3fedb2d0993151dc0c97d4dd5cb0efe5e809ba1a5f8715959deed7605,maximum_hydrophobic_run,numeric,true,same_frozen_numeric_contract,minimize,residues,1.0,2.0,1.0,-1.0,true,ed6396e14ba497074a2786578bdd826b2e07b1fa784c4b98235cf978756298e7
fgf2,b6ad0048837caade6aafff643406094db7c0d922442b4cff24367a4f78537018,masked_substitution,37f57658283b00e500d6ce24aa5da88659c74e8ce9763186c51fe04006cfc92c,primary_parent,d1969ec3fedb2d0993151dc0c97d4dd5cb0efe5e809ba1a5f8715959deed7605,net_charge_ph7_4,numeric,false,audit_metric_has_no_monotonic_improvement_direction,audit,elementary_charge,10.025,9.026,-0.9990000000000006,,true,457da2dd919a519e08bc304807c0d01ce61ef0394c451e20812f1dd37b5cc133
fgf2,b6ad0048837caade6aafff643406094db7c0d922442b4cff24367a4f78537018,masked_substitution,37f57658283b00e500d6ce24aa5da88659c74e8ce9763186c51fe04006cfc92c,primary_parent,d1969ec3fedb2d0993151dc0c97d4dd5cb0efe5e809ba1a5f8715959deed7605,toxinpred3_hybrid_score,numeric,true,same_frozen_numeric_contract,minimize,dimensionless,0.3,0.335,0.03500000000000003,-0.03500000000000003,true,618e0c2b3640cffeb2d72e6b415df4be6b6d53a396e9f97e374f28ca2e5c996f
fgf2,b6ad0048837caade6aafff643406094db7c0d922442b4cff24367a4f78537018,masked_substitution,37f57658283b00e500d6ce24aa5da88659c74e8ce9763186c51fe04006cfc92c,primary_parent,d1969ec3fedb2d0993151dc0c97d4dd5cb0efe5e809ba1a5f8715959deed7605,toxinpred3_label,categorical,true,same_frozen_label_contract,audit,label,Non-Toxin,Non-Toxin,,,false,700d80f5b98fb97f6efd79555b13b7634afb04faadbc7c4bce45c08d0608235c
fgf2,a008753c184c079c63fde7b94cc50e1f3f2a9ab0213ef84bd3c708d3ca302617,masked_substitution,7c6649c00e204a0854a5a8a8733502d20504ce9da524b28ae5329d58e5d61e54,primary_parent,d1969ec3fedb2d0993151dc0c97d4dd5cb0efe5e809ba1a5f8715959deed7605,amp_read_log10_mic_um,numeric,true,same_frozen_numeric_contract,minimize,log10(uM),2.211254973534783,1.9451127796220637,-0.2661421939127191,0.2661421939127191,true,e0f5d276a47ffc37d693b59fd581014223da0b3df46c0466cbdc22cc74d080ef
fgf2,a008753c184c079c63fde7b94cc50e1f3f2a9ab0213ef84bd3c708d3ca302617,masked_substitution,7c6649c00e204a0854a5a8a8733502d20504ce9da524b28ae5329d58e5d61e54,primary_parent,d1969ec3fedb2d0993151dc0c97d4dd5cb0efe5e809ba1a5f8715959deed7605,guruprasad_instability_index,numeric,true,same_frozen_numeric_contract,minimize,index,28.93913,14.765217391304345,-14.173912608695654,14.173912608695654,true,4dee345d393a59e064af27e09b9e8dc3ba115d359d580586c615ea53bfe69552
fgf2,a008753c184c079c63fde7b94cc50e1f3f2a9ab0213ef84bd3c708d3ca302617,masked_substitution,7c6649c00e204a0854a5a8a8733502d20504ce9da524b28ae5329d58e5d61e54,primary_parent,d1969ec3fedb2d0993151dc0c97d4dd5cb0efe5e809ba1a5f8715959deed7605,hydrophobic_moment_eisenberg,numeric,false,audit_metric_has_no_monotonic_improvement_direction,audit,dimensionless,0.03702862230433381,0.12793682945698526,0.09090820715265144,,true,f0a88ac5a9a4a952a804fb3d35501dfb81f39d998470e1a5d520cd1a40465709
fgf2,a008753c184c079c63fde7b94cc50e1f3f2a9ab0213ef84bd3c708d3ca302617,masked_substitution,7c6649c00e204a0854a5a8a8733502d20504ce9da524b28ae5329d58e5d61e54,primary_parent,d1969ec3fedb2d0993151dc0c97d4dd5cb0efe5e809ba1a5f8715959deed7605,hydrophobic_ratio_modlamp,numeric,false,audit_metric_has_no_monotonic_improvement_direction,audit,fraction,0.08695652173913043,0.08695652173913043,0.0,,false,b8d96fb73b92edc3f5a25db77f4722a0285c4d74948446c8e503368d39e3917a
fgf2,a008753c184c079c63fde7b94cc50e1f3f2a9ab0213ef84bd3c708d3ca302617,masked_substitution,7c6649c00e204a0854a5a8a8733502d20504ce9da524b28ae5329d58e5d61e54,primary_parent,d1969ec3fedb2d0993151dc0c97d4dd5cb0efe5e809ba1a5f8715959deed7605,llamp_log10_mic_um,numeric,true,same_frozen_numeric_contract,minimize,log10(uM),1.0719242095947266,0.9789342880249023,-0.09298992156982422,0.09298992156982422,true,5cfc572d51774b2ffb6cb4b9547d8f4b4f1037eec2b707878af7feec0a2582d8
fgf2,a008753c184c079c63fde7b94cc50e1f3f2a9ab0213ef84bd3c708d3ca302617,masked_substitution,7c6649c00e204a0854a5a8a8733502d20504ce9da524b28ae5329d58e5d61e54,primary_parent,d1969ec3fedb2d0993151dc0c97d4dd5cb0efe5e809ba1a5f8715959deed7605,macrel_amp_probability,numeric,true,same_frozen_numeric_contract,maximize,probability,0.248,0.248,0.0,0.0,false,922ccd8fea5da0eecaa4075f610068538cd63443d6acfb347b10e6ddc15c8f73
fgf2,a008753c184c079c63fde7b94cc50e1f3f2a9ab0213ef84bd3c708d3ca302617,masked_substitution,7c6649c00e204a0854a5a8a8733502d20504ce9da524b28ae5329d58e5d61e54,primary_parent,d1969ec3fedb2d0993151dc0c97d4dd5cb0efe5e809ba1a5f8715959deed7605,macrel_hemolysis_label,categorical,true,same_frozen_label_contract,audit,label,low,low,,,false,1020bdcfeb9c2ab285845a4a3117f13253bc12a8e3fbdcd421aeee9a62fe7b7c
fgf2,a008753c184c079c63fde7b94cc50e1f3f2a9ab0213ef84bd3c708d3ca302617,masked_substitution,7c6649c00e204a0854a5a8a8733502d20504ce9da524b28ae5329d58e5d61e54,primary_parent,d1969ec3fedb2d0993151dc0c97d4dd5cb0efe5e809ba1a5f8715959deed7605,macrel_hemolysis_probability,numeric,true,same_frozen_numeric_contract,minimize,probability,0.347,0.455,0.10800000000000004,-0.10800000000000004,true,814770175beee4b401839c6815bcf7ace6cf4092752d9714a0cb4e39a3f54c4c
fgf2,a008753c184c079c63fde7b94cc50e1f3f2a9ab0213ef84bd3c708d3ca302617,masked_substitution,7c6649c00e204a0854a5a8a8733502d20504ce9da524b28ae5329d58e5d61e54,primary_parent,d1969ec3fedb2d0993151dc0c97d4dd5cb0efe5e809ba1a5f8715959deed7605,maximum_hydrophobic_run,numeric,true,same_frozen_numeric_contract,minimize,residues,1.0,1.0,0.0,-0.0,false,69f740f8bcffc551d54bae4cd23d0c66a7a9180df18dc9f3c10deba8f214511d
fgf2,a008753c184c079c63fde7b94cc50e1f3f2a9ab0213ef84bd3c708d3ca302617,masked_substitution,7c6649c00e204a0854a5a8a8733502d20504ce9da524b28ae5329d58e5d61e54,primary_parent,d1969ec3fedb2d0993151dc0c97d4dd5cb0efe5e809ba1a5f8715959deed7605,net_charge_ph7_4,numeric,false,audit_metric_has_no_monotonic_improvement_direction,audit,elementary_charge,10.025,9.026,-0.9990000000000006,,true,6807be90759212ec37c4035ff2ee5b79a1dc58b3e1a9f1004d8b383118cbcf20
fgf2,a008753c184c079c63fde7b94cc50e1f3f2a9ab0213ef84bd3c708d3ca302617,masked_substitution,7c6649c00e204a0854a5a8a8733502d20504ce9da524b28ae5329d58e5d61e54,primary_parent,d1969ec3fedb2d0993151dc0c97d4dd5cb0efe5e809ba1a5f8715959deed7605,toxinpred3_hybrid_score,numeric,true,same_frozen_numeric_contract,minimize,dimensionless,0.3,0.34,0.040000000000000036,-0.040000000000000036,true,11aa5a73e6c94619ee0936c00f314e71f4612c787985dfa440a3bb9914b435b6
fgf2,a008753c184c079c63fde7b94cc50e1f3f2a9ab0213ef84bd3c708d3ca302617,masked_substitution,7c6649c00e204a0854a5a8a8733502d20504ce9da524b28ae5329d58e5d61e54,primary_parent,d1969ec3fedb2d0993151dc0c97d4dd5cb0efe5e809ba1a5f8715959deed7605,toxinpred3_label,categorical,true,same_frozen_label_contract,audit,label,Non-Toxin,Non-Toxin,,,false,cc9439b4a049cc3973032f00289078f8ec9ed7779d05f48e1d6ec0e368373ccf
fgf2,a8cac4f1d467247ba85790d52148406ae076a6880c1157d58f06fe1528a0fd46,masked_substitution,b3a7b200b0a945722cac662e27d963315863e84dcb4ed5c9a6cae7a09e26bdb0,primary_parent,d1969ec3fedb2d0993151dc0c97d4dd5cb0efe5e809ba1a5f8715959deed7605,amp_read_log10_mic_um,numeric,true,same_frozen_numeric_contract,minimize,log10(uM),2.211254973534783,2.070443060844794,-0.14081191268998872,0.14081191268998872,true,247728a4ddde65e8668ee341673b524508bd9740937bcf05a0b55f552671124d
fgf2,a8cac4f1d467247ba85790d52148406ae076a6880c1157d58f06fe1528a0fd46,masked_substitution,b3a7b200b0a945722cac662e27d963315863e84dcb4ed5c9a6cae7a09e26bdb0,primary_parent,d1969ec3fedb2d0993151dc0c97d4dd5cb0efe5e809ba1a5f8715959deed7605,guruprasad_instability_index,numeric,true,same_frozen_numeric_contract,minimize,index,28.93913,-4.339130434782609,-33.27826043478261,33.27826043478261,true,b1fb7671dddad655385e4a591b329eae3eb2b00f03001dd3ec0b92df90a698c1
fgf2,a8cac4f1d467247ba85790d52148406ae076a6880c1157d58f06fe1528a0fd46,masked_substitution,b3a7b200b0a945722cac662e27d963315863e84dcb4ed5c9a6cae7a09e26bdb0,primary_parent,d1969ec3fedb2d0993151dc0c97d4dd5cb0efe5e809ba1a5f8715959deed7605,hydrophobic_moment_eisenberg,numeric,false,audit_metric_has_no_monotonic_improvement_direction,audit,dimensionless,0.03702862230433381,0.10577904718678753,0.06875042488245373,,true,8ed845227c7cdcd78330cd32a48e79b79552a8919ab37d5358a49b75607faefa
fgf2,a8cac4f1d467247ba85790d52148406ae076a6880c1157d58f06fe1528a0fd46,masked_substitution,b3a7b200b0a945722cac662e27d963315863e84dcb4ed5c9a6cae7a09e26bdb0,primary_parent,d1969ec3fedb2d0993151dc0c97d4dd5cb0efe5e809ba1a5f8715959deed7605,hydrophobic_ratio_modlamp,numeric,false,audit_metric_has_no_monotonic_improvement_direction,audit,fraction,0.08695652173913043,0.13043478260869565,0.043478260869565216,,true,3002cc47c7aa03fba06ecc72d5e0db69685bab5be6a4f129638ecc1e73c2855f
fgf2,a8cac4f1d467247ba85790d52148406ae076a6880c1157d58f06fe1528a0fd46,masked_substitution,b3a7b200b0a945722cac662e27d963315863e84dcb4ed5c9a6cae7a09e26bdb0,primary_parent,d1969ec3fedb2d0993151dc0c97d4dd5cb0efe5e809ba1a5f8715959deed7605,llamp_log10_mic_um,numeric,true,same_frozen_numeric_contract,minimize,log10(uM),1.0719242095947266,1.123478889465332,0.05155467987060547,-0.05155467987060547,true,9127c143326eb08bd6cb30986f3893927c2f6374286e5e4aa316a5b5c722e056
fgf2,a8cac4f1d467247ba85790d52148406ae076a6880c1157d58f06fe1528a0fd46,masked_substitution,b3a7b200b0a945722cac662e27d963315863e84dcb4ed5c9a6cae7a09e26bdb0,primary_parent,d1969ec3fedb2d0993151dc0c97d4dd5cb0efe5e809ba1a5f8715959deed7605,macrel_amp_probability,numeric,true,same_frozen_numeric_contract,maximize,probability,0.248,0.277,0.029000000000000026,0.029000000000000026,true,da50d72f570161f4d44b8561bca115688f2e7bde4c3d51d38fbc0d54e06d22a2
fgf2,a8cac4f1d467247ba85790d52148406ae076a6880c1157d58f06fe1528a0fd46,masked_substitution,b3a7b200b0a945722cac662e27d963315863e84dcb4ed5c9a6cae7a09e26bdb0,primary_parent,d1969ec3fedb2d0993151dc0c97d4dd5cb0efe5e809ba1a5f8715959deed7605,macrel_hemolysis_label,categorical,true,same_frozen_label_contract,audit,label,low,low,,,false,9b694c10aca79afcd61a6b2e2660d4489febab81908c727957c8280c0c0f3080
fgf2,a8cac4f1d467247ba85790d52148406ae076a6880c1157d58f06fe1528a0fd46,masked_substitution,b3a7b200b0a945722cac662e27d963315863e84dcb4ed5c9a6cae7a09e26bdb0,primary_parent,d1969ec3fedb2d0993151dc0c97d4dd5cb0efe5e809ba1a5f8715959deed7605,macrel_hemolysis_probability,numeric,true,same_frozen_numeric_contract,minimize,probability,0.347,0.426,0.07900000000000001,-0.07900000000000001,true,f1258c2be081a922f07ad34bedeb66903e4708e2e0cb0be1054380f9d37143c3
fgf2,a8cac4f1d467247ba85790d52148406ae076a6880c1157d58f06fe1528a0fd46,masked_substitution,b3a7b200b0a945722cac662e27d963315863e84dcb4ed5c9a6cae7a09e26bdb0,primary_parent,d1969ec3fedb2d0993151dc0c97d4dd5cb0efe5e809ba1a5f8715959deed7605,maximum_hydrophobic_run,numeric,true,same_frozen_numeric_contract,minimize,residues,1.0,1.0,0.0,-0.0,false,4801ada3b989312653581bc41d9b9fe784e659059bb239ee3cdd257fdeef6f88
fgf2,a8cac4f1d467247ba85790d52148406ae076a6880c1157d58f06fe1528a0fd46,masked_substitution,b3a7b200b0a945722cac662e27d963315863e84dcb4ed5c9a6cae7a09e26bdb0,primary_parent,d1969ec3fedb2d0993151dc0c97d4dd5cb0efe5e809ba1a5f8715959deed7605,net_charge_ph7_4,numeric,false,audit_metric_has_no_monotonic_improvement_direction,audit,elementary_charge,10.025,9.025,-1.0,,true,7c5f6fd42447253fb4ff2cab1b298c27b182309b734b2cca7c57454fad216ddd
fgf2,a8cac4f1d467247ba85790d52148406ae076a6880c1157d58f06fe1528a0fd46,masked_substitution,b3a7b200b0a945722cac662e27d963315863e84dcb4ed5c9a6cae7a09e26bdb0,primary_parent,d1969ec3fedb2d0993151dc0c97d4dd5cb0efe5e809ba1a5f8715959deed7605,toxinpred3_hybrid_score,numeric,true,same_frozen_numeric_contract,minimize,dimensionless,0.3,0.325,0.025000000000000022,-0.025000000000000022,true,e63b185ee540fbef8155fdd19c8e875e24f95fdb574f580456c42f045c27217e
fgf2,a8cac4f1d467247ba85790d52148406ae076a6880c1157d58f06fe1528a0fd46,masked_substitution,b3a7b200b0a945722cac662e27d963315863e84dcb4ed5c9a6cae7a09e26bdb0,primary_parent,d1969ec3fedb2d0993151dc0c97d4dd5cb0efe5e809ba1a5f8715959deed7605,toxinpred3_label,categorical,true,same_frozen_label_contract,audit,label,Non-Toxin,Non-Toxin,,,false,cd61e889548a87837df252a943b0450c0339232823820721e0aa7009c1374886
fgf2,f6bc88faa81801082b83ac903adc5e4894214d6816eb223bd5fe15e62e469590,masked_substitution,128d43bf89f44a3c93714c93229dea70a88b565354f54a9df80b72b12160d4b9,primary_parent,d1969ec3fedb2d0993151dc0c97d4dd5cb0efe5e809ba1a5f8715959deed7605,amp_read_log10_mic_um,numeric,true,same_frozen_numeric_contract,minimize,log10(uM),2.211254973534783,2.0939877319620503,-0.1172672415727325,0.1172672415727325,true,3f76a765fca9d887a52fe8bcf8cf86b9c684a9ea51f9827228f554dbccd17d90
fgf2,f6bc88faa81801082b83ac903adc5e4894214d6816eb223bd5fe15e62e469590,masked_substitution,128d43bf89f44a3c93714c93229dea70a88b565354f54a9df80b72b12160d4b9,primary_parent,d1969ec3fedb2d0993151dc0c97d4dd5cb0efe5e809ba1a5f8715959deed7605,guruprasad_instability_index,numeric,true,same_frozen_numeric_contract,minimize,index,28.93913,-8.030434782608696,-36.96956478260869,36.96956478260869,true,db8e100b1d04766f1c48afd0ce3700a5fd835b7bb41116a1aa8c310e37942434
fgf2,f6bc88faa81801082b83ac903adc5e4894214d6816eb223bd5fe15e62e469590,masked_substitution,128d43bf89f44a3c93714c93229dea70a88b565354f54a9df80b72b12160d4b9,primary_parent,d1969ec3fedb2d0993151dc0c97d4dd5cb0efe5e809ba1a5f8715959deed7605,hydrophobic_moment_eisenberg,numeric,false,audit_metric_has_no_monotonic_improvement_direction,audit,dimensionless,0.03702862230433381,0.1392630654625755,0.10223444315824168,,true,f84d8ab3331f1f8d6c3b65a72a7e0e0f0b2de33338fb681784f99ae00eee5011
fgf2,f6bc88faa81801082b83ac903adc5e4894214d6816eb223bd5fe15e62e469590,masked_substitution,128d43bf89f44a3c93714c93229dea70a88b565354f54a9df80b72b12160d4b9,primary_parent,d1969ec3fedb2d0993151dc0c97d4dd5cb0efe5e809ba1a5f8715959deed7605,hydrophobic_ratio_modlamp,numeric,false,audit_metric_has_no_monotonic_improvement_direction,audit,fraction,0.08695652173913043,0.13043478260869565,0.043478260869565216,,true,4cbc8dbc5a5efc948ca42e07962824e8da57a3a0e370c8f98bcea39fdcc135c6
fgf2,f6bc88faa81801082b83ac903adc5e4894214d6816eb223bd5fe15e62e469590,masked_substitution,128d43bf89f44a3c93714c93229dea70a88b565354f54a9df80b72b12160d4b9,primary_parent,d1969ec3fedb2d0993151dc0c97d4dd5cb0efe5e809ba1a5f8715959deed7605,llamp_log10_mic_um,numeric,true,same_frozen_numeric_contract,minimize,log10(uM),1.0719242095947266,1.2560091018676758,0.18408489227294922,-0.18408489227294922,true,06170a4ba0aa443ed8ca9cc7f1c584b2ccb9823d03292ce6e38507be83b9c3bf
fgf2,f6bc88faa81801082b83ac903adc5e4894214d6816eb223bd5fe15e62e469590,masked_substitution,128d43bf89f44a3c93714c93229dea70a88b565354f54a9df80b72b12160d4b9,primary_parent,d1969ec3fedb2d0993151dc0c97d4dd5cb0efe5e809ba1a5f8715959deed7605,macrel_amp_probability,numeric,true,same_frozen_numeric_contract,maximize,probability,0.248,0.277,0.029000000000000026,0.029000000000000026,true,9d7177ad20a54226537fedddf41ae9625c3dd849aa043f9a70403a36cd173d9a
fgf2,f6bc88faa81801082b83ac903adc5e4894214d6816eb223bd5fe15e62e469590,masked_substitution,128d43bf89f44a3c93714c93229dea70a88b565354f54a9df80b72b12160d4b9,primary_parent,d1969ec3fedb2d0993151dc0c97d4dd5cb0efe5e809ba1a5f8715959deed7605,macrel_hemolysis_label,categorical,true,same_frozen_label_contract,audit,label,low,low,,,false,61904a48487f3ea1a29018e2e0e6cff97f643b4786910df900397bb731296072
fgf2,f6bc88faa81801082b83ac903adc5e4894214d6816eb223bd5fe15e62e469590,masked_substitution,128d43bf89f44a3c93714c93229dea70a88b565354f54a9df80b72b12160d4b9,primary_parent,d1969ec3fedb2d0993151dc0c97d4dd5cb0efe5e809ba1a5f8715959deed7605,macrel_hemolysis_probability,numeric,true,same_frozen_numeric_contract,minimize,probability,0.347,0.446,0.09900000000000003,-0.09900000000000003,true,d2a027f615e08802c58fce2a8286a2c34238c8d82bc14817b3ceb03ec55c40e0
fgf2,f6bc88faa81801082b83ac903adc5e4894214d6816eb223bd5fe15e62e469590,masked_substitution,128d43bf89f44a3c93714c93229dea70a88b565354f54a9df80b72b12160d4b9,primary_parent,d1969ec3fedb2d0993151dc0c97d4dd5cb0efe5e809ba1a5f8715959deed7605,maximum_hydrophobic_run,numeric,true,same_frozen_numeric_contract,minimize,residues,1.0,1.0,0.0,-0.0,false,75de3d882f991b07216183276fb248da171fe0b41947bc97167cdbf519021c39
fgf2,f6bc88faa81801082b83ac903adc5e4894214d6816eb223bd5fe15e62e469590,masked_substitution,128d43bf89f44a3c93714c93229dea70a88b565354f54a9df80b72b12160d4b9,primary_parent,d1969ec3fedb2d0993151dc0c97d4dd5cb0efe5e809ba1a5f8715959deed7605,net_charge_ph7_4,numeric,false,audit_metric_has_no_monotonic_improvement_direction,audit,elementary_charge,10.025,9.025,-1.0,,true,eee4722ef14b69818ef8e5f6147750015bc49c71891f91addb3f28a48e7c2c49
fgf2,f6bc88faa81801082b83ac903adc5e4894214d6816eb223bd5fe15e62e469590,masked_substitution,128d43bf89f44a3c93714c93229dea70a88b565354f54a9df80b72b12160d4b9,primary_parent,d1969ec3fedb2d0993151dc0c97d4dd5cb0efe5e809ba1a5f8715959deed7605,toxinpred3_hybrid_score,numeric,true,same_frozen_numeric_contract,minimize,dimensionless,0.3,0.38,0.08000000000000002,-0.08000000000000002,true,dbe1d440b2e5cbe1b0c3b08cf033d2a7254c7175be34b2e89bfaf97b9eef57d3
fgf2,f6bc88faa81801082b83ac903adc5e4894214d6816eb223bd5fe15e62e469590,masked_substitution,128d43bf89f44a3c93714c93229dea70a88b565354f54a9df80b72b12160d4b9,primary_parent,d1969ec3fedb2d0993151dc0c97d4dd5cb0efe5e809ba1a5f8715959deed7605,toxinpred3_label,categorical,true,same_frozen_label_contract,audit,label,Non-Toxin,Non-Toxin,,,false,8fd63fbe1137c7936c2b9d849fce3134e3696d137b0bc267033443595766d3dc
fgf2,687f6cfb3e9cdbb081a5bacc777fd778b8c0f135fd91f721b805dbe10dfa35a0,masked_substitution,5bb9cde089aa1eb2ff6d37334c00b14db4b2fb2819ff36aae4cd4098c0f4032f,primary_parent,d1969ec3fedb2d0993151dc0c97d4dd5cb0efe5e809ba1a5f8715959deed7605,amp_read_log10_mic_um,numeric,true,same_frozen_numeric_contract,minimize,log10(uM),2.211254973534783,2.135189167065202,-0.07606580646958072,0.07606580646958072,true,3494a1cddaeb6ab5aba0696036985b31a64da369ca2e6d78710febc01ca0ef47
fgf2,687f6cfb3e9cdbb081a5bacc777fd778b8c0f135fd91f721b805dbe10dfa35a0,masked_substitution,5bb9cde089aa1eb2ff6d37334c00b14db4b2fb2819ff36aae4cd4098c0f4032f,primary_parent,d1969ec3fedb2d0993151dc0c97d4dd5cb0efe5e809ba1a5f8715959deed7605,guruprasad_instability_index,numeric,true,same_frozen_numeric_contract,minimize,index,28.93913,-8.030434782608696,-36.96956478260869,36.96956478260869,true,01352a703b0cf8d41e7890079c5f69a4c64aebbf070ef2a907837d1d23145d51
fgf2,687f6cfb3e9cdbb081a5bacc777fd778b8c0f135fd91f721b805dbe10dfa35a0,masked_substitution,5bb9cde089aa1eb2ff6d37334c00b14db4b2fb2819ff36aae4cd4098c0f4032f,primary_parent,d1969ec3fedb2d0993151dc0c97d4dd5cb0efe5e809ba1a5f8715959deed7605,hydrophobic_moment_eisenberg,numeric,false,audit_metric_has_no_monotonic_improvement_direction,audit,dimensionless,0.03702862230433381,0.12635751871697617,0.08932889641264236,,true,ae2f0937da85e92890b2640f2ef46528840cb2b324b67f77e009b7faa6190012
fgf2,687f6cfb3e9cdbb081a5bacc777fd778b8c0f135fd91f721b805dbe10dfa35a0,masked_substitution,5bb9cde089aa1eb2ff6d37334c00b14db4b2fb2819ff36aae4cd4098c0f4032f,primary_parent,d1969ec3fedb2d0993151dc0c97d4dd5cb0efe5e809ba1a5f8715959deed7605,hydrophobic_ratio_modlamp,numeric,false,audit_metric_has_no_monotonic_improvement_direction,audit,fraction,0.08695652173913043,0.13043478260869565,0.043478260869565216,,true,5b8c28d8f87fed14612acb37ead044bb0c0a029905e7bd94afd5962b9c847815
fgf2,687f6cfb3e9cdbb081a5bacc777fd778b8c0f135fd91f721b805dbe10dfa35a0,masked_substitution,5bb9cde089aa1eb2ff6d37334c00b14db4b2fb2819ff36aae4cd4098c0f4032f,primary_parent,d1969ec3fedb2d0993151dc0c97d4dd5cb0efe5e809ba1a5f8715959deed7605,llamp_log10_mic_um,numeric,true,same_frozen_numeric_contract,minimize,log10(uM),1.0719242095947266,1.2162936925888062,0.1443694829940796,-0.1443694829940796,true,7ae8e2f0e4aa6493203e015e67d8546f69e50e9525de75f780c80815f015dcc0
fgf2,687f6cfb3e9cdbb081a5bacc777fd778b8c0f135fd91f721b805dbe10dfa35a0,masked_substitution,5bb9cde089aa1eb2ff6d37334c00b14db4b2fb2819ff36aae4cd4098c0f4032f,primary_parent,d1969ec3fedb2d0993151dc0c97d4dd5cb0efe5e809ba1a5f8715959deed7605,macrel_amp_probability,numeric,true,same_frozen_numeric_contract,maximize,probability,0.248,0.277,0.029000000000000026,0.029000000000000026,true,25d26caa041bdba837922704ad5a82962b2990bec6102d3bb3a627b559bba7e5
fgf2,687f6cfb3e9cdbb081a5bacc777fd778b8c0f135fd91f721b805dbe10dfa35a0,masked_substitution,5bb9cde089aa1eb2ff6d37334c00b14db4b2fb2819ff36aae4cd4098c0f4032f,primary_parent,d1969ec3fedb2d0993151dc0c97d4dd5cb0efe5e809ba1a5f8715959deed7605,macrel_hemolysis_label,categorical,true,same_frozen_label_contract,audit,label,low,low,,,false,106345e996e3e17c87ce500b19492574d5141b3cf95328b8297bce50080c6037
fgf2,687f6cfb3e9cdbb081a5bacc777fd778b8c0f135fd91f721b805dbe10dfa35a0,masked_substitution,5bb9cde089aa1eb2ff6d37334c00b14db4b2fb2819ff36aae4cd4098c0f4032f,primary_parent,d1969ec3fedb2d0993151dc0c97d4dd5cb0efe5e809ba1a5f8715959deed7605,macrel_hemolysis_probability,numeric,true,same_frozen_numeric_contract,minimize,probability,0.347,0.446,0.09900000000000003,-0.09900000000000003,true,29dba3c4f11d9667373a8e22e3d80b7511ca3ec664e33774e0d1227915e2dd59
fgf2,687f6cfb3e9cdbb081a5bacc777fd778b8c0f135fd91f721b805dbe10dfa35a0,masked_substitution,5bb9cde089aa1eb2ff6d37334c00b14db4b2fb2819ff36aae4cd4098c0f4032f,primary_parent,d1969ec3fedb2d0993151dc0c97d4dd5cb0efe5e809ba1a5f8715959deed7605,maximum_hydrophobic_run,numeric,true,same_frozen_numeric_contract,minimize,residues,1.0,1.0,0.0,-0.0,false,8aca20593ace904283dec49daea236c0bfa168537c30e7e75fb7ed09757e7fbe
fgf2,687f6cfb3e9cdbb081a5bacc777fd778b8c0f135fd91f721b805dbe10dfa35a0,masked_substitution,5bb9cde089aa1eb2ff6d37334c00b14db4b2fb2819ff36aae4cd4098c0f4032f,primary_parent,d1969ec3fedb2d0993151dc0c97d4dd5cb0efe5e809ba1a5f8715959deed7605,net_charge_ph7_4,numeric,false,audit_metric_has_no_monotonic_improvement_direction,audit,elementary_charge,10.025,9.025,-1.0,,true,0221375090bf1c8f76d9f39d7513014122fdbfffd51f8d291aca8c9e25385685
fgf2,687f6cfb3e9cdbb081a5bacc777fd778b8c0f135fd91f721b805dbe10dfa35a0,masked_substitution,5bb9cde089aa1eb2ff6d37334c00b14db4b2fb2819ff36aae4cd4098c0f4032f,primary_parent,d1969ec3fedb2d0993151dc0c97d4dd5cb0efe5e809ba1a5f8715959deed7605,toxinpred3_hybrid_score,numeric,true,same_frozen_numeric_contract,minimize,dimensionless,0.3,0.375,0.07500000000000001,-0.07500000000000001,true,e7276c787a542afaf1eaada9a555fc51c91c773f246112804b94e727d630387e
fgf2,687f6cfb3e9cdbb081a5bacc777fd778b8c0f135fd91f721b805dbe10dfa35a0,masked_substitution,5bb9cde089aa1eb2ff6d37334c00b14db4b2fb2819ff36aae4cd4098c0f4032f,primary_parent,d1969ec3fedb2d0993151dc0c97d4dd5cb0efe5e809ba1a5f8715959deed7605,toxinpred3_label,categorical,true,same_frozen_label_contract,audit,label,Non-Toxin,Non-Toxin,,,false,733ad2dad7b1f58629ece3045241d64a1d071b77b738a90b31d858fba0d5785f
fgf2,86193726caa97bb4b877b5bd6c4f0e348c2b5d8e822e4b5cbc9aeedfac211d1f,masked_substitution,73d55dc9113183c9c7f2add7e395bc5020a4c8e08c33c91fd06b614b1a5d0b86,primary_parent,d1969ec3fedb2d0993151dc0c97d4dd5cb0efe5e809ba1a5f8715959deed7605,amp_read_log10_mic_um,numeric,true,same_frozen_numeric_contract,minimize,log10(uM),2.211254973534783,2.1399011700135877,-0.07135380352119514,0.07135380352119514,true,5d2bd4fd537a80b20c7171826a292d61fc8b55668e886eb04ce9ff68cc1b74fe
fgf2,86193726caa97bb4b877b5bd6c4f0e348c2b5d8e822e4b5cbc9aeedfac211d1f,masked_substitution,73d55dc9113183c9c7f2add7e395bc5020a4c8e08c33c91fd06b614b1a5d0b86,primary_parent,d1969ec3fedb2d0993151dc0c97d4dd5cb0efe5e809ba1a5f8715959deed7605,guruprasad_instability_index,numeric,true,same_frozen_numeric_contract,minimize,index,28.93913,-8.030434782608696,-36.96956478260869,36.96956478260869,true,5e40b796d35dce9560713b40e8f77c2ea795940270a44f13a2623b8e949b6e1f
fgf2,86193726caa97bb4b877b5bd6c4f0e348c2b5d8e822e4b5cbc9aeedfac211d1f,masked_substitution,73d55dc9113183c9c7f2add7e395bc5020a4c8e08c33c91fd06b614b1a5d0b86,primary_parent,d1969ec3fedb2d0993151dc0c97d4dd5cb0efe5e809ba1a5f8715959deed7605,hydrophobic_moment_eisenberg,numeric,false,audit_metric_has_no_monotonic_improvement_direction,audit,dimensionless,0.03702862230433381,0.12635751871697617,0.08932889641264236,,true,999c43fd76454cc0fb3593182ada1e2534fa5660f7edd31295fe2335efe356a5
fgf2,86193726caa97bb4b877b5bd6c4f0e348c2b5d8e822e4b5cbc9aeedfac211d1f,masked_substitution,73d55dc9113183c9c7f2add7e395bc5020a4c8e08c33c91fd06b614b1a5d0b86,primary_parent,d1969ec3fedb2d0993151dc0c97d4dd5cb0efe5e809ba1a5f8715959deed7605,hydrophobic_ratio_modlamp,numeric,false,audit_metric_has_no_monotonic_improvement_direction,audit,fraction,0.08695652173913043,0.13043478260869565,0.043478260869565216,,true,588ea518570721f88d89805cbfa4bb16ba2a2a6fc51fc04eca8edba4a8ead80e
fgf2,86193726caa97bb4b877b5bd6c4f0e348c2b5d8e822e4b5cbc9aeedfac211d1f,masked_substitution,73d55dc9113183c9c7f2add7e395bc5020a4c8e08c33c91fd06b614b1a5d0b86,primary_parent,d1969ec3fedb2d0993151dc0c97d4dd5cb0efe5e809ba1a5f8715959deed7605,llamp_log10_mic_um,numeric,true,same_frozen_numeric_contract,minimize,log10(uM),1.0719242095947266,1.2820581197738647,0.21013391017913818,-0.21013391017913818,true,aa6cefc29d41544a8e1da739e13a0b0e46c2e5ef7d21fa6968157b1831674118
fgf2,86193726caa97bb4b877b5bd6c4f0e348c2b5d8e822e4b5cbc9aeedfac211d1f,masked_substitution,73d55dc9113183c9c7f2add7e395bc5020a4c8e08c33c91fd06b614b1a5d0b86,primary_parent,d1969ec3fedb2d0993151dc0c97d4dd5cb0efe5e809ba1a5f8715959deed7605,macrel_amp_probability,numeric,true,same_frozen_numeric_contract,maximize,probability,0.248,0.277,0.029000000000000026,0.029000000000000026,true,7ef9e9a1d26aa736e144e6f773863619c8069a60a7ed920ce050d4c4831b5469
fgf2,86193726caa97bb4b877b5bd6c4f0e348c2b5d8e822e4b5cbc9aeedfac211d1f,masked_substitution,73d55dc9113183c9c7f2add7e395bc5020a4c8e08c33c91fd06b614b1a5d0b86,primary_parent,d1969ec3fedb2d0993151dc0c97d4dd5cb0efe5e809ba1a5f8715959deed7605,macrel_hemolysis_label,categorical,true,same_frozen_label_contract,audit,label,low,low,,,false,cfa04d5c40c524cb109e41f5b9e89195d82d13f06e135b3aea19c30ec18fbe18
fgf2,86193726caa97bb4b877b5bd6c4f0e348c2b5d8e822e4b5cbc9aeedfac211d1f,masked_substitution,73d55dc9113183c9c7f2add7e395bc5020a4c8e08c33c91fd06b614b1a5d0b86,primary_parent,d1969ec3fedb2d0993151dc0c97d4dd5cb0efe5e809ba1a5f8715959deed7605,macrel_hemolysis_probability,numeric,true,same_frozen_numeric_contract,minimize,probability,0.347,0.426,0.07900000000000001,-0.07900000000000001,true,d5b78bc9418a75c52e2d4bcf9c31f3d638945a847ca256b28cab67fdc33831cb
fgf2,86193726caa97bb4b877b5bd6c4f0e348c2b5d8e822e4b5cbc9aeedfac211d1f,masked_substitution,73d55dc9113183c9c7f2add7e395bc5020a4c8e08c33c91fd06b614b1a5d0b86,primary_parent,d1969ec3fedb2d0993151dc0c97d4dd5cb0efe5e809ba1a5f8715959deed7605,maximum_hydrophobic_run,numeric,true,same_frozen_numeric_contract,minimize,residues,1.0,1.0,0.0,-0.0,false,47dd55cf63fe640c4b4662415ce4d9f44fe24939b42a864cabc8cc92ef152b97
fgf2,86193726caa97bb4b877b5bd6c4f0e348c2b5d8e822e4b5cbc9aeedfac211d1f,masked_substitution,73d55dc9113183c9c7f2add7e395bc5020a4c8e08c33c91fd06b614b1a5d0b86,primary_parent,d1969ec3fedb2d0993151dc0c97d4dd5cb0efe5e809ba1a5f8715959deed7605,net_charge_ph7_4,numeric,false,audit_metric_has_no_monotonic_improvement_direction,audit,elementary_charge,10.025,9.025,-1.0,,true,75a9165bd0ae627c86450dad78daa5ba07a53d88c2e232d850d38fd4a3972eef
fgf2,86193726caa97bb4b877b5bd6c4f0e348c2b5d8e822e4b5cbc9aeedfac211d1f,masked_substitution,73d55dc9113183c9c7f2add7e395bc5020a4c8e08c33c91fd06b614b1a5d0b86,primary_parent,d1969ec3fedb2d0993151dc0c97d4dd5cb0efe5e809ba1a5f8715959deed7605,toxinpred3_hybrid_score,numeric,true,same_frozen_numeric_contract,minimize,dimensionless,0.3,0.365,0.065,-0.065,true,b16d929e5c05c9243b9668331868610f8f748585adfefd01d6d26ac37fbe17a6
fgf2,86193726caa97bb4b877b5bd6c4f0e348c2b5d8e822e4b5cbc9aeedfac211d1f,masked_substitution,73d55dc9113183c9c7f2add7e395bc5020a4c8e08c33c91fd06b614b1a5d0b86,primary_parent,d1969ec3fedb2d0993151dc0c97d4dd5cb0efe5e809ba1a5f8715959deed7605,toxinpred3_label,categorical,true,same_frozen_label_contract,audit,label,Non-Toxin,Non-Toxin,,,false,6e3b96572da342b8d238afdc1fda116f40ba1e2eccfd5c700ce76600b7218275
fgf2,ab40d2594e47ebc12fa8dcea649e5362985b766f663f75dc3b89dd47d2bfd55c,masked_substitution,b74f9adbef2fa0fd9c0b29a989db491d0cfc878d51b9804d62a7428b691457ac,primary_parent,d1969ec3fedb2d0993151dc0c97d4dd5cb0efe5e809ba1a5f8715959deed7605,amp_read_log10_mic_um,numeric,true,same_frozen_numeric_contract,minimize,log10(uM),2.211254973534783,1.8509893691272497,-0.3602656044075332,0.3602656044075332,true,b652d52ece8c6b2dffb0aedee2bbaede0a6aa2cee637bcc5c25030cc465cbabe
fgf2,ab40d2594e47ebc12fa8dcea649e5362985b766f663f75dc3b89dd47d2bfd55c,masked_substitution,b74f9adbef2fa0fd9c0b29a989db491d0cfc878d51b9804d62a7428b691457ac,primary_parent,d1969ec3fedb2d0993151dc0c97d4dd5cb0efe5e809ba1a5f8715959deed7605,guruprasad_instability_index,numeric,true,same_frozen_numeric_contract,minimize,index,28.93913,1.460869565217391,-27.47826043478261,27.47826043478261,true,579eece43eab7ac581f778ec81093f6edec57b936b1b608226115b1b720b5948
fgf2,ab40d2594e47ebc12fa8dcea649e5362985b766f663f75dc3b89dd47d2bfd55c,masked_substitution,b74f9adbef2fa0fd9c0b29a989db491d0cfc878d51b9804d62a7428b691457ac,primary_parent,d1969ec3fedb2d0993151dc0c97d4dd5cb0efe5e809ba1a5f8715959deed7605,hydrophobic_moment_eisenberg,numeric,false,audit_metric_has_no_monotonic_improvement_direction,audit,dimensionless,0.03702862230433381,0.04055887572914562,0.003530253424811808,,true,83836ffabff9180cdc6680ce2a728d11c6364c3e2d539cc3b8333dec24711063
fgf2,ab40d2594e47ebc12fa8dcea649e5362985b766f663f75dc3b89dd47d2bfd55c,masked_substitution,b74f9adbef2fa0fd9c0b29a989db491d0cfc878d51b9804d62a7428b691457ac,primary_parent,d1969ec3fedb2d0993151dc0c97d4dd5cb0efe5e809ba1a5f8715959deed7605,hydrophobic_ratio_modlamp,numeric,false,audit_metric_has_no_monotonic_improvement_direction,audit,fraction,0.08695652173913043,0.13043478260869565,0.043478260869565216,,true,fe754e359964843855c772df8e99039130aa081437d8febf02f59eefd5011b73
fgf2,ab40d2594e47ebc12fa8dcea649e5362985b766f663f75dc3b89dd47d2bfd55c,masked_substitution,b74f9adbef2fa0fd9c0b29a989db491d0cfc878d51b9804d62a7428b691457ac,primary_parent,d1969ec3fedb2d0993151dc0c97d4dd5cb0efe5e809ba1a5f8715959deed7605,llamp_log10_mic_um,numeric,true,same_frozen_numeric_contract,minimize,log10(uM),1.0719242095947266,1.1155145168304443,0.04359030723571777,-0.04359030723571777,true,7f54358838563f8fb0b12b411e2b9ad2247a65ce4913e3f32e1ded111149357f
fgf2,ab40d2594e47ebc12fa8dcea649e5362985b766f663f75dc3b89dd47d2bfd55c,masked_substitution,b74f9adbef2fa0fd9c0b29a989db491d0cfc878d51b9804d62a7428b691457ac,primary_parent,d1969ec3fedb2d0993151dc0c97d4dd5cb0efe5e809ba1a5f8715959deed7605,macrel_amp_probability,numeric,true,same_frozen_numeric_contract,maximize,probability,0.248,0.337,0.08900000000000002,0.08900000000000002,true,a08284aadc54d1f00fa0c49ddd4b746e613070548a9c084e0aa6f4d1cb7e8b3e
fgf2,ab40d2594e47ebc12fa8dcea649e5362985b766f663f75dc3b89dd47d2bfd55c,masked_substitution,b74f9adbef2fa0fd9c0b29a989db491d0cfc878d51b9804d62a7428b691457ac,primary_parent,d1969ec3fedb2d0993151dc0c97d4dd5cb0efe5e809ba1a5f8715959deed7605,macrel_hemolysis_label,categorical,true,same_frozen_label_contract,audit,label,low,low,,,false,1d64a277c4080a76f17d038d2e0bcf28f6e412a29d564d3c2f254ce8431e3eb0
fgf2,ab40d2594e47ebc12fa8dcea649e5362985b766f663f75dc3b89dd47d2bfd55c,masked_substitution,b74f9adbef2fa0fd9c0b29a989db491d0cfc878d51b9804d62a7428b691457ac,primary_parent,d1969ec3fedb2d0993151dc0c97d4dd5cb0efe5e809ba1a5f8715959deed7605,macrel_hemolysis_probability,numeric,true,same_frozen_numeric_contract,minimize,probability,0.347,0.406,0.05900000000000005,-0.05900000000000005,true,d1e28a9a49fea59c3db41bee1751cfa03f7d3ede9eecff9096a26ce5171e8786
fgf2,ab40d2594e47ebc12fa8dcea649e5362985b766f663f75dc3b89dd47d2bfd55c,masked_substitution,b74f9adbef2fa0fd9c0b29a989db491d0cfc878d51b9804d62a7428b691457ac,primary_parent,d1969ec3fedb2d0993151dc0c97d4dd5cb0efe5e809ba1a5f8715959deed7605,maximum_hydrophobic_run,numeric,true,same_frozen_numeric_contract,minimize,residues,1.0,1.0,0.0,-0.0,false,98707aace7a13d0b749598eb4b71bed774feb1cd39786eaa4d7cba8e1636086e
fgf2,ab40d2594e47ebc12fa8dcea649e5362985b766f663f75dc3b89dd47d2bfd55c,masked_substitution,b74f9adbef2fa0fd9c0b29a989db491d0cfc878d51b9804d62a7428b691457ac,primary_parent,d1969ec3fedb2d0993151dc0c97d4dd5cb0efe5e809ba1a5f8715959deed7605,net_charge_ph7_4,numeric,false,audit_metric_has_no_monotonic_improvement_direction,audit,elementary_charge,10.025,10.025,0.0,,false,3e91a9494c416120af714fb435e4f8a5cbfb693ee3f8bf43b035b65b2b632106
fgf2,ab40d2594e47ebc12fa8dcea649e5362985b766f663f75dc3b89dd47d2bfd55c,masked_substitution,b74f9adbef2fa0fd9c0b29a989db491d0cfc878d51b9804d62a7428b691457ac,primary_parent,d1969ec3fedb2d0993151dc0c97d4dd5cb0efe5e809ba1a5f8715959deed7605,toxinpred3_hybrid_score,numeric,true,same_frozen_numeric_contract,minimize,dimensionless,0.3,0.32,0.020000000000000018,-0.020000000000000018,true,c5a5be999f22961bb7debfdc9adf8db9dd583885486df0237f674a39a729f32f
fgf2,ab40d2594e47ebc12fa8dcea649e5362985b766f663f75dc3b89dd47d2bfd55c,masked_substitution,b74f9adbef2fa0fd9c0b29a989db491d0cfc878d51b9804d62a7428b691457ac,primary_parent,d1969ec3fedb2d0993151dc0c97d4dd5cb0efe5e809ba1a5f8715959deed7605,toxinpred3_label,categorical,true,same_frozen_label_contract,audit,label,Non-Toxin,Non-Toxin,,,false,688c0dd99ad6fa966163e35427410e091b49e0d2dffd66b9ac03ffbb4986d6ee
fgf2,a5b36ab72eb1a33377e307fe16937c22482d9f2aff81731529fd869b21402ef2,masked_substitution,0f2f72363588be2386e573c4313d3b7a10c105d22982418d289ce9103b2f3e57,primary_parent,d1969ec3fedb2d0993151dc0c97d4dd5cb0efe5e809ba1a5f8715959deed7605,amp_read_log10_mic_um,numeric,true,same_frozen_numeric_contract,minimize,log10(uM),2.211254973534783,1.99272995939935,-0.2185250141354329,0.2185250141354329,true,8400252b65032e8788a878a4d410bfccb5ff36984ad1d15c18e03b1ecdb395e4
fgf2,a5b36ab72eb1a33377e307fe16937c22482d9f2aff81731529fd869b21402ef2,masked_substitution,0f2f72363588be2386e573c4313d3b7a10c105d22982418d289ce9103b2f3e57,primary_parent,d1969ec3fedb2d0993151dc0c97d4dd5cb0efe5e809ba1a5f8715959deed7605,guruprasad_instability_index,numeric,true,same_frozen_numeric_contract,minimize,index,28.93913,1.460869565217391,-27.47826043478261,27.47826043478261,true,2f2baf0d41b63846ad859a0d5418544370bf9415ed0b95cb41fa9f4806fa948c
fgf2,a5b36ab72eb1a33377e307fe16937c22482d9f2aff81731529fd869b21402ef2,masked_substitution,0f2f72363588be2386e573c4313d3b7a10c105d22982418d289ce9103b2f3e57,primary_parent,d1969ec3fedb2d0993151dc0c97d4dd5cb0efe5e809ba1a5f8715959deed7605,hydrophobic_moment_eisenberg,numeric,false,audit_metric_has_no_monotonic_improvement_direction,audit,dimensionless,0.03702862230433381,0.06512877230335733,0.028100149999023515,,true,eb8c26c5848b0c7f733b0da0246f0ef6a1eb59c41ea75b1314d2c4bdb62d9000
fgf2,a5b36ab72eb1a33377e307fe16937c22482d9f2aff81731529fd869b21402ef2,masked_substitution,0f2f72363588be2386e573c4313d3b7a10c105d22982418d289ce9103b2f3e57,primary_parent,d1969ec3fedb2d0993151dc0c97d4dd5cb0efe5e809ba1a5f8715959deed7605,hydrophobic_ratio_modlamp,numeric,false,audit_metric_has_no_monotonic_improvement_direction,audit,fraction,0.08695652173913043,0.13043478260869565,0.043478260869565216,,true,ce438ceb480b61a65d2986d4ff4f3fdd97210c930207fcef414d12521624eb2f
fgf2,a5b36ab72eb1a33377e307fe16937c22482d9f2aff81731529fd869b21402ef2,masked_substitution,0f2f72363588be2386e573c4313d3b7a10c105d22982418d289ce9103b2f3e57,primary_parent,d1969ec3fedb2d0993151dc0c97d4dd5cb0efe5e809ba1a5f8715959deed7605,llamp_log10_mic_um,numeric,true,same_frozen_numeric_contract,minimize,log10(uM),1.0719242095947266,1.0510716438293457,-0.02085256576538086,0.02085256576538086,true,4e58b0cccd1687358f532e2ded8a6260bb642eeb9fb7ff90b8c78f60ed2dcf80
fgf2,a5b36ab72eb1a33377e307fe16937c22482d9f2aff81731529fd869b21402ef2,masked_substitution,0f2f72363588be2386e573c4313d3b7a10c105d22982418d289ce9103b2f3e57,primary_parent,d1969ec3fedb2d0993151dc0c97d4dd5cb0efe5e809ba1a5f8715959deed7605,macrel_amp_probability,numeric,true,same_frozen_numeric_contract,maximize,probability,0.248,0.297,0.04899999999999999,0.04899999999999999,true,2f6c6b94500cb4f26ab94963468c22d3be99f4f93c7626cb09a37c37d5fb7e6f
fgf2,a5b36ab72eb1a33377e307fe16937c22482d9f2aff81731529fd869b21402ef2,masked_substitution,0f2f72363588be2386e573c4313d3b7a10c105d22982418d289ce9103b2f3e57,primary_parent,d1969ec3fedb2d0993151dc0c97d4dd5cb0efe5e809ba1a5f8715959deed7605,macrel_hemolysis_label,categorical,true,same_frozen_label_contract,audit,label,low,low,,,false,17d97dec77e9b2cdfb961be6d280f03cd3f23110314dc0e7d0479606ed24e6c8
fgf2,a5b36ab72eb1a33377e307fe16937c22482d9f2aff81731529fd869b21402ef2,masked_substitution,0f2f72363588be2386e573c4313d3b7a10c105d22982418d289ce9103b2f3e57,primary_parent,d1969ec3fedb2d0993151dc0c97d4dd5cb0efe5e809ba1a5f8715959deed7605,macrel_hemolysis_probability,numeric,true,same_frozen_numeric_contract,minimize,probability,0.347,0.485,0.138,-0.138,true,af0914d6150190be3800dc3cfe4b93771a684c8c5764ece7a4611550d9021db2
fgf2,a5b36ab72eb1a33377e307fe16937c22482d9f2aff81731529fd869b21402ef2,masked_substitution,0f2f72363588be2386e573c4313d3b7a10c105d22982418d289ce9103b2f3e57,primary_parent,d1969ec3fedb2d0993151dc0c97d4dd5cb0efe5e809ba1a5f8715959deed7605,maximum_hydrophobic_run,numeric,true,same_frozen_numeric_contract,minimize,residues,1.0,1.0,0.0,-0.0,false,98c14af85cfb324f189acc18752647012471b70373fcb5dd6e21106d55b9c9b0
fgf2,a5b36ab72eb1a33377e307fe16937c22482d9f2aff81731529fd869b21402ef2,masked_substitution,0f2f72363588be2386e573c4313d3b7a10c105d22982418d289ce9103b2f3e57,primary_parent,d1969ec3fedb2d0993151dc0c97d4dd5cb0efe5e809ba1a5f8715959deed7605,net_charge_ph7_4,numeric,false,audit_metric_has_no_monotonic_improvement_direction,audit,elementary_charge,10.025,10.025,0.0,,false,c9f24a93e7c079b2548cd9b6c7f7475fc6d6e79d68be493d464b473962c17dc7
fgf2,a5b36ab72eb1a33377e307fe16937c22482d9f2aff81731529fd869b21402ef2,masked_substitution,0f2f72363588be2386e573c4313d3b7a10c105d22982418d289ce9103b2f3e57,primary_parent,d1969ec3fedb2d0993151dc0c97d4dd5cb0efe5e809ba1a5f8715959deed7605,toxinpred3_hybrid_score,numeric,true,same_frozen_numeric_contract,minimize,dimensionless,0.3,0.35,0.04999999999999999,-0.04999999999999999,true,198afb1b7d558f08d1d2b010016b8070a2a12e86d3abd0779b46f67bd36c11df
fgf2,a5b36ab72eb1a33377e307fe16937c22482d9f2aff81731529fd869b21402ef2,masked_substitution,0f2f72363588be2386e573c4313d3b7a10c105d22982418d289ce9103b2f3e57,primary_parent,d1969ec3fedb2d0993151dc0c97d4dd5cb0efe5e809ba1a5f8715959deed7605,toxinpred3_label,categorical,true,same_frozen_label_contract,audit,label,Non-Toxin,Non-Toxin,,,false,ceb07d457dc59480a2dc3babb12da45f14c7bf067004230678f08238ac527b74
fgf2,decdf46b0cfbfd9aab035551cbc25ac8854b399c67cf3010389da8f7801bb117,masked_substitution,8a8b85f845680c6c364c5377a7dbab36c364f98ffe45a8cde5936758b5606944,primary_parent,d1969ec3fedb2d0993151dc0c97d4dd5cb0efe5e809ba1a5f8715959deed7605,amp_read_log10_mic_um,numeric,true,same_frozen_numeric_contract,minimize,log10(uM),2.211254973534783,2.038095092116213,-0.17315988141856975,0.17315988141856975,true,575d74f096f70a03f31f4e2da8d20b781c67b363902766e145f23c38e2a9b7c6
fgf2,decdf46b0cfbfd9aab035551cbc25ac8854b399c67cf3010389da8f7801bb117,masked_substitution,8a8b85f845680c6c364c5377a7dbab36c364f98ffe45a8cde5936758b5606944,primary_parent,d1969ec3fedb2d0993151dc0c97d4dd5cb0efe5e809ba1a5f8715959deed7605,guruprasad_instability_index,numeric,true,same_frozen_numeric_contract,minimize,index,28.93913,1.460869565217391,-27.47826043478261,27.47826043478261,true,5c629dc7f9333972d8670662bc9bac1b2a570a7a9514e93e1181b67b87dc68d4
fgf2,decdf46b0cfbfd9aab035551cbc25ac8854b399c67cf3010389da8f7801bb117,masked_substitution,8a8b85f845680c6c364c5377a7dbab36c364f98ffe45a8cde5936758b5606944,primary_parent,d1969ec3fedb2d0993151dc0c97d4dd5cb0efe5e809ba1a5f8715959deed7605,hydrophobic_moment_eisenberg,numeric,false,audit_metric_has_no_monotonic_improvement_direction,audit,dimensionless,0.03702862230433381,0.05450505657068253,0.01747643426634872,,true,bd565b67dd6a248579a712643e8798bb840651881df010e10cc3e78943648869
fgf2,decdf46b0cfbfd9aab035551cbc25ac8854b399c67cf3010389da8f7801bb117,masked_substitution,8a8b85f845680c6c364c5377a7dbab36c364f98ffe45a8cde5936758b5606944,primary_parent,d1969ec3fedb2d0993151dc0c97d4dd5cb0efe5e809ba1a5f8715959deed7605,hydrophobic_ratio_modlamp,numeric,false,audit_metric_has_no_monotonic_improvement_direction,audit,fraction,0.08695652173913043,0.13043478260869565,0.043478260869565216,,true,048ed15ecd6563dcd2134c1d50cc450b48f5292ff04c690336f1133ff3094461
fgf2,decdf46b0cfbfd9aab035551cbc25ac8854b399c67cf3010389da8f7801bb117,masked_substitution,8a8b85f845680c6c364c5377a7dbab36c364f98ffe45a8cde5936758b5606944,primary_parent,d1969ec3fedb2d0993151dc0c97d4dd5cb0efe5e809ba1a5f8715959deed7605,llamp_log10_mic_um,numeric,true,same_frozen_numeric_contract,minimize,log10(uM),1.0719242095947266,1.0927281379699707,0.02080392837524414,-0.02080392837524414,true,046a8399210049714b9bece088921a0522fb6393a0265a515ff9c3e944414b18
fgf2,decdf46b0cfbfd9aab035551cbc25ac8854b399c67cf3010389da8f7801bb117,masked_substitution,8a8b85f845680c6c364c5377a7dbab36c364f98ffe45a8cde5936758b5606944,primary_parent,d1969ec3fedb2d0993151dc0c97d4dd5cb0efe5e809ba1a5f8715959deed7605,macrel_amp_probability,numeric,true,same_frozen_numeric_contract,maximize,probability,0.248,0.297,0.04899999999999999,0.04899999999999999,true,49a67512ede0181fca68cc038563ebee1fb70dd2eb405874090d34656b99e32e
fgf2,decdf46b0cfbfd9aab035551cbc25ac8854b399c67cf3010389da8f7801bb117,masked_substitution,8a8b85f845680c6c364c5377a7dbab36c364f98ffe45a8cde5936758b5606944,primary_parent,d1969ec3fedb2d0993151dc0c97d4dd5cb0efe5e809ba1a5f8715959deed7605,macrel_hemolysis_label,categorical,true,same_frozen_label_contract,audit,label,low,low,,,false,c1fd82be5fa2a42b2e73c020611e45eaa5702bb80858f9be7de47a1e07947f4d
fgf2,decdf46b0cfbfd9aab035551cbc25ac8854b399c67cf3010389da8f7801bb117,masked_substitution,8a8b85f845680c6c364c5377a7dbab36c364f98ffe45a8cde5936758b5606944,primary_parent,d1969ec3fedb2d0993151dc0c97d4dd5cb0efe5e809ba1a5f8715959deed7605,macrel_hemolysis_probability,numeric,true,same_frozen_numeric_contract,minimize,probability,0.347,0.485,0.138,-0.138,true,b75c07d8648ab18dcf3ee5f836e20862af13b6452f8fe323c210fbb50f351704
fgf2,decdf46b0cfbfd9aab035551cbc25ac8854b399c67cf3010389da8f7801bb117,masked_substitution,8a8b85f845680c6c364c5377a7dbab36c364f98ffe45a8cde5936758b5606944,primary_parent,d1969ec3fedb2d0993151dc0c97d4dd5cb0efe5e809ba1a5f8715959deed7605,maximum_hydrophobic_run,numeric,true,same_frozen_numeric_contract,minimize,residues,1.0,1.0,0.0,-0.0,false,f828880a7a3667847b25b2e57f1105d88f4584ca9238b55692e48b5788a775e1
fgf2,decdf46b0cfbfd9aab035551cbc25ac8854b399c67cf3010389da8f7801bb117,masked_substitution,8a8b85f845680c6c364c5377a7dbab36c364f98ffe45a8cde5936758b5606944,primary_parent,d1969ec3fedb2d0993151dc0c97d4dd5cb0efe5e809ba1a5f8715959deed7605,net_charge_ph7_4,numeric,false,audit_metric_has_no_monotonic_improvement_direction,audit,elementary_charge,10.025,10.025,0.0,,false,5b834a0e9ea69765cd8c941f03bbd359f29a93dd641ec5eb9536e5f7df6adc63
fgf2,decdf46b0cfbfd9aab035551cbc25ac8854b399c67cf3010389da8f7801bb117,masked_substitution,8a8b85f845680c6c364c5377a7dbab36c364f98ffe45a8cde5936758b5606944,primary_parent,d1969ec3fedb2d0993151dc0c97d4dd5cb0efe5e809ba1a5f8715959deed7605,toxinpred3_hybrid_score,numeric,true,same_frozen_numeric_contract,minimize,dimensionless,0.3,0.35,0.04999999999999999,-0.04999999999999999,true,8a479165d21aa5ce0df8d925bc0936738fc444b392247378b56cc14c22df484c
fgf2,decdf46b0cfbfd9aab035551cbc25ac8854b399c67cf3010389da8f7801bb117,masked_substitution,8a8b85f845680c6c364c5377a7dbab36c364f98ffe45a8cde5936758b5606944,primary_parent,d1969ec3fedb2d0993151dc0c97d4dd5cb0efe5e809ba1a5f8715959deed7605,toxinpred3_label,categorical,true,same_frozen_label_contract,audit,label,Non-Toxin,Non-Toxin,,,false,111b1a731d9504385be2bc97997f046cf2d25d3920b42e96cd7226c57c0b421a
fgf2,addc2a11b79dbf823a3612c56f7ed2f2c2885ee2ce61f241f4dbefc91596798f,masked_substitution,243060222fc6dae5b52579a17d35de491ea20431f8bdf2b96d189c205a6dce91,primary_parent,d1969ec3fedb2d0993151dc0c97d4dd5cb0efe5e809ba1a5f8715959deed7605,amp_read_log10_mic_um,numeric,true,same_frozen_numeric_contract,minimize,log10(uM),2.211254973534783,2.0796500468057393,-0.13160492672904356,0.13160492672904356,true,a173fd6adfa8e5b891f44864c0e6d662331c9cd165c022d7510b4889019f8b37
fgf2,addc2a11b79dbf823a3612c56f7ed2f2c2885ee2ce61f241f4dbefc91596798f,masked_substitution,243060222fc6dae5b52579a17d35de491ea20431f8bdf2b96d189c205a6dce91,primary_parent,d1969ec3fedb2d0993151dc0c97d4dd5cb0efe5e809ba1a5f8715959deed7605,guruprasad_instability_index,numeric,true,same_frozen_numeric_contract,minimize,index,28.93913,20.565217391304348,-8.373912608695651,8.373912608695651,true,ef601697cfc187cd04f7f093a88d2f4c84c272d9cd8c7b45c41c1c9541b63f1f
fgf2,addc2a11b79dbf823a3612c56f7ed2f2c2885ee2ce61f241f4dbefc91596798f,masked_substitution,243060222fc6dae5b52579a17d35de491ea20431f8bdf2b96d189c205a6dce91,primary_parent,d1969ec3fedb2d0993151dc0c97d4dd5cb0efe5e809ba1a5f8715959deed7605,hydrophobic_moment_eisenberg,numeric,false,audit_metric_has_no_monotonic_improvement_direction,audit,dimensionless,0.03702862230433381,0.07146237175836853,0.03443374945403472,,true,1cfc120428e1d7eda12905f5e92a7ba56345a04ccd337dd41f775d74f0d08a26
fgf2,addc2a11b79dbf823a3612c56f7ed2f2c2885ee2ce61f241f4dbefc91596798f,masked_substitution,243060222fc6dae5b52579a17d35de491ea20431f8bdf2b96d189c205a6dce91,primary_parent,d1969ec3fedb2d0993151dc0c97d4dd5cb0efe5e809ba1a5f8715959deed7605,hydrophobic_ratio_modlamp,numeric,false,audit_metric_has_no_monotonic_improvement_direction,audit,fraction,0.08695652173913043,0.13043478260869565,0.043478260869565216,,true,f2dfd339377c8c4bebeae10ecbc3c30251fdcb272da383cc96eb27eb6aa23bc3
fgf2,addc2a11b79dbf823a3612c56f7ed2f2c2885ee2ce61f241f4dbefc91596798f,masked_substitution,243060222fc6dae5b52579a17d35de491ea20431f8bdf2b96d189c205a6dce91,primary_parent,d1969ec3fedb2d0993151dc0c97d4dd5cb0efe5e809ba1a5f8715959deed7605,llamp_log10_mic_um,numeric,true,same_frozen_numeric_contract,minimize,log10(uM),1.0719242095947266,1.0087634325027466,-0.06316077709197998,0.06316077709197998,true,134026edf2d4613b233041d7556e6b634a8b25b2fe40a012a9a9f9ef2676d2b1
fgf2,addc2a11b79dbf823a3612c56f7ed2f2c2885ee2ce61f241f4dbefc91596798f,masked_substitution,243060222fc6dae5b52579a17d35de491ea20431f8bdf2b96d189c205a6dce91,primary_parent,d1969ec3fedb2d0993151dc0c97d4dd5cb0efe5e809ba1a5f8715959deed7605,macrel_amp_probability,numeric,true,same_frozen_numeric_contract,maximize,probability,0.248,0.297,0.04899999999999999,0.04899999999999999,true,67291ce39998f8bc5d3aca071fe48a1f350524f2a9d2b6fd1ea81201eb8541f5
fgf2,addc2a11b79dbf823a3612c56f7ed2f2c2885ee2ce61f241f4dbefc91596798f,masked_substitution,243060222fc6dae5b52579a17d35de491ea20431f8bdf2b96d189c205a6dce91,primary_parent,d1969ec3fedb2d0993151dc0c97d4dd5cb0efe5e809ba1a5f8715959deed7605,macrel_hemolysis_label,categorical,true,same_frozen_label_contract,audit,label,low,low,,,false,9cebec795d77282262344e77f5a65eb1bb24cdef71020f36900ce08bd550c7ae
fgf2,addc2a11b79dbf823a3612c56f7ed2f2c2885ee2ce61f241f4dbefc91596798f,masked_substitution,243060222fc6dae5b52579a17d35de491ea20431f8bdf2b96d189c205a6dce91,primary_parent,d1969ec3fedb2d0993151dc0c97d4dd5cb0efe5e809ba1a5f8715959deed7605,macrel_hemolysis_probability,numeric,true,same_frozen_numeric_contract,minimize,probability,0.347,0.386,0.039000000000000035,-0.039000000000000035,true,34ff546fd3d5092825abb6c2474193a54456adc1e0720a12e9bbc9f7858e6bbd
fgf2,addc2a11b79dbf823a3612c56f7ed2f2c2885ee2ce61f241f4dbefc91596798f,masked_substitution,243060222fc6dae5b52579a17d35de491ea20431f8bdf2b96d189c205a6dce91,primary_parent,d1969ec3fedb2d0993151dc0c97d4dd5cb0efe5e809ba1a5f8715959deed7605,maximum_hydrophobic_run,numeric,true,same_frozen_numeric_contract,minimize,residues,1.0,1.0,0.0,-0.0,false,b6104714e35285f79c44213ba33b11644fc673da61d19df0348517b0b378e140
fgf2,addc2a11b79dbf823a3612c56f7ed2f2c2885ee2ce61f241f4dbefc91596798f,masked_substitution,243060222fc6dae5b52579a17d35de491ea20431f8bdf2b96d189c205a6dce91,primary_parent,d1969ec3fedb2d0993151dc0c97d4dd5cb0efe5e809ba1a5f8715959deed7605,net_charge_ph7_4,numeric,false,audit_metric_has_no_monotonic_improvement_direction,audit,elementary_charge,10.025,10.025,0.0,,false,bfa3f41f951b7644b7869db8278aa401c9a9c93623833ce080daf234438876b6
fgf2,addc2a11b79dbf823a3612c56f7ed2f2c2885ee2ce61f241f4dbefc91596798f,masked_substitution,243060222fc6dae5b52579a17d35de491ea20431f8bdf2b96d189c205a6dce91,primary_parent,d1969ec3fedb2d0993151dc0c97d4dd5cb0efe5e809ba1a5f8715959deed7605,toxinpred3_hybrid_score,numeric,true,same_frozen_numeric_contract,minimize,dimensionless,0.3,0.325,0.025000000000000022,-0.025000000000000022,true,a0cbf815c913bf315fe4b0774e772fa604e9d9e25b86dc50e3a1c2d864800c06
fgf2,addc2a11b79dbf823a3612c56f7ed2f2c2885ee2ce61f241f4dbefc91596798f,masked_substitution,243060222fc6dae5b52579a17d35de491ea20431f8bdf2b96d189c205a6dce91,primary_parent,d1969ec3fedb2d0993151dc0c97d4dd5cb0efe5e809ba1a5f8715959deed7605,toxinpred3_label,categorical,true,same_frozen_label_contract,audit,label,Non-Toxin,Non-Toxin,,,false,538dc4ec2f801628b4a22b0ad436e0fa5e918bee0cfa2cd27004ad963c749475
fgf2,6b79cf656c8b94abc728be41cd8f5bc458b1d46d586d75bcbc79e7fa415f755e,masked_substitution,49fa3fd288b6642fd5ccfe3f0cd45e28b0c15c6c913df5361ecc3612539bdf34,primary_parent,d1969ec3fedb2d0993151dc0c97d4dd5cb0efe5e809ba1a5f8715959deed7605,amp_read_log10_mic_um,numeric,true,same_frozen_numeric_contract,minimize,log10(uM),2.211254973534783,1.8781913943180406,-0.33306357921674223,0.33306357921674223,true,7f8511dd79055d2088e82c2108d3bd9ffa4224435ce19b85eba32ea8c1dc0a28
fgf2,6b79cf656c8b94abc728be41cd8f5bc458b1d46d586d75bcbc79e7fa415f755e,masked_substitution,49fa3fd288b6642fd5ccfe3f0cd45e28b0c15c6c913df5361ecc3612539bdf34,primary_parent,d1969ec3fedb2d0993151dc0c97d4dd5cb0efe5e809ba1a5f8715959deed7605,guruprasad_instability_index,numeric,true,same_frozen_numeric_contract,minimize,index,28.93913,20.565217391304348,-8.373912608695651,8.373912608695651,true,1bca75ff7ea48bd503cb23464064e5eaa4c03bbbdb004835f5d58c9ac3dd91c3
fgf2,6b79cf656c8b94abc728be41cd8f5bc458b1d46d586d75bcbc79e7fa415f755e,masked_substitution,49fa3fd288b6642fd5ccfe3f0cd45e28b0c15c6c913df5361ecc3612539bdf34,primary_parent,d1969ec3fedb2d0993151dc0c97d4dd5cb0efe5e809ba1a5f8715959deed7605,hydrophobic_moment_eisenberg,numeric,false,audit_metric_has_no_monotonic_improvement_direction,audit,dimensionless,0.03702862230433381,0.10525638760264182,0.06822776529830801,,true,2d509e58b019846a44ef89739b933a49ef2a8e043de6a89ae963f10e3e1f7988
fgf2,6b79cf656c8b94abc728be41cd8f5bc458b1d46d586d75bcbc79e7fa415f755e,masked_substitution,49fa3fd288b6642fd5ccfe3f0cd45e28b0c15c6c913df5361ecc3612539bdf34,primary_parent,d1969ec3fedb2d0993151dc0c97d4dd5cb0efe5e809ba1a5f8715959deed7605,hydrophobic_ratio_modlamp,numeric,false,audit_metric_has_no_monotonic_improvement_direction,audit,fraction,0.08695652173913043,0.13043478260869565,0.043478260869565216,,true,cd3a79a9e3729c6966ecfcecb0ddebea2dc8d427958473143615f9692db1dc9c
fgf2,6b79cf656c8b94abc728be41cd8f5bc458b1d46d586d75bcbc79e7fa415f755e,masked_substitution,49fa3fd288b6642fd5ccfe3f0cd45e28b0c15c6c913df5361ecc3612539bdf34,primary_parent,d1969ec3fedb2d0993151dc0c97d4dd5cb0efe5e809ba1a5f8715959deed7605,llamp_log10_mic_um,numeric,true,same_frozen_numeric_contract,minimize,log10(uM),1.0719242095947266,0.9352403879165649,-0.13668382167816162,0.13668382167816162,true,5a1f9320cff14424419e5cb7e838e2351607b8ffd882038fc016ba70cb33a51e
fgf2,6b79cf656c8b94abc728be41cd8f5bc458b1d46d586d75bcbc79e7fa415f755e,masked_substitution,49fa3fd288b6642fd5ccfe3f0cd45e28b0c15c6c913df5361ecc3612539bdf34,primary_parent,d1969ec3fedb2d0993151dc0c97d4dd5cb0efe5e809ba1a5f8715959deed7605,macrel_amp_probability,numeric,true,same_frozen_numeric_contract,maximize,probability,0.248,0.257,0.009000000000000008,0.009000000000000008,true,e094711a971ae794caa453a49d9f52cd8b34fc015b116fddada2391587b4dff8
fgf2,6b79cf656c8b94abc728be41cd8f5bc458b1d46d586d75bcbc79e7fa415f755e,masked_substitution,49fa3fd288b6642fd5ccfe3f0cd45e28b0c15c6c913df5361ecc3612539bdf34,primary_parent,d1969ec3fedb2d0993151dc0c97d4dd5cb0efe5e809ba1a5f8715959deed7605,macrel_hemolysis_label,categorical,true,same_frozen_label_contract,audit,label,low,low,,,false,00722b48c4ffb2b84f116bc24d80c2df760aa23ecd7096c3f7bea9261eb2fc16
fgf2,6b79cf656c8b94abc728be41cd8f5bc458b1d46d586d75bcbc79e7fa415f755e,masked_substitution,49fa3fd288b6642fd5ccfe3f0cd45e28b0c15c6c913df5361ecc3612539bdf34,primary_parent,d1969ec3fedb2d0993151dc0c97d4dd5cb0efe5e809ba1a5f8715959deed7605,macrel_hemolysis_probability,numeric,true,same_frozen_numeric_contract,minimize,probability,0.347,0.455,0.10800000000000004,-0.10800000000000004,true,541b2b33da9d42add99c1c79e30d6c64a443d487a16bd883d2a72d46da8a887d
fgf2,6b79cf656c8b94abc728be41cd8f5bc458b1d46d586d75bcbc79e7fa415f755e,masked_substitution,49fa3fd288b6642fd5ccfe3f0cd45e28b0c15c6c913df5361ecc3612539bdf34,primary_parent,d1969ec3fedb2d0993151dc0c97d4dd5cb0efe5e809ba1a5f8715959deed7605,maximum_hydrophobic_run,numeric,true,same_frozen_numeric_contract,minimize,residues,1.0,1.0,0.0,-0.0,false,2f51e6573f4ca2127ad8fc56bf779bca4793b607d98cfe02616f2544fe8ee8bd
fgf2,6b79cf656c8b94abc728be41cd8f5bc458b1d46d586d75bcbc79e7fa415f755e,masked_substitution,49fa3fd288b6642fd5ccfe3f0cd45e28b0c15c6c913df5361ecc3612539bdf34,primary_parent,d1969ec3fedb2d0993151dc0c97d4dd5cb0efe5e809ba1a5f8715959deed7605,net_charge_ph7_4,numeric,false,audit_metric_has_no_monotonic_improvement_direction,audit,elementary_charge,10.025,10.025,0.0,,false,bfb380eff6a3eab432700c14709b51300b1b00bee9e7e578160dc454a411c3f3
fgf2,6b79cf656c8b94abc728be41cd8f5bc458b1d46d586d75bcbc79e7fa415f755e,masked_substitution,49fa3fd288b6642fd5ccfe3f0cd45e28b0c15c6c913df5361ecc3612539bdf34,primary_parent,d1969ec3fedb2d0993151dc0c97d4dd5cb0efe5e809ba1a5f8715959deed7605,toxinpred3_hybrid_score,numeric,true,same_frozen_numeric_contract,minimize,dimensionless,0.3,0.345,0.044999999999999984,-0.044999999999999984,true,019c62773a1f733cb962cde4499ebf897ba6a50689987cba39d16effabf8fffa
fgf2,6b79cf656c8b94abc728be41cd8f5bc458b1d46d586d75bcbc79e7fa415f755e,masked_substitution,49fa3fd288b6642fd5ccfe3f0cd45e28b0c15c6c913df5361ecc3612539bdf34,primary_parent,d1969ec3fedb2d0993151dc0c97d4dd5cb0efe5e809ba1a5f8715959deed7605,toxinpred3_label,categorical,true,same_frozen_label_contract,audit,label,Non-Toxin,Non-Toxin,,,false,689f2318bd82597100cc1a6cad9d2a1548fb279f0f8855d2511b0871be110e13
fgf2,ebfcc88e3ab6e2917afc77cb4053d7d417660745014c6f68541f1a4bc48058c3,masked_substitution,696acaed12d29759c9e48afad6926f4bc3222cfe6a4f4066564600b9b548f924,primary_parent,d1969ec3fedb2d0993151dc0c97d4dd5cb0efe5e809ba1a5f8715959deed7605,amp_read_log10_mic_um,numeric,true,same_frozen_numeric_contract,minimize,log10(uM),2.211254973534783,1.9275437058687603,-0.2837112676660225,0.2837112676660225,true,7b8fe996bc8a975459265bf2da91effbd4dbddc3d84ed9f7bb1763be3914d507
fgf2,ebfcc88e3ab6e2917afc77cb4053d7d417660745014c6f68541f1a4bc48058c3,masked_substitution,696acaed12d29759c9e48afad6926f4bc3222cfe6a4f4066564600b9b548f924,primary_parent,d1969ec3fedb2d0993151dc0c97d4dd5cb0efe5e809ba1a5f8715959deed7605,guruprasad_instability_index,numeric,true,same_frozen_numeric_contract,minimize,index,28.93913,20.565217391304348,-8.373912608695651,8.373912608695651,true,2fa7a22ba2b9446450d2e6e87bce369673e2ab67fbc235ad9eff82dd0c094e75
fgf2,ebfcc88e3ab6e2917afc77cb4053d7d417660745014c6f68541f1a4bc48058c3,masked_substitution,696acaed12d29759c9e48afad6926f4bc3222cfe6a4f4066564600b9b548f924,primary_parent,d1969ec3fedb2d0993151dc0c97d4dd5cb0efe5e809ba1a5f8715959deed7605,hydrophobic_moment_eisenberg,numeric,false,audit_metric_has_no_monotonic_improvement_direction,audit,dimensionless,0.03702862230433381,0.09224835106842663,0.05521972876409282,,true,c80dff7d7d86b2e1d96bcea5870057f289bdc33a1643edda87b779f2ff297dfa
fgf2,ebfcc88e3ab6e2917afc77cb4053d7d417660745014c6f68541f1a4bc48058c3,masked_substitution,696acaed12d29759c9e48afad6926f4bc3222cfe6a4f4066564600b9b548f924,primary_parent,d1969ec3fedb2d0993151dc0c97d4dd5cb0efe5e809ba1a5f8715959deed7605,hydrophobic_ratio_modlamp,numeric,false,audit_metric_has_no_monotonic_improvement_direction,audit,fraction,0.08695652173913043,0.13043478260869565,0.043478260869565216,,true,4cc0a8e2bbdba421a6ef5a9adbf2a34f6577c13fd1ab9791efed4b54f489c3cc
fgf2,ebfcc88e3ab6e2917afc77cb4053d7d417660745014c6f68541f1a4bc48058c3,masked_substitution,696acaed12d29759c9e48afad6926f4bc3222cfe6a4f4066564600b9b548f924,primary_parent,d1969ec3fedb2d0993151dc0c97d4dd5cb0efe5e809ba1a5f8715959deed7605,llamp_log10_mic_um,numeric,true,same_frozen_numeric_contract,minimize,log10(uM),1.0719242095947266,0.9705297946929932,-0.1013944149017334,0.1013944149017334,true,204ba5a8ce276810bc0a7452dff07392cccafa0b499191f6e0ce1837c6d8ade7
fgf2,ebfcc88e3ab6e2917afc77cb4053d7d417660745014c6f68541f1a4bc48058c3,masked_substitution,696acaed12d29759c9e48afad6926f4bc3222cfe6a4f4066564600b9b548f924,primary_parent,d1969ec3fedb2d0993151dc0c97d4dd5cb0efe5e809ba1a5f8715959deed7605,macrel_amp_probability,numeric,true,same_frozen_numeric_contract,maximize,probability,0.248,0.257,0.009000000000000008,0.009000000000000008,true,d9be463aa2ccc3626c00b8d343ecdf3d0e34ea5e217562d712c6e9b45ae5d0e5
fgf2,ebfcc88e3ab6e2917afc77cb4053d7d417660745014c6f68541f1a4bc48058c3,masked_substitution,696acaed12d29759c9e48afad6926f4bc3222cfe6a4f4066564600b9b548f924,primary_parent,d1969ec3fedb2d0993151dc0c97d4dd5cb0efe5e809ba1a5f8715959deed7605,macrel_hemolysis_label,categorical,true,same_frozen_label_contract,audit,label,low,low,,,false,eb0ae7d90a6ec9fe4de0a5122fcb6063488997ce6754c198199005f9a9081f97
fgf2,ebfcc88e3ab6e2917afc77cb4053d7d417660745014c6f68541f1a4bc48058c3,masked_substitution,696acaed12d29759c9e48afad6926f4bc3222cfe6a4f4066564600b9b548f924,primary_parent,d1969ec3fedb2d0993151dc0c97d4dd5cb0efe5e809ba1a5f8715959deed7605,macrel_hemolysis_probability,numeric,true,same_frozen_numeric_contract,minimize,probability,0.347,0.455,0.10800000000000004,-0.10800000000000004,true,c85c3f56cedfbab89bfd43a5e7daa8cff86a451e9a23683ee287241a3def9590
fgf2,ebfcc88e3ab6e2917afc77cb4053d7d417660745014c6f68541f1a4bc48058c3,masked_substitution,696acaed12d29759c9e48afad6926f4bc3222cfe6a4f4066564600b9b548f924,primary_parent,d1969ec3fedb2d0993151dc0c97d4dd5cb0efe5e809ba1a5f8715959deed7605,maximum_hydrophobic_run,numeric,true,same_frozen_numeric_contract,minimize,residues,1.0,1.0,0.0,-0.0,false,212adb07c75dbfd2ebb920b41499fe56dcf0c539965c5ea98168c79db22ae46d
fgf2,ebfcc88e3ab6e2917afc77cb4053d7d417660745014c6f68541f1a4bc48058c3,masked_substitution,696acaed12d29759c9e48afad6926f4bc3222cfe6a4f4066564600b9b548f924,primary_parent,d1969ec3fedb2d0993151dc0c97d4dd5cb0efe5e809ba1a5f8715959deed7605,net_charge_ph7_4,numeric,false,audit_metric_has_no_monotonic_improvement_direction,audit,elementary_charge,10.025,10.025,0.0,,false,030bb2dcf8c6d5c6ea948f740cacdb1cf0b87ed31fabf89c313bb4b17060eab3
fgf2,ebfcc88e3ab6e2917afc77cb4053d7d417660745014c6f68541f1a4bc48058c3,masked_substitution,696acaed12d29759c9e48afad6926f4bc3222cfe6a4f4066564600b9b548f924,primary_parent,d1969ec3fedb2d0993151dc0c97d4dd5cb0efe5e809ba1a5f8715959deed7605,toxinpred3_hybrid_score,numeric,true,same_frozen_numeric_contract,minimize,dimensionless,0.3,0.33,0.030000000000000027,-0.030000000000000027,true,7effb07be7745345518fb8a2089dba61c2815cd674953a198ecfec2bb559557d
fgf2,ebfcc88e3ab6e2917afc77cb4053d7d417660745014c6f68541f1a4bc48058c3,masked_substitution,696acaed12d29759c9e48afad6926f4bc3222cfe6a4f4066564600b9b548f924,primary_parent,d1969ec3fedb2d0993151dc0c97d4dd5cb0efe5e809ba1a5f8715959deed7605,toxinpred3_label,categorical,true,same_frozen_label_contract,audit,label,Non-Toxin,Non-Toxin,,,false,94fee246be5525798aaae8c35d668951c4ead502b0545d07784ea39f01d87bb5
fgf2,def287c393dcedb81ba74433dced1e82b90540a4cecc056c3bb6c0eadfc6f50d,masked_substitution,1bdd132b8f9ca88dc30dd7ed5b103f2945000d5e5bde6c97a1ad143568f4c66a,primary_parent,d1969ec3fedb2d0993151dc0c97d4dd5cb0efe5e809ba1a5f8715959deed7605,amp_read_log10_mic_um,numeric,true,same_frozen_numeric_contract,minimize,log10(uM),2.211254973534783,1.9049956111016524,-0.30625936243313046,0.30625936243313046,true,d8ef676e937e8b484f079e92b04ec7f00088ce6b0df72b17093e79d3b6e6b38c
fgf2,def287c393dcedb81ba74433dced1e82b90540a4cecc056c3bb6c0eadfc6f50d,masked_substitution,1bdd132b8f9ca88dc30dd7ed5b103f2945000d5e5bde6c97a1ad143568f4c66a,primary_parent,d1969ec3fedb2d0993151dc0c97d4dd5cb0efe5e809ba1a5f8715959deed7605,guruprasad_instability_index,numeric,true,same_frozen_numeric_contract,minimize,index,28.93913,20.565217391304348,-8.373912608695651,8.373912608695651,true,65e2c08554e3a30be144d42f61c59667fca98aa4af53f6ea073ac16914e711a6
fgf2,def287c393dcedb81ba74433dced1e82b90540a4cecc056c3bb6c0eadfc6f50d,masked_substitution,1bdd132b8f9ca88dc30dd7ed5b103f2945000d5e5bde6c97a1ad143568f4c66a,primary_parent,d1969ec3fedb2d0993151dc0c97d4dd5cb0efe5e809ba1a5f8715959deed7605,hydrophobic_moment_eisenberg,numeric,false,audit_metric_has_no_monotonic_improvement_direction,audit,dimensionless,0.03702862230433381,0.09224835106842663,0.05521972876409282,,true,7f7143e657d8dc2d708238307077cb65170ef423f631feb627a30d091c21570b
fgf2,def287c393dcedb81ba74433dced1e82b90540a4cecc056c3bb6c0eadfc6f50d,masked_substitution,1bdd132b8f9ca88dc30dd7ed5b103f2945000d5e5bde6c97a1ad143568f4c66a,primary_parent,d1969ec3fedb2d0993151dc0c97d4dd5cb0efe5e809ba1a5f8715959deed7605,hydrophobic_ratio_modlamp,numeric,false,audit_metric_has_no_monotonic_improvement_direction,audit,fraction,0.08695652173913043,0.13043478260869565,0.043478260869565216,,true,f4def278e5c3c5b5eb0799c4e6ab6a6b28392877f37cffd57877509db111f928
fgf2,def287c393dcedb81ba74433dced1e82b90540a4cecc056c3bb6c0eadfc6f50d,masked_substitution,1bdd132b8f9ca88dc30dd7ed5b103f2945000d5e5bde6c97a1ad143568f4c66a,primary_parent,d1969ec3fedb2d0993151dc0c97d4dd5cb0efe5e809ba1a5f8715959deed7605,llamp_log10_mic_um,numeric,true,same_frozen_numeric_contract,minimize,log10(uM),1.0719242095947266,1.2469767332077026,0.17505252361297607,-0.17505252361297607,true,f713792b6871766b90627ed937eb806a223e53c786bb81ddf9e5686d0eef01e2
fgf2,def287c393dcedb81ba74433dced1e82b90540a4cecc056c3bb6c0eadfc6f50d,masked_substitution,1bdd132b8f9ca88dc30dd7ed5b103f2945000d5e5bde6c97a1ad143568f4c66a,primary_parent,d1969ec3fedb2d0993151dc0c97d4dd5cb0efe5e809ba1a5f8715959deed7605,macrel_amp_probability,numeric,true,same_frozen_numeric_contract,maximize,probability,0.248,0.277,0.029000000000000026,0.029000000000000026,true,a1744108fb9303bbe20dca138427fa2804693f594fa0c7ac4900507ac30a5457
fgf2,def287c393dcedb81ba74433dced1e82b90540a4cecc056c3bb6c0eadfc6f50d,masked_substitution,1bdd132b8f9ca88dc30dd7ed5b103f2945000d5e5bde6c97a1ad143568f4c66a,primary_parent,d1969ec3fedb2d0993151dc0c97d4dd5cb0efe5e809ba1a5f8715959deed7605,macrel_hemolysis_label,categorical,true,same_frozen_label_contract,audit,label,low,low,,,false,950b28150c4745103c5a9d9e25400d3754827bb73945830890f8c6a04a8c6e32
fgf2,def287c393dcedb81ba74433dced1e82b90540a4cecc056c3bb6c0eadfc6f50d,masked_substitution,1bdd132b8f9ca88dc30dd7ed5b103f2945000d5e5bde6c97a1ad143568f4c66a,primary_parent,d1969ec3fedb2d0993151dc0c97d4dd5cb0efe5e809ba1a5f8715959deed7605,macrel_hemolysis_probability,numeric,true,same_frozen_numeric_contract,minimize,probability,0.347,0.406,0.05900000000000005,-0.05900000000000005,true,26929c52ab1ebe51678ed3dc50f58a7f02960f0bc5e3982fe5e53c80700555a7
fgf2,def287c393dcedb81ba74433dced1e82b90540a4cecc056c3bb6c0eadfc6f50d,masked_substitution,1bdd132b8f9ca88dc30dd7ed5b103f2945000d5e5bde6c97a1ad143568f4c66a,primary_parent,d1969ec3fedb2d0993151dc0c97d4dd5cb0efe5e809ba1a5f8715959deed7605,maximum_hydrophobic_run,numeric,true,same_frozen_numeric_contract,minimize,residues,1.0,1.0,0.0,-0.0,false,fa0d002391543dc700994c4decd7ac1c59d17b5d48462bfb58fe2f15ed2952ec
fgf2,def287c393dcedb81ba74433dced1e82b90540a4cecc056c3bb6c0eadfc6f50d,masked_substitution,1bdd132b8f9ca88dc30dd7ed5b103f2945000d5e5bde6c97a1ad143568f4c66a,primary_parent,d1969ec3fedb2d0993151dc0c97d4dd5cb0efe5e809ba1a5f8715959deed7605,net_charge_ph7_4,numeric,false,audit_metric_has_no_monotonic_improvement_direction,audit,elementary_charge,10.025,10.025,0.0,,false,021bf0bc29ca51d93afbd7e6e266e6894f3fff46435f78d7af216ee2c1926313
fgf2,def287c393dcedb81ba74433dced1e82b90540a4cecc056c3bb6c0eadfc6f50d,masked_substitution,1bdd132b8f9ca88dc30dd7ed5b103f2945000d5e5bde6c97a1ad143568f4c66a,primary_parent,d1969ec3fedb2d0993151dc0c97d4dd5cb0efe5e809ba1a5f8715959deed7605,toxinpred3_hybrid_score,numeric,true,same_frozen_numeric_contract,minimize,dimensionless,0.3,0.36,0.06,-0.06,true,3a34cf689d3042a0737021b0c34e7a4ed5ad48793a601b5ed4444028a53de866
fgf2,def287c393dcedb81ba74433dced1e82b90540a4cecc056c3bb6c0eadfc6f50d,masked_substitution,1bdd132b8f9ca88dc30dd7ed5b103f2945000d5e5bde6c97a1ad143568f4c66a,primary_parent,d1969ec3fedb2d0993151dc0c97d4dd5cb0efe5e809ba1a5f8715959deed7605,toxinpred3_label,categorical,true,same_frozen_label_contract,audit,label,Non-Toxin,Non-Toxin,,,false,6f36b6c6bb626fc7d4761102efe2e5773ea75d8900da8b9d202d072f5ef1d97a
fgf2,bb345b4c0e51e54a9a02ce5e43d343d134f05a85538f65010771fee5f63b3017,masked_substitution,2a207901df3f4baed6fc6ac1d9d37cd9274f2cb294e72469cafb1b232b39f4f6,primary_parent,d1969ec3fedb2d0993151dc0c97d4dd5cb0efe5e809ba1a5f8715959deed7605,amp_read_log10_mic_um,numeric,true,same_frozen_numeric_contract,minimize,log10(uM),2.211254973534783,1.5761036562908435,-0.6351513172439394,0.6351513172439394,true,b10677ddacea26d68741534d46719ed599a1b107dcc944037d6e2b780fc0b6be
fgf2,bb345b4c0e51e54a9a02ce5e43d343d134f05a85538f65010771fee5f63b3017,masked_substitution,2a207901df3f4baed6fc6ac1d9d37cd9274f2cb294e72469cafb1b232b39f4f6,primary_parent,d1969ec3fedb2d0993151dc0c97d4dd5cb0efe5e809ba1a5f8715959deed7605,guruprasad_instability_index,numeric,true,same_frozen_numeric_contract,minimize,index,28.93913,20.565217391304348,-8.373912608695651,8.373912608695651,true,9c533ecb7ee80fe5fc83c27cbec3c01fefabcddc4748b17048fa09dcb6c1c481
fgf2,bb345b4c0e51e54a9a02ce5e43d343d134f05a85538f65010771fee5f63b3017,masked_substitution,2a207901df3f4baed6fc6ac1d9d37cd9274f2cb294e72469cafb1b232b39f4f6,primary_parent,d1969ec3fedb2d0993151dc0c97d4dd5cb0efe5e809ba1a5f8715959deed7605,hydrophobic_moment_eisenberg,numeric,false,audit_metric_has_no_monotonic_improvement_direction,audit,dimensionless,0.03702862230433381,0.07968493061693956,0.042656308312605744,,true,97891093b387c60128b391f85a824fec254ad0b086ece6045c45f5b794d1c76d
fgf2,bb345b4c0e51e54a9a02ce5e43d343d134f05a85538f65010771fee5f63b3017,masked_substitution,2a207901df3f4baed6fc6ac1d9d37cd9274f2cb294e72469cafb1b232b39f4f6,primary_parent,d1969ec3fedb2d0993151dc0c97d4dd5cb0efe5e809ba1a5f8715959deed7605,hydrophobic_ratio_modlamp,numeric,false,audit_metric_has_no_monotonic_improvement_direction,audit,fraction,0.08695652173913043,0.08695652173913043,0.0,,false,5430ddfce50313520dca215f4f2d47280a1d0114db7dfe13ce9285d6ac16964e
fgf2,bb345b4c0e51e54a9a02ce5e43d343d134f05a85538f65010771fee5f63b3017,masked_substitution,2a207901df3f4baed6fc6ac1d9d37cd9274f2cb294e72469cafb1b232b39f4f6,primary_parent,d1969ec3fedb2d0993151dc0c97d4dd5cb0efe5e809ba1a5f8715959deed7605,llamp_log10_mic_um,numeric,true,same_frozen_numeric_contract,minimize,log10(uM),1.0719242095947266,0.8820035457611084,-0.18992066383361816,0.18992066383361816,true,b99f2d43b7087ad3004b12f33c81273d8f7cfc1ae765963bc49adf7f8753a2fe
fgf2,bb345b4c0e51e54a9a02ce5e43d343d134f05a85538f65010771fee5f63b3017,masked_substitution,2a207901df3f4baed6fc6ac1d9d37cd9274f2cb294e72469cafb1b232b39f4f6,primary_parent,d1969ec3fedb2d0993151dc0c97d4dd5cb0efe5e809ba1a5f8715959deed7605,macrel_amp_probability,numeric,true,same_frozen_numeric_contract,maximize,probability,0.248,0.277,0.029000000000000026,0.029000000000000026,true,b87f8b5c61d59e8607a1a2bc54adf35af53ce4a43538b0ea9ae51139c13a4a67
fgf2,bb345b4c0e51e54a9a02ce5e43d343d134f05a85538f65010771fee5f63b3017,masked_substitution,2a207901df3f4baed6fc6ac1d9d37cd9274f2cb294e72469cafb1b232b39f4f6,primary_parent,d1969ec3fedb2d0993151dc0c97d4dd5cb0efe5e809ba1a5f8715959deed7605,macrel_hemolysis_label,categorical,true,same_frozen_label_contract,audit,label,low,low,,,false,cf36be5cae556293e58b42e25647eaa474989d1dc32b305659b178cdd5cdc9b9
fgf2,bb345b4c0e51e54a9a02ce5e43d343d134f05a85538f65010771fee5f63b3017,masked_substitution,2a207901df3f4baed6fc6ac1d9d37cd9274f2cb294e72469cafb1b232b39f4f6,primary_parent,d1969ec3fedb2d0993151dc0c97d4dd5cb0efe5e809ba1a5f8715959deed7605,macrel_hemolysis_probability,numeric,true,same_frozen_numeric_contract,minimize,probability,0.347,0.485,0.138,-0.138,true,779b011929a8f7b58a11a18a395d22a0a8ce5ed852d27d59cb27406664e77ded
fgf2,bb345b4c0e51e54a9a02ce5e43d343d134f05a85538f65010771fee5f63b3017,masked_substitution,2a207901df3f4baed6fc6ac1d9d37cd9274f2cb294e72469cafb1b232b39f4f6,primary_parent,d1969ec3fedb2d0993151dc0c97d4dd5cb0efe5e809ba1a5f8715959deed7605,maximum_hydrophobic_run,numeric,true,same_frozen_numeric_contract,minimize,residues,1.0,1.0,0.0,-0.0,false,5366e5f4cf8036329b277dfd4159fbe2ee98976756affe05ad0464fed8b1ef05
fgf2,bb345b4c0e51e54a9a02ce5e43d343d134f05a85538f65010771fee5f63b3017,masked_substitution,2a207901df3f4baed6fc6ac1d9d37cd9274f2cb294e72469cafb1b232b39f4f6,primary_parent,d1969ec3fedb2d0993151dc0c97d4dd5cb0efe5e809ba1a5f8715959deed7605,net_charge_ph7_4,numeric,false,audit_metric_has_no_monotonic_improvement_direction,audit,elementary_charge,10.025,10.025,0.0,,false,120fd656a985a26755431059ed4c4584b9b4c06c68dc6875b22e81765df09d98
fgf2,bb345b4c0e51e54a9a02ce5e43d343d134f05a85538f65010771fee5f63b3017,masked_substitution,2a207901df3f4baed6fc6ac1d9d37cd9274f2cb294e72469cafb1b232b39f4f6,primary_parent,d1969ec3fedb2d0993151dc0c97d4dd5cb0efe5e809ba1a5f8715959deed7605,toxinpred3_hybrid_score,numeric,true,same_frozen_numeric_contract,minimize,dimensionless,0.3,0.345,0.044999999999999984,-0.044999999999999984,true,f8f88f7855b449d89fa8b039601dce2f64c4dc4b9bb3cc2fa92280817f516925
fgf2,bb345b4c0e51e54a9a02ce5e43d343d134f05a85538f65010771fee5f63b3017,masked_substitution,2a207901df3f4baed6fc6ac1d9d37cd9274f2cb294e72469cafb1b232b39f4f6,primary_parent,d1969ec3fedb2d0993151dc0c97d4dd5cb0efe5e809ba1a5f8715959deed7605,toxinpred3_label,categorical,true,same_frozen_label_contract,audit,label,Non-Toxin,Non-Toxin,,,false,0b62c9dcf48bd30922f576ad4d60754e34ba6c299f99362211fa4779d4a1b419
fgf2,5da44b78d7e7ab289c860180b18b1a2d5e000d7d7778b2847ff97074d6ba808b,masked_substitution,0b9950ba6642ff8d1fa24141be5fda9734de9040ebd48a54396ecb6e029bee11,primary_parent,d1969ec3fedb2d0993151dc0c97d4dd5cb0efe5e809ba1a5f8715959deed7605,amp_read_log10_mic_um,numeric,true,same_frozen_numeric_contract,minimize,log10(uM),2.211254973534783,1.7608949811019743,-0.45035999243280855,0.45035999243280855,true,8d3db4e833a8d9082c54fff663981301f7e1126ae1b6231b5473082bf9e29864
fgf2,5da44b78d7e7ab289c860180b18b1a2d5e000d7d7778b2847ff97074d6ba808b,masked_substitution,0b9950ba6642ff8d1fa24141be5fda9734de9040ebd48a54396ecb6e029bee11,primary_parent,d1969ec3fedb2d0993151dc0c97d4dd5cb0efe5e809ba1a5f8715959deed7605,guruprasad_instability_index,numeric,true,same_frozen_numeric_contract,minimize,index,28.93913,20.565217391304348,-8.373912608695651,8.373912608695651,true,026bd6a511833267e47ded70ed94bb900db50d76402ca978d725a3a908878c6b
fgf2,5da44b78d7e7ab289c860180b18b1a2d5e000d7d7778b2847ff97074d6ba808b,masked_substitution,0b9950ba6642ff8d1fa24141be5fda9734de9040ebd48a54396ecb6e029bee11,primary_parent,d1969ec3fedb2d0993151dc0c97d4dd5cb0efe5e809ba1a5f8715959deed7605,hydrophobic_moment_eisenberg,numeric,false,audit_metric_has_no_monotonic_improvement_direction,audit,dimensionless,0.03702862230433381,0.055913767684473946,0.018885145380140134,,true,83963dc4c013ff88acb2afb2e2ef046e905634e322663ea2b39f41fa02ced5a9
fgf2,5da44b78d7e7ab289c860180b18b1a2d5e000d7d7778b2847ff97074d6ba808b,masked_substitution,0b9950ba6642ff8d1fa24141be5fda9734de9040ebd48a54396ecb6e029bee11,primary_parent,d1969ec3fedb2d0993151dc0c97d4dd5cb0efe5e809ba1a5f8715959deed7605,hydrophobic_ratio_modlamp,numeric,false,audit_metric_has_no_monotonic_improvement_direction,audit,fraction,0.08695652173913043,0.08695652173913043,0.0,,false,5b774815bab157f5577d0a75bf72cf4441899c492b5cf9e314f09486a23cff2b
fgf2,5da44b78d7e7ab289c860180b18b1a2d5e000d7d7778b2847ff97074d6ba808b,masked_substitution,0b9950ba6642ff8d1fa24141be5fda9734de9040ebd48a54396ecb6e029bee11,primary_parent,d1969ec3fedb2d0993151dc0c97d4dd5cb0efe5e809ba1a5f8715959deed7605,llamp_log10_mic_um,numeric,true,same_frozen_numeric_contract,minimize,log10(uM),1.0719242095947266,1.0444717407226562,-0.027452468872070312,0.027452468872070312,true,2ffa4dc3ef4c4675acb484b095a131b9a67cb1fa700df18e2add0d80508b5ead
fgf2,5da44b78d7e7ab289c860180b18b1a2d5e000d7d7778b2847ff97074d6ba808b,masked_substitution,0b9950ba6642ff8d1fa24141be5fda9734de9040ebd48a54396ecb6e029bee11,primary_parent,d1969ec3fedb2d0993151dc0c97d4dd5cb0efe5e809ba1a5f8715959deed7605,macrel_amp_probability,numeric,true,same_frozen_numeric_contract,maximize,probability,0.248,0.277,0.029000000000000026,0.029000000000000026,true,4c4be7346ef43f3854871323aa54332f9a7929cf5d880872dc0a3c6530750aee
fgf2,5da44b78d7e7ab289c860180b18b1a2d5e000d7d7778b2847ff97074d6ba808b,masked_substitution,0b9950ba6642ff8d1fa24141be5fda9734de9040ebd48a54396ecb6e029bee11,primary_parent,d1969ec3fedb2d0993151dc0c97d4dd5cb0efe5e809ba1a5f8715959deed7605,macrel_hemolysis_label,categorical,true,same_frozen_label_contract,audit,label,low,low,,,false,1f17526ac954e302a24dfb2c86bbc3d4e718a721534de3cddf93d0d1b806b117
fgf2,5da44b78d7e7ab289c860180b18b1a2d5e000d7d7778b2847ff97074d6ba808b,masked_substitution,0b9950ba6642ff8d1fa24141be5fda9734de9040ebd48a54396ecb6e029bee11,primary_parent,d1969ec3fedb2d0993151dc0c97d4dd5cb0efe5e809ba1a5f8715959deed7605,macrel_hemolysis_probability,numeric,true,same_frozen_numeric_contract,minimize,probability,0.347,0.485,0.138,-0.138,true,6160de3803bdabf3b6a769447d089f5f570c6d27279e9b018ca83d9f34259ad2
fgf2,5da44b78d7e7ab289c860180b18b1a2d5e000d7d7778b2847ff97074d6ba808b,masked_substitution,0b9950ba6642ff8d1fa24141be5fda9734de9040ebd48a54396ecb6e029bee11,primary_parent,d1969ec3fedb2d0993151dc0c97d4dd5cb0efe5e809ba1a5f8715959deed7605,maximum_hydrophobic_run,numeric,true,same_frozen_numeric_contract,minimize,residues,1.0,1.0,0.0,-0.0,false,a80ae26b76a5ea84a6c70478a27dd8490f2699a4d13cb33cef2e43f2f35d723e
fgf2,5da44b78d7e7ab289c860180b18b1a2d5e000d7d7778b2847ff97074d6ba808b,masked_substitution,0b9950ba6642ff8d1fa24141be5fda9734de9040ebd48a54396ecb6e029bee11,primary_parent,d1969ec3fedb2d0993151dc0c97d4dd5cb0efe5e809ba1a5f8715959deed7605,net_charge_ph7_4,numeric,false,audit_metric_has_no_monotonic_improvement_direction,audit,elementary_charge,10.025,10.023,-0.002000000000000668,,true,217fbf8cc789815f91fecceeba485f76887f47cce521a8dbd3c7a97207272d8a
fgf2,5da44b78d7e7ab289c860180b18b1a2d5e000d7d7778b2847ff97074d6ba808b,masked_substitution,0b9950ba6642ff8d1fa24141be5fda9734de9040ebd48a54396ecb6e029bee11,primary_parent,d1969ec3fedb2d0993151dc0c97d4dd5cb0efe5e809ba1a5f8715959deed7605,toxinpred3_hybrid_score,numeric,true,same_frozen_numeric_contract,minimize,dimensionless,0.3,0.31,0.010000000000000009,-0.010000000000000009,true,7e9638d3609e524d75bc331c4fc7b3bca1f19e134615924258a93587358097b7
fgf2,5da44b78d7e7ab289c860180b18b1a2d5e000d7d7778b2847ff97074d6ba808b,masked_substitution,0b9950ba6642ff8d1fa24141be5fda9734de9040ebd48a54396ecb6e029bee11,primary_parent,d1969ec3fedb2d0993151dc0c97d4dd5cb0efe5e809ba1a5f8715959deed7605,toxinpred3_label,categorical,true,same_frozen_label_contract,audit,label,Non-Toxin,Non-Toxin,,,false,96fdcb6b39cf7c154a5e9737b874c7ec2b22a8778df47522ca36185614f40f0c
fgf2,af38935c39e88913eb2dbd8d3c22b0e9a319ddad461a7765d01ca170b964fd7f,masked_substitution,08b0c4f13ed92dd468c5c3452951d71945a0ce469a29d60b22c3e8c0afbd3b9d,primary_parent,dc9964414a1b09672b2c580113f4bf332112d1c030f0bb5885ef95136237ddc1,amp_read_log10_mic_um,numeric,true,same_frozen_numeric_contract,minimize,log10(uM),2.5455829971143507,2.4625690254942034,-0.08301397162014723,0.08301397162014723,true,2a86e8227b9422edd698641109652dcd6ae2da50b58344a929681dad006d787c
fgf2,af38935c39e88913eb2dbd8d3c22b0e9a319ddad461a7765d01ca170b964fd7f,masked_substitution,08b0c4f13ed92dd468c5c3452951d71945a0ce469a29d60b22c3e8c0afbd3b9d,primary_parent,dc9964414a1b09672b2c580113f4bf332112d1c030f0bb5885ef95136237ddc1,guruprasad_instability_index,numeric,true,same_frozen_numeric_contract,minimize,index,5.695455,9.554545454545455,3.8590904545454547,-3.8590904545454547,true,c340f1bffb7eecea87cad014b96baeb21a767563b158b41db555cf38511a2b9c
fgf2,af38935c39e88913eb2dbd8d3c22b0e9a319ddad461a7765d01ca170b964fd7f,masked_substitution,08b0c4f13ed92dd468c5c3452951d71945a0ce469a29d60b22c3e8c0afbd3b9d,primary_parent,dc9964414a1b09672b2c580113f4bf332112d1c030f0bb5885ef95136237ddc1,hydrophobic_moment_eisenberg,numeric,false,audit_metric_has_no_monotonic_improvement_direction,audit,dimensionless,0.17898144767932164,0.08757079082581731,-0.09141065685350433,,true,721d6e87473eaa8394b99b0d9a3297fc4c62b5f379c875069203dd2aef42418f
fgf2,af38935c39e88913eb2dbd8d3c22b0e9a319ddad461a7765d01ca170b964fd7f,masked_substitution,08b0c4f13ed92dd468c5c3452951d71945a0ce469a29d60b22c3e8c0afbd3b9d,primary_parent,dc9964414a1b09672b2c580113f4bf332112d1c030f0bb5885ef95136237ddc1,hydrophobic_ratio_modlamp,numeric,false,audit_metric_has_no_monotonic_improvement_direction,audit,fraction,0.045454545454545456,0.09090909090909091,0.045454545454545456,,true,f86cceae7a6b1ac7f14300df19b0f07a3c01bce08ab2ead8f9100059c30fe8e0
fgf2,af38935c39e88913eb2dbd8d3c22b0e9a319ddad461a7765d01ca170b964fd7f,masked_substitution,08b0c4f13ed92dd468c5c3452951d71945a0ce469a29d60b22c3e8c0afbd3b9d,primary_parent,dc9964414a1b09672b2c580113f4bf332112d1c030f0bb5885ef95136237ddc1,llamp_log10_mic_um,numeric,true,same_frozen_numeric_contract,minimize,log10(uM),0.8619756698608398,0.8480854034423828,-0.013890266418457031,0.013890266418457031,true,e60a97322ce88f4b7ae5f055ca65019462ef33223934b848e49ea23f4599edd3
fgf2,af38935c39e88913eb2dbd8d3c22b0e9a319ddad461a7765d01ca170b964fd7f,masked_substitution,08b0c4f13ed92dd468c5c3452951d71945a0ce469a29d60b22c3e8c0afbd3b9d,primary_parent,dc9964414a1b09672b2c580113f4bf332112d1c030f0bb5885ef95136237ddc1,macrel_amp_probability,numeric,true,same_frozen_numeric_contract,maximize,probability,0.356,0.366,0.010000000000000009,0.010000000000000009,true,356785fdc37adf21742b3905e16775e4a1966dde55f43909ef73bb8253b9a2cb
fgf2,af38935c39e88913eb2dbd8d3c22b0e9a319ddad461a7765d01ca170b964fd7f,masked_substitution,08b0c4f13ed92dd468c5c3452951d71945a0ce469a29d60b22c3e8c0afbd3b9d,primary_parent,dc9964414a1b09672b2c580113f4bf332112d1c030f0bb5885ef95136237ddc1,macrel_hemolysis_label,categorical,true,same_frozen_label_contract,audit,label,low,low,,,false,4a6c40be6b6287f040d72c8e194a4b1837d615c3291aeb9a476c645493858eb9
fgf2,af38935c39e88913eb2dbd8d3c22b0e9a319ddad461a7765d01ca170b964fd7f,masked_substitution,08b0c4f13ed92dd468c5c3452951d71945a0ce469a29d60b22c3e8c0afbd3b9d,primary_parent,dc9964414a1b09672b2c580113f4bf332112d1c030f0bb5885ef95136237ddc1,macrel_hemolysis_probability,numeric,true,same_frozen_numeric_contract,minimize,probability,0.436,0.485,0.04899999999999999,-0.04899999999999999,true,42d5e3ba60ce11609ee0780666b6c2c142a36cab966a54f9dc1bf0194bd84edf
fgf2,af38935c39e88913eb2dbd8d3c22b0e9a319ddad461a7765d01ca170b964fd7f,masked_substitution,08b0c4f13ed92dd468c5c3452951d71945a0ce469a29d60b22c3e8c0afbd3b9d,primary_parent,dc9964414a1b09672b2c580113f4bf332112d1c030f0bb5885ef95136237ddc1,maximum_hydrophobic_run,numeric,true,same_frozen_numeric_contract,minimize,residues,1.0,2.0,1.0,-1.0,true,b312ad97ef50f749d174cdd60bc316e916bc012c287e56ca475c4a2050f29736
fgf2,af38935c39e88913eb2dbd8d3c22b0e9a319ddad461a7765d01ca170b964fd7f,masked_substitution,08b0c4f13ed92dd468c5c3452951d71945a0ce469a29d60b22c3e8c0afbd3b9d,primary_parent,dc9964414a1b09672b2c580113f4bf332112d1c030f0bb5885ef95136237ddc1,net_charge_ph7_4,numeric,false,audit_metric_has_no_monotonic_improvement_direction,audit,elementary_charge,6.066,5.067,-0.9989999999999997,,true,97d9e1f81e44accbda581e24e1be0e1bf8c882ba32d06de0acf9023bd982df8d
fgf2,af38935c39e88913eb2dbd8d3c22b0e9a319ddad461a7765d01ca170b964fd7f,masked_substitution,08b0c4f13ed92dd468c5c3452951d71945a0ce469a29d60b22c3e8c0afbd3b9d,primary_parent,dc9964414a1b09672b2c580113f4bf332112d1c030f0bb5885ef95136237ddc1,toxinpred3_hybrid_score,numeric,true,same_frozen_numeric_contract,minimize,dimensionless,0.0,0.0,0.0,-0.0,false,b6600d1bf95a7ab4689604db2ae810855f2103d9787dcdbabd1095c0ea63ccbd
fgf2,af38935c39e88913eb2dbd8d3c22b0e9a319ddad461a7765d01ca170b964fd7f,masked_substitution,08b0c4f13ed92dd468c5c3452951d71945a0ce469a29d60b22c3e8c0afbd3b9d,primary_parent,dc9964414a1b09672b2c580113f4bf332112d1c030f0bb5885ef95136237ddc1,toxinpred3_label,categorical,true,same_frozen_label_contract,audit,label,Non-Toxin,Non-Toxin,,,false,3a7bc50207326b15de4853990c416a3a1a007f04726ac4dc86606abfbcbae963
fgf2,a9e2dcdd43ff5d6cda907fadabfacebb36df4b9852e7ee140413f3dbf121005a,masked_substitution,d0e06990796d140b0ee22b55839c6377b25fb22230777fac1f1078379f1811a9,primary_parent,dc9964414a1b09672b2c580113f4bf332112d1c030f0bb5885ef95136237ddc1,amp_read_log10_mic_um,numeric,true,same_frozen_numeric_contract,minimize,log10(uM),2.5455829971143507,2.4673682742391225,-0.07821472287522813,0.07821472287522813,true,2c0d27d900ed2c2e1a3e9ab950fa64eb9cb77c2df6339ae1680ecb1a1490b490
fgf2,a9e2dcdd43ff5d6cda907fadabfacebb36df4b9852e7ee140413f3dbf121005a,masked_substitution,d0e06990796d140b0ee22b55839c6377b25fb22230777fac1f1078379f1811a9,primary_parent,dc9964414a1b09672b2c580113f4bf332112d1c030f0bb5885ef95136237ddc1,guruprasad_instability_index,numeric,true,same_frozen_numeric_contract,minimize,index,5.695455,9.554545454545455,3.8590904545454547,-3.8590904545454547,true,3267f5627ce6d1354268e4af56ed2ebb1647ce2c8372449a47e7056589ae315e
fgf2,a9e2dcdd43ff5d6cda907fadabfacebb36df4b9852e7ee140413f3dbf121005a,masked_substitution,d0e06990796d140b0ee22b55839c6377b25fb22230777fac1f1078379f1811a9,primary_parent,dc9964414a1b09672b2c580113f4bf332112d1c030f0bb5885ef95136237ddc1,hydrophobic_moment_eisenberg,numeric,false,audit_metric_has_no_monotonic_improvement_direction,audit,dimensionless,0.17898144767932164,0.06877783142255017,-0.11020361625677147,,true,d7c8271e5aae6df291554f8f9c1e9622f5ac6c434b7907d43c5437a50e4749ee
fgf2,a9e2dcdd43ff5d6cda907fadabfacebb36df4b9852e7ee140413f3dbf121005a,masked_substitution,d0e06990796d140b0ee22b55839c6377b25fb22230777fac1f1078379f1811a9,primary_parent,dc9964414a1b09672b2c580113f4bf332112d1c030f0bb5885ef95136237ddc1,hydrophobic_ratio_modlamp,numeric,false,audit_metric_has_no_monotonic_improvement_direction,audit,fraction,0.045454545454545456,0.09090909090909091,0.045454545454545456,,true,3868d327d22b1add840b5fc8f9f3eced1d10f94203e4b9a287fc1edc229973a5
fgf2,a9e2dcdd43ff5d6cda907fadabfacebb36df4b9852e7ee140413f3dbf121005a,masked_substitution,d0e06990796d140b0ee22b55839c6377b25fb22230777fac1f1078379f1811a9,primary_parent,dc9964414a1b09672b2c580113f4bf332112d1c030f0bb5885ef95136237ddc1,llamp_log10_mic_um,numeric,true,same_frozen_numeric_contract,minimize,log10(uM),0.8619756698608398,0.8580296039581299,-0.003946065902709961,0.003946065902709961,true,b1a94a4736f32a61aca0be13eae8e538da8b057e70887c8f6995cf82c61917bd
fgf2,a9e2dcdd43ff5d6cda907fadabfacebb36df4b9852e7ee140413f3dbf121005a,masked_substitution,d0e06990796d140b0ee22b55839c6377b25fb22230777fac1f1078379f1811a9,primary_parent,dc9964414a1b09672b2c580113f4bf332112d1c030f0bb5885ef95136237ddc1,macrel_amp_probability,numeric,true,same_frozen_numeric_contract,maximize,probability,0.356,0.366,0.010000000000000009,0.010000000000000009,true,438067dee90dcccd4550c14700fe0678dfdbfccc876dce7fef1d362ba12f2189
fgf2,a9e2dcdd43ff5d6cda907fadabfacebb36df4b9852e7ee140413f3dbf121005a,masked_substitution,d0e06990796d140b0ee22b55839c6377b25fb22230777fac1f1078379f1811a9,primary_parent,dc9964414a1b09672b2c580113f4bf332112d1c030f0bb5885ef95136237ddc1,macrel_hemolysis_label,categorical,true,same_frozen_label_contract,audit,label,low,low,,,false,d92e04e1cd722c63e31f451e3f36b62c893532269bc729f03de631d6d70f9913
fgf2,a9e2dcdd43ff5d6cda907fadabfacebb36df4b9852e7ee140413f3dbf121005a,masked_substitution,d0e06990796d140b0ee22b55839c6377b25fb22230777fac1f1078379f1811a9,primary_parent,dc9964414a1b09672b2c580113f4bf332112d1c030f0bb5885ef95136237ddc1,macrel_hemolysis_probability,numeric,true,same_frozen_numeric_contract,minimize,probability,0.436,0.485,0.04899999999999999,-0.04899999999999999,true,2f13f09265a5305ea5d6c9ece4a4f32026bfc154dccb7bb89b6123d3343f7fe9
fgf2,a9e2dcdd43ff5d6cda907fadabfacebb36df4b9852e7ee140413f3dbf121005a,masked_substitution,d0e06990796d140b0ee22b55839c6377b25fb22230777fac1f1078379f1811a9,primary_parent,dc9964414a1b09672b2c580113f4bf332112d1c030f0bb5885ef95136237ddc1,maximum_hydrophobic_run,numeric,true,same_frozen_numeric_contract,minimize,residues,1.0,2.0,1.0,-1.0,true,0aed922aec667eac4ffbe05978295106f22a5e0864ddb13307feb563b2058d59
fgf2,a9e2dcdd43ff5d6cda907fadabfacebb36df4b9852e7ee140413f3dbf121005a,masked_substitution,d0e06990796d140b0ee22b55839c6377b25fb22230777fac1f1078379f1811a9,primary_parent,dc9964414a1b09672b2c580113f4bf332112d1c030f0bb5885ef95136237ddc1,net_charge_ph7_4,numeric,false,audit_metric_has_no_monotonic_improvement_direction,audit,elementary_charge,6.066,5.067,-0.9989999999999997,,true,d5c2a977ad5fed443128cef68ce6885bc6620cbd0f1323accc5291794d7bb82b
fgf2,a9e2dcdd43ff5d6cda907fadabfacebb36df4b9852e7ee140413f3dbf121005a,masked_substitution,d0e06990796d140b0ee22b55839c6377b25fb22230777fac1f1078379f1811a9,primary_parent,dc9964414a1b09672b2c580113f4bf332112d1c030f0bb5885ef95136237ddc1,toxinpred3_hybrid_score,numeric,true,same_frozen_numeric_contract,minimize,dimensionless,0.0,0.0,0.0,-0.0,false,d35ba856e50093828b4750ff00fce3c6edfc4b3d0117c6e6d89def0f4711686b
fgf2,a9e2dcdd43ff5d6cda907fadabfacebb36df4b9852e7ee140413f3dbf121005a,masked_substitution,d0e06990796d140b0ee22b55839c6377b25fb22230777fac1f1078379f1811a9,primary_parent,dc9964414a1b09672b2c580113f4bf332112d1c030f0bb5885ef95136237ddc1,toxinpred3_label,categorical,true,same_frozen_label_contract,audit,label,Non-Toxin,Non-Toxin,,,false,f194f615494295cf528958322242d92714c15ccdd30c6d9f3b398dd9abf964d3
fgf2,b10657fc2d0679264ae6d4a816317d2207d95b59886d690ff5e63ccb2dc1fd6f,masked_substitution,48ac3f42c6ac3f6683b74808d382fae15f2517afdcffe531309fd78dc30ac0bc,primary_parent,dc9964414a1b09672b2c580113f4bf332112d1c030f0bb5885ef95136237ddc1,amp_read_log10_mic_um,numeric,true,same_frozen_numeric_contract,minimize,log10(uM),2.5455829971143507,2.310207675184798,-0.23537532192955268,0.23537532192955268,true,a7202a62e2f362c5c9ce8c9c3cf3b0201fb8e3246da6878953b64345aedf11bf
fgf2,b10657fc2d0679264ae6d4a816317d2207d95b59886d690ff5e63ccb2dc1fd6f,masked_substitution,48ac3f42c6ac3f6683b74808d382fae15f2517afdcffe531309fd78dc30ac0bc,primary_parent,dc9964414a1b09672b2c580113f4bf332112d1c030f0bb5885ef95136237ddc1,guruprasad_instability_index,numeric,true,same_frozen_numeric_contract,minimize,index,5.695455,9.554545454545455,3.8590904545454547,-3.8590904545454547,true,180d3be06b8b564dc4becb7742ec0fe4758c4ca1c098c4e5c9012a0d58a3fab7
fgf2,b10657fc2d0679264ae6d4a816317d2207d95b59886d690ff5e63ccb2dc1fd6f,masked_substitution,48ac3f42c6ac3f6683b74808d382fae15f2517afdcffe531309fd78dc30ac0bc,primary_parent,dc9964414a1b09672b2c580113f4bf332112d1c030f0bb5885ef95136237ddc1,hydrophobic_moment_eisenberg,numeric,false,audit_metric_has_no_monotonic_improvement_direction,audit,dimensionless,0.17898144767932164,0.06510060444836809,-0.11388084323095356,,true,f29325d22214e461f9dcf1fad95996f7270f0921774cc6f873c8603ca9ecd37b
fgf2,b10657fc2d0679264ae6d4a816317d2207d95b59886d690ff5e63ccb2dc1fd6f,masked_substitution,48ac3f42c6ac3f6683b74808d382fae15f2517afdcffe531309fd78dc30ac0bc,primary_parent,dc9964414a1b09672b2c580113f4bf332112d1c030f0bb5885ef95136237ddc1,hydrophobic_ratio_modlamp,numeric,false,audit_metric_has_no_monotonic_improvement_direction,audit,fraction,0.045454545454545456,0.09090909090909091,0.045454545454545456,,true,bb9e28c3a4e829d36fc2ebf54b94fbcba1b9c88927d82932097f613441acd191
fgf2,b10657fc2d0679264ae6d4a816317d2207d95b59886d690ff5e63ccb2dc1fd6f,masked_substitution,48ac3f42c6ac3f6683b74808d382fae15f2517afdcffe531309fd78dc30ac0bc,primary_parent,dc9964414a1b09672b2c580113f4bf332112d1c030f0bb5885ef95136237ddc1,llamp_log10_mic_um,numeric,true,same_frozen_numeric_contract,minimize,log10(uM),0.8619756698608398,0.8136767148971558,-0.04829895496368408,0.04829895496368408,true,547570e8c8a366be59352e86ce77f7b440138d96e376661304e3bae44f58a50d
fgf2,b10657fc2d0679264ae6d4a816317d2207d95b59886d690ff5e63ccb2dc1fd6f,masked_substitution,48ac3f42c6ac3f6683b74808d382fae15f2517afdcffe531309fd78dc30ac0bc,primary_parent,dc9964414a1b09672b2c580113f4bf332112d1c030f0bb5885ef95136237ddc1,macrel_amp_probability,numeric,true,same_frozen_numeric_contract,maximize,probability,0.356,0.248,-0.10799999999999998,-0.10799999999999998,true,6fcb9aff8231734164a74a73a5a0361711cd3d07d11ffb7ec6f392a4a2af8888
fgf2,b10657fc2d0679264ae6d4a816317d2207d95b59886d690ff5e63ccb2dc1fd6f,masked_substitution,48ac3f42c6ac3f6683b74808d382fae15f2517afdcffe531309fd78dc30ac0bc,primary_parent,dc9964414a1b09672b2c580113f4bf332112d1c030f0bb5885ef95136237ddc1,macrel_hemolysis_label,categorical,true,same_frozen_label_contract,audit,label,low,low,,,false,2def90f37feccbe0c9ed94d53530da0b849154458a78137fb170c8be9d36eb7a
fgf2,b10657fc2d0679264ae6d4a816317d2207d95b59886d690ff5e63ccb2dc1fd6f,masked_substitution,48ac3f42c6ac3f6683b74808d382fae15f2517afdcffe531309fd78dc30ac0bc,primary_parent,dc9964414a1b09672b2c580113f4bf332112d1c030f0bb5885ef95136237ddc1,macrel_hemolysis_probability,numeric,true,same_frozen_numeric_contract,minimize,probability,0.436,0.495,0.059,-0.059,true,49e56426b46a981766bd67491cdf66cd5339cfc775bc6bef22e3723dfc575406
fgf2,b10657fc2d0679264ae6d4a816317d2207d95b59886d690ff5e63ccb2dc1fd6f,masked_substitution,48ac3f42c6ac3f6683b74808d382fae15f2517afdcffe531309fd78dc30ac0bc,primary_parent,dc9964414a1b09672b2c580113f4bf332112d1c030f0bb5885ef95136237ddc1,maximum_hydrophobic_run,numeric,true,same_frozen_numeric_contract,minimize,residues,1.0,2.0,1.0,-1.0,true,c3c2d2fbfac9124d5de7d789dd8c748fe8cec1f568d7dcc86eedc38631c59dba
fgf2,b10657fc2d0679264ae6d4a816317d2207d95b59886d690ff5e63ccb2dc1fd6f,masked_substitution,48ac3f42c6ac3f6683b74808d382fae15f2517afdcffe531309fd78dc30ac0bc,primary_parent,dc9964414a1b09672b2c580113f4bf332112d1c030f0bb5885ef95136237ddc1,net_charge_ph7_4,numeric,false,audit_metric_has_no_monotonic_improvement_direction,audit,elementary_charge,6.066,5.067,-0.9989999999999997,,true,f3e810d98d4eec2455e1a112a599095777cadcc8d447befd3fa44f5c2ad40e15
fgf2,b10657fc2d0679264ae6d4a816317d2207d95b59886d690ff5e63ccb2dc1fd6f,masked_substitution,48ac3f42c6ac3f6683b74808d382fae15f2517afdcffe531309fd78dc30ac0bc,primary_parent,dc9964414a1b09672b2c580113f4bf332112d1c030f0bb5885ef95136237ddc1,toxinpred3_hybrid_score,numeric,true,same_frozen_numeric_contract,minimize,dimensionless,0.0,0.0,0.0,-0.0,false,827245aa3d2d3403e08561da5da461bd164dd882e866168a53736c8b2353ed33
fgf2,b10657fc2d0679264ae6d4a816317d2207d95b59886d690ff5e63ccb2dc1fd6f,masked_substitution,48ac3f42c6ac3f6683b74808d382fae15f2517afdcffe531309fd78dc30ac0bc,primary_parent,dc9964414a1b09672b2c580113f4bf332112d1c030f0bb5885ef95136237ddc1,toxinpred3_label,categorical,true,same_frozen_label_contract,audit,label,Non-Toxin,Non-Toxin,,,false,e4b2db32158eec9fca2854435a87edc128d4fb174148bf63bbf6c5a6343b673a
fgf2,7d0a4d6a836a5e857abab1934ff1d02e8b5d96a773fd9c68a2b0b64f8ed6df4a,masked_substitution,843c63fcca33c133da7e23776fa5d4076fa7f66331e802440d2961e339c8126c,primary_parent,dc9964414a1b09672b2c580113f4bf332112d1c030f0bb5885ef95136237ddc1,amp_read_log10_mic_um,numeric,true,same_frozen_numeric_contract,minimize,log10(uM),2.5455829971143507,2.266415584165549,-0.27916741294880154,0.27916741294880154,true,d6fd3b5f5c36d7f2013637ad15e5ea3e1742da6de4e8f488bcf0421ef64cdf29
fgf2,7d0a4d6a836a5e857abab1934ff1d02e8b5d96a773fd9c68a2b0b64f8ed6df4a,masked_substitution,843c63fcca33c133da7e23776fa5d4076fa7f66331e802440d2961e339c8126c,primary_parent,dc9964414a1b09672b2c580113f4bf332112d1c030f0bb5885ef95136237ddc1,guruprasad_instability_index,numeric,true,same_frozen_numeric_contract,minimize,index,5.695455,6.149999999999999,0.45454499999999864,-0.45454499999999864,true,9977e7618dcf7a97847acf99d62bf95f2da23a6291a6ee9e6aa48373d8f85d8a
fgf2,7d0a4d6a836a5e857abab1934ff1d02e8b5d96a773fd9c68a2b0b64f8ed6df4a,masked_substitution,843c63fcca33c133da7e23776fa5d4076fa7f66331e802440d2961e339c8126c,primary_parent,dc9964414a1b09672b2c580113f4bf332112d1c030f0bb5885ef95136237ddc1,hydrophobic_moment_eisenberg,numeric,false,audit_metric_has_no_monotonic_improvement_direction,audit,dimensionless,0.17898144767932164,0.27329674340939,0.09431529573006833,,true,19a8e33c297802c37d9c8adba7d2cae52c245c9e47664e31ba1c6f1e8d3060b5
fgf2,7d0a4d6a836a5e857abab1934ff1d02e8b5d96a773fd9c68a2b0b64f8ed6df4a,masked_substitution,843c63fcca33c133da7e23776fa5d4076fa7f66331e802440d2961e339c8126c,primary_parent,dc9964414a1b09672b2c580113f4bf332112d1c030f0bb5885ef95136237ddc1,hydrophobic_ratio_modlamp,numeric,false,audit_metric_has_no_monotonic_improvement_direction,audit,fraction,0.045454545454545456,0.045454545454545456,0.0,,false,a01251f38fcb53b453fe40bfdb3139449e50850208d27a6619147ea0ed358c37
fgf2,7d0a4d6a836a5e857abab1934ff1d02e8b5d96a773fd9c68a2b0b64f8ed6df4a,masked_substitution,843c63fcca33c133da7e23776fa5d4076fa7f66331e802440d2961e339c8126c,primary_parent,dc9964414a1b09672b2c580113f4bf332112d1c030f0bb5885ef95136237ddc1,llamp_log10_mic_um,numeric,true,same_frozen_numeric_contract,minimize,log10(uM),0.8619756698608398,1.2849971055984497,0.42302143573760986,-0.42302143573760986,true,8281f92cdcde9c6dd56d797d2dd2ae36aa00ce624b1dbc5c5e900f30d56d1926
fgf2,7d0a4d6a836a5e857abab1934ff1d02e8b5d96a773fd9c68a2b0b64f8ed6df4a,masked_substitution,843c63fcca33c133da7e23776fa5d4076fa7f66331e802440d2961e339c8126c,primary_parent,dc9964414a1b09672b2c580113f4bf332112d1c030f0bb5885ef95136237ddc1,macrel_amp_probability,numeric,true,same_frozen_numeric_contract,maximize,probability,0.356,0.416,0.06,0.06,true,21f06c93fd1fb41f70e19871fb596d1f0d7aa8ad3d68ba52d6b20c390ae01eec
fgf2,7d0a4d6a836a5e857abab1934ff1d02e8b5d96a773fd9c68a2b0b64f8ed6df4a,masked_substitution,843c63fcca33c133da7e23776fa5d4076fa7f66331e802440d2961e339c8126c,primary_parent,dc9964414a1b09672b2c580113f4bf332112d1c030f0bb5885ef95136237ddc1,macrel_hemolysis_label,categorical,true,same_frozen_label_contract,audit,label,low,low,,,false,ba237b3c62b7520f4f8d6d18bea272913e395ec7b76745be99f7061f50f85755
fgf2,7d0a4d6a836a5e857abab1934ff1d02e8b5d96a773fd9c68a2b0b64f8ed6df4a,masked_substitution,843c63fcca33c133da7e23776fa5d4076fa7f66331e802440d2961e339c8126c,primary_parent,dc9964414a1b09672b2c580113f4bf332112d1c030f0bb5885ef95136237ddc1,macrel_hemolysis_probability,numeric,true,same_frozen_numeric_contract,minimize,probability,0.436,0.485,0.04899999999999999,-0.04899999999999999,true,9d0bbcc06cfbcb429734ae78bd0976ec3f88e5341701c3bc07bccd5e0feeff26
fgf2,7d0a4d6a836a5e857abab1934ff1d02e8b5d96a773fd9c68a2b0b64f8ed6df4a,masked_substitution,843c63fcca33c133da7e23776fa5d4076fa7f66331e802440d2961e339c8126c,primary_parent,dc9964414a1b09672b2c580113f4bf332112d1c030f0bb5885ef95136237ddc1,maximum_hydrophobic_run,numeric,true,same_frozen_numeric_contract,minimize,residues,1.0,2.0,1.0,-1.0,true,88faf7d33025452aaf99ed3b52f952e165d8535684e01e72fc1aec4748513b68
fgf2,7d0a4d6a836a5e857abab1934ff1d02e8b5d96a773fd9c68a2b0b64f8ed6df4a,masked_substitution,843c63fcca33c133da7e23776fa5d4076fa7f66331e802440d2961e339c8126c,primary_parent,dc9964414a1b09672b2c580113f4bf332112d1c030f0bb5885ef95136237ddc1,net_charge_ph7_4,numeric,false,audit_metric_has_no_monotonic_improvement_direction,audit,elementary_charge,6.066,5.067,-0.9989999999999997,,true,ab9e64e43e8ece9ecc62ac1feb9c4f4ad2d1f90ea47cf09e7fa26460718442b5
fgf2,7d0a4d6a836a5e857abab1934ff1d02e8b5d96a773fd9c68a2b0b64f8ed6df4a,masked_substitution,843c63fcca33c133da7e23776fa5d4076fa7f66331e802440d2961e339c8126c,primary_parent,dc9964414a1b09672b2c580113f4bf332112d1c030f0bb5885ef95136237ddc1,toxinpred3_hybrid_score,numeric,true,same_frozen_numeric_contract,minimize,dimensionless,0.0,0.0,0.0,-0.0,false,02790daa0bc4caee3147d72386e5cfe59efe786ad8de8b4ddfad9d51951c91cc
fgf2,7d0a4d6a836a5e857abab1934ff1d02e8b5d96a773fd9c68a2b0b64f8ed6df4a,masked_substitution,843c63fcca33c133da7e23776fa5d4076fa7f66331e802440d2961e339c8126c,primary_parent,dc9964414a1b09672b2c580113f4bf332112d1c030f0bb5885ef95136237ddc1,toxinpred3_label,categorical,true,same_frozen_label_contract,audit,label,Non-Toxin,Non-Toxin,,,false,9ff7632c3925bcb0a1536f483fca731f0b3fd8348d96f92a8d192599ac93ec5a
fgf2,f127c41c94b908b15bab3cdc8b2c471dc705e3df8a6c016578336b1d78dddb96,masked_substitution,8d5dfd4515f40e468b9b4e4bae7798a57d27ced7c247cd20d6e49e08ee83e050,primary_parent,dc9964414a1b09672b2c580113f4bf332112d1c030f0bb5885ef95136237ddc1,amp_read_log10_mic_um,numeric,true,same_frozen_numeric_contract,minimize,log10(uM),2.5455829971143507,2.1581556955949757,-0.387427301519375,0.387427301519375,true,fb846be17a86437cd15bc09d410dbf9804d03fb35d3e3b58f7c22c695e4b2e88
fgf2,f127c41c94b908b15bab3cdc8b2c471dc705e3df8a6c016578336b1d78dddb96,masked_substitution,8d5dfd4515f40e468b9b4e4bae7798a57d27ced7c247cd20d6e49e08ee83e050,primary_parent,dc9964414a1b09672b2c580113f4bf332112d1c030f0bb5885ef95136237ddc1,guruprasad_instability_index,numeric,true,same_frozen_numeric_contract,minimize,index,5.695455,13.413636363636364,7.718181363636364,-7.718181363636364,true,3d57f17a62e6d30f9adae1b69738009897d6f95c1ccbae5e8b453c71ee5d169a
fgf2,f127c41c94b908b15bab3cdc8b2c471dc705e3df8a6c016578336b1d78dddb96,masked_substitution,8d5dfd4515f40e468b9b4e4bae7798a57d27ced7c247cd20d6e49e08ee83e050,primary_parent,dc9964414a1b09672b2c580113f4bf332112d1c030f0bb5885ef95136237ddc1,hydrophobic_moment_eisenberg,numeric,false,audit_metric_has_no_monotonic_improvement_direction,audit,dimensionless,0.17898144767932164,0.16917012642059256,-0.009811321258729078,,true,31d785d4b9131181762ef64f1a1f1d7dbb2689bda0d812d8a04ec82c05c785ea
fgf2,f127c41c94b908b15bab3cdc8b2c471dc705e3df8a6c016578336b1d78dddb96,masked_substitution,8d5dfd4515f40e468b9b4e4bae7798a57d27ced7c247cd20d6e49e08ee83e050,primary_parent,dc9964414a1b09672b2c580113f4bf332112d1c030f0bb5885ef95136237ddc1,hydrophobic_ratio_modlamp,numeric,false,audit_metric_has_no_monotonic_improvement_direction,audit,fraction,0.045454545454545456,0.045454545454545456,0.0,,false,b780f9e1435bbdf0eec474b0b031970617a9ce1dee96d61a31e382451970ce7a
fgf2,f127c41c94b908b15bab3cdc8b2c471dc705e3df8a6c016578336b1d78dddb96,masked_substitution,8d5dfd4515f40e468b9b4e4bae7798a57d27ced7c247cd20d6e49e08ee83e050,primary_parent,dc9964414a1b09672b2c580113f4bf332112d1c030f0bb5885ef95136237ddc1,llamp_log10_mic_um,numeric,true,same_frozen_numeric_contract,minimize,log10(uM),0.8619756698608398,0.8047271966934204,-0.057248473167419434,0.057248473167419434,true,37b3c4151414278637df67eba1d056f358bb9d9e8f682ed2b94c76110887088a
fgf2,f127c41c94b908b15bab3cdc8b2c471dc705e3df8a6c016578336b1d78dddb96,masked_substitution,8d5dfd4515f40e468b9b4e4bae7798a57d27ced7c247cd20d6e49e08ee83e050,primary_parent,dc9964414a1b09672b2c580113f4bf332112d1c030f0bb5885ef95136237ddc1,macrel_amp_probability,numeric,true,same_frozen_numeric_contract,maximize,probability,0.356,0.436,0.08000000000000002,0.08000000000000002,true,965ff62e13c542a6c499ecaffd0a68e5d484f3d637f84f4101d34de945a20b63
fgf2,f127c41c94b908b15bab3cdc8b2c471dc705e3df8a6c016578336b1d78dddb96,masked_substitution,8d5dfd4515f40e468b9b4e4bae7798a57d27ced7c247cd20d6e49e08ee83e050,primary_parent,dc9964414a1b09672b2c580113f4bf332112d1c030f0bb5885ef95136237ddc1,macrel_hemolysis_label,categorical,true,same_frozen_label_contract,audit,label,low,low,,,false,600acc3bfd87eaf422cc894e939aa9ab64a02826cd14945c5927afd32f126feb
fgf2,f127c41c94b908b15bab3cdc8b2c471dc705e3df8a6c016578336b1d78dddb96,masked_substitution,8d5dfd4515f40e468b9b4e4bae7798a57d27ced7c247cd20d6e49e08ee83e050,primary_parent,dc9964414a1b09672b2c580113f4bf332112d1c030f0bb5885ef95136237ddc1,macrel_hemolysis_probability,numeric,true,same_frozen_numeric_contract,minimize,probability,0.436,0.485,0.04899999999999999,-0.04899999999999999,true,739adea6d6c559ff8fa796d8dfdae60f38b19096dd5e1906369c9ee1b78a5085
fgf2,f127c41c94b908b15bab3cdc8b2c471dc705e3df8a6c016578336b1d78dddb96,masked_substitution,8d5dfd4515f40e468b9b4e4bae7798a57d27ced7c247cd20d6e49e08ee83e050,primary_parent,dc9964414a1b09672b2c580113f4bf332112d1c030f0bb5885ef95136237ddc1,maximum_hydrophobic_run,numeric,true,same_frozen_numeric_contract,minimize,residues,1.0,2.0,1.0,-1.0,true,4fc69d7103475b039fd1035f8ce9bab49f683fed084c79f3d1d94a9621e3b199
fgf2,f127c41c94b908b15bab3cdc8b2c471dc705e3df8a6c016578336b1d78dddb96,masked_substitution,8d5dfd4515f40e468b9b4e4bae7798a57d27ced7c247cd20d6e49e08ee83e050,primary_parent,dc9964414a1b09672b2c580113f4bf332112d1c030f0bb5885ef95136237ddc1,net_charge_ph7_4,numeric,false,audit_metric_has_no_monotonic_improvement_direction,audit,elementary_charge,6.066,6.066,0.0,,false,f75651a91f65ddc300a1609244fc040d7e82db9c7f8e0c6dc5a9d6970aa59fa6
fgf2,f127c41c94b908b15bab3cdc8b2c471dc705e3df8a6c016578336b1d78dddb96,masked_substitution,8d5dfd4515f40e468b9b4e4bae7798a57d27ced7c247cd20d6e49e08ee83e050,primary_parent,dc9964414a1b09672b2c580113f4bf332112d1c030f0bb5885ef95136237ddc1,toxinpred3_hybrid_score,numeric,true,same_frozen_numeric_contract,minimize,dimensionless,0.0,0.0,0.0,-0.0,false,3965bea65fec60e94a95d629f62d170ceb1712b5758f31460aedb1e02b9474c5
fgf2,f127c41c94b908b15bab3cdc8b2c471dc705e3df8a6c016578336b1d78dddb96,masked_substitution,8d5dfd4515f40e468b9b4e4bae7798a57d27ced7c247cd20d6e49e08ee83e050,primary_parent,dc9964414a1b09672b2c580113f4bf332112d1c030f0bb5885ef95136237ddc1,toxinpred3_label,categorical,true,same_frozen_label_contract,audit,label,Non-Toxin,Non-Toxin,,,false,e94617456198db85adb7512b1b33c0dde160be41c0385229d2f42a4b0f8d50cb
fgf2,4abeb028a8fb6247ab6310a66976ac92820c377da533bacb937869e01904ca07,masked_substitution,1d3588cb57120e74a975142301e46eee6c78d9c0a022b0d482e8bac84b47b19d,primary_parent,dc9964414a1b09672b2c580113f4bf332112d1c030f0bb5885ef95136237ddc1,amp_read_log10_mic_um,numeric,true,same_frozen_numeric_contract,minimize,log10(uM),2.5455829971143507,2.470000192460833,-0.07558280465351785,0.07558280465351785,true,a839973bda61412bb0019a4799dcc5855d1d0d9ac0185ae0fd4cc3234d0e901f
fgf2,4abeb028a8fb6247ab6310a66976ac92820c377da533bacb937869e01904ca07,masked_substitution,1d3588cb57120e74a975142301e46eee6c78d9c0a022b0d482e8bac84b47b19d,primary_parent,dc9964414a1b09672b2c580113f4bf332112d1c030f0bb5885ef95136237ddc1,guruprasad_instability_index,numeric,true,same_frozen_numeric_contract,minimize,index,5.695455,19.022727272727273,13.327272272727274,-13.327272272727274,true,cf8a200047b7b8bba432aa0a3174b439fadc4b1470aecddc7c9e360b5fc58610
fgf2,4abeb028a8fb6247ab6310a66976ac92820c377da533bacb937869e01904ca07,masked_substitution,1d3588cb57120e74a975142301e46eee6c78d9c0a022b0d482e8bac84b47b19d,primary_parent,dc9964414a1b09672b2c580113f4bf332112d1c030f0bb5885ef95136237ddc1,hydrophobic_moment_eisenberg,numeric,false,audit_metric_has_no_monotonic_improvement_direction,audit,dimensionless,0.17898144767932164,0.18590744087727293,0.006925993197951286,,true,fc7ce1864860f5ed41cc93cc17182b5921f035f8221d7c8859157e5e4b2dfe7b
fgf2,4abeb028a8fb6247ab6310a66976ac92820c377da533bacb937869e01904ca07,masked_substitution,1d3588cb57120e74a975142301e46eee6c78d9c0a022b0d482e8bac84b47b19d,primary_parent,dc9964414a1b09672b2c580113f4bf332112d1c030f0bb5885ef95136237ddc1,hydrophobic_ratio_modlamp,numeric,false,audit_metric_has_no_monotonic_improvement_direction,audit,fraction,0.045454545454545456,0.045454545454545456,0.0,,false,5a9a2322071114644a02b7f76036900a105168f2b270c065725dc44b5b9529cb
fgf2,4abeb028a8fb6247ab6310a66976ac92820c377da533bacb937869e01904ca07,masked_substitution,1d3588cb57120e74a975142301e46eee6c78d9c0a022b0d482e8bac84b47b19d,primary_parent,dc9964414a1b09672b2c580113f4bf332112d1c030f0bb5885ef95136237ddc1,llamp_log10_mic_um,numeric,true,same_frozen_numeric_contract,minimize,log10(uM),0.8619756698608398,0.8990879058837891,0.03711223602294922,-0.03711223602294922,true,c502dc1a3f8ff88e17e823f2efaa81ebe46432dc5a4b121252730b4cc40b7d78
fgf2,4abeb028a8fb6247ab6310a66976ac92820c377da533bacb937869e01904ca07,masked_substitution,1d3588cb57120e74a975142301e46eee6c78d9c0a022b0d482e8bac84b47b19d,primary_parent,dc9964414a1b09672b2c580113f4bf332112d1c030f0bb5885ef95136237ddc1,macrel_amp_probability,numeric,true,same_frozen_numeric_contract,maximize,probability,0.356,0.406,0.050000000000000044,0.050000000000000044,true,01032b5e7725eacf4d507fe4ae12c0ab8c65efecc5e3d456c7eb3d783c169a1d
fgf2,4abeb028a8fb6247ab6310a66976ac92820c377da533bacb937869e01904ca07,masked_substitution,1d3588cb57120e74a975142301e46eee6c78d9c0a022b0d482e8bac84b47b19d,primary_parent,dc9964414a1b09672b2c580113f4bf332112d1c030f0bb5885ef95136237ddc1,macrel_hemolysis_label,categorical,true,same_frozen_label_contract,audit,label,low,low,,,false,7af2b4c866d1623aff7d946a6494b8e83fb8cd360222f6ccacc2cfab83da7f5c
fgf2,4abeb028a8fb6247ab6310a66976ac92820c377da533bacb937869e01904ca07,masked_substitution,1d3588cb57120e74a975142301e46eee6c78d9c0a022b0d482e8bac84b47b19d,primary_parent,dc9964414a1b09672b2c580113f4bf332112d1c030f0bb5885ef95136237ddc1,macrel_hemolysis_probability,numeric,true,same_frozen_numeric_contract,minimize,probability,0.436,0.446,0.010000000000000009,-0.010000000000000009,true,f117bd2172734e1c299630c2e21f73d177e90511ed37f1084ce3efc70d79d4dc
fgf2,4abeb028a8fb6247ab6310a66976ac92820c377da533bacb937869e01904ca07,masked_substitution,1d3588cb57120e74a975142301e46eee6c78d9c0a022b0d482e8bac84b47b19d,primary_parent,dc9964414a1b09672b2c580113f4bf332112d1c030f0bb5885ef95136237ddc1,maximum_hydrophobic_run,numeric,true,same_frozen_numeric_contract,minimize,residues,1.0,2.0,1.0,-1.0,true,eb37ea29c5a2067d67b54a289af568e4c810ac8946ca05826ca70a34305c8052
fgf2,4abeb028a8fb6247ab6310a66976ac92820c377da533bacb937869e01904ca07,masked_substitution,1d3588cb57120e74a975142301e46eee6c78d9c0a022b0d482e8bac84b47b19d,primary_parent,dc9964414a1b09672b2c580113f4bf332112d1c030f0bb5885ef95136237ddc1,net_charge_ph7_4,numeric,false,audit_metric_has_no_monotonic_improvement_direction,audit,elementary_charge,6.066,6.064,-0.0019999999999997797,,true,e1c43583ae276497eed1c812695bec55e6c83079bcfd9322d12a4acf9dc6ee0e
fgf2,4abeb028a8fb6247ab6310a66976ac92820c377da533bacb937869e01904ca07,masked_substitution,1d3588cb57120e74a975142301e46eee6c78d9c0a022b0d482e8bac84b47b19d,primary_parent,dc9964414a1b09672b2c580113f4bf332112d1c030f0bb5885ef95136237ddc1,toxinpred3_hybrid_score,numeric,true,same_frozen_numeric_contract,minimize,dimensionless,0.0,0.0,0.0,-0.0,false,09e350c095f2bf1ad1d4e5354158d809b9f4067ce63d0a298fc8931d03dce5df
fgf2,4abeb028a8fb6247ab6310a66976ac92820c377da533bacb937869e01904ca07,masked_substitution,1d3588cb57120e74a975142301e46eee6c78d9c0a022b0d482e8bac84b47b19d,primary_parent,dc9964414a1b09672b2c580113f4bf332112d1c030f0bb5885ef95136237ddc1,toxinpred3_label,categorical,true,same_frozen_label_contract,audit,label,Non-Toxin,Non-Toxin,,,false,07e65a7d76f16f94b1048bb8627f8162b0904fa8af3bb8af82a5b0d9eed886c9
fgf2,1ef87c40569cb5ca40bd66c5dbb2537f1dcb2801701701306c8cae2d3f88f525,masked_substitution,aa577471ff914b8af06d424ef1ef11775249f93a2e3d351775587c28508e52e7,primary_parent,dc9964414a1b09672b2c580113f4bf332112d1c030f0bb5885ef95136237ddc1,amp_read_log10_mic_um,numeric,true,same_frozen_numeric_contract,minimize,log10(uM),2.5455829971143507,2.5072292587347507,-0.03835373837959999,0.03835373837959999,true,5ec00930d7ec38e58447c46ca057b5ec6edb794a50cd47e5b4f6bf5e14fd895f
fgf2,1ef87c40569cb5ca40bd66c5dbb2537f1dcb2801701701306c8cae2d3f88f525,masked_substitution,aa577471ff914b8af06d424ef1ef11775249f93a2e3d351775587c28508e52e7,primary_parent,dc9964414a1b09672b2c580113f4bf332112d1c030f0bb5885ef95136237ddc1,guruprasad_instability_index,numeric,true,same_frozen_numeric_contract,minimize,index,5.695455,16.459090909090907,10.763635909090908,-10.763635909090908,true,2feb8fc4b8f8f26ff3105df952fb7b259cb963f4c19a6666c33a4ca900c48051
fgf2,1ef87c40569cb5ca40bd66c5dbb2537f1dcb2801701701306c8cae2d3f88f525,masked_substitution,aa577471ff914b8af06d424ef1ef11775249f93a2e3d351775587c28508e52e7,primary_parent,dc9964414a1b09672b2c580113f4bf332112d1c030f0bb5885ef95136237ddc1,hydrophobic_moment_eisenberg,numeric,false,audit_metric_has_no_monotonic_improvement_direction,audit,dimensionless,0.17898144767932164,0.1846589841814702,0.005677536502148556,,true,b2e2382fb6116e53be3114592054bf89d504995f9e06650f8b115848035dfa91
fgf2,1ef87c40569cb5ca40bd66c5dbb2537f1dcb2801701701306c8cae2d3f88f525,masked_substitution,aa577471ff914b8af06d424ef1ef11775249f93a2e3d351775587c28508e52e7,primary_parent,dc9964414a1b09672b2c580113f4bf332112d1c030f0bb5885ef95136237ddc1,hydrophobic_ratio_modlamp,numeric,false,audit_metric_has_no_monotonic_improvement_direction,audit,fraction,0.045454545454545456,0.09090909090909091,0.045454545454545456,,true,7a1ce1571748f54eea9591de70a0495c148b8860d7631e313af7b2052b5445a9
fgf2,1ef87c40569cb5ca40bd66c5dbb2537f1dcb2801701701306c8cae2d3f88f525,masked_substitution,aa577471ff914b8af06d424ef1ef11775249f93a2e3d351775587c28508e52e7,primary_parent,dc9964414a1b09672b2c580113f4bf332112d1c030f0bb5885ef95136237ddc1,llamp_log10_mic_um,numeric,true,same_frozen_numeric_contract,minimize,log10(uM),0.8619756698608398,0.8683736324310303,0.00639796257019043,-0.00639796257019043,true,8e77c623ca1c84559b74c29786860221151a04d1a45d8e60fdc5f9e3ddc18de4
fgf2,1ef87c40569cb5ca40bd66c5dbb2537f1dcb2801701701306c8cae2d3f88f525,masked_substitution,aa577471ff914b8af06d424ef1ef11775249f93a2e3d351775587c28508e52e7,primary_parent,dc9964414a1b09672b2c580113f4bf332112d1c030f0bb5885ef95136237ddc1,macrel_amp_probability,numeric,true,same_frozen_numeric_contract,maximize,probability,0.356,0.307,-0.04899999999999999,-0.04899999999999999,true,ad1fafe4bc19a72b5ba0776ad9f9b0f750dc15d012ab811e0dfe74e2a65a6fc3
fgf2,1ef87c40569cb5ca40bd66c5dbb2537f1dcb2801701701306c8cae2d3f88f525,masked_substitution,aa577471ff914b8af06d424ef1ef11775249f93a2e3d351775587c28508e52e7,primary_parent,dc9964414a1b09672b2c580113f4bf332112d1c030f0bb5885ef95136237ddc1,macrel_hemolysis_label,categorical,true,same_frozen_label_contract,audit,label,low,low,,,false,ebc3c19bac6e167bf01346eb9446b1925cbf47e9569c1382b6686e3d00d02cff
fgf2,1ef87c40569cb5ca40bd66c5dbb2537f1dcb2801701701306c8cae2d3f88f525,masked_substitution,aa577471ff914b8af06d424ef1ef11775249f93a2e3d351775587c28508e52e7,primary_parent,dc9964414a1b09672b2c580113f4bf332112d1c030f0bb5885ef95136237ddc1,macrel_hemolysis_probability,numeric,true,same_frozen_numeric_contract,minimize,probability,0.436,0.436,0.0,-0.0,false,efd6b2af6b6ad82f1a1548b573d01cc1091b50d0ce2df30d583cc8e2ee860597
fgf2,1ef87c40569cb5ca40bd66c5dbb2537f1dcb2801701701306c8cae2d3f88f525,masked_substitution,aa577471ff914b8af06d424ef1ef11775249f93a2e3d351775587c28508e52e7,primary_parent,dc9964414a1b09672b2c580113f4bf332112d1c030f0bb5885ef95136237ddc1,maximum_hydrophobic_run,numeric,true,same_frozen_numeric_contract,minimize,residues,1.0,2.0,1.0,-1.0,true,01c0c62ef3e7c23f0d2a25d50a20c07e1d1e924bdb1f05d1a1d4603351acfa60
fgf2,1ef87c40569cb5ca40bd66c5dbb2537f1dcb2801701701306c8cae2d3f88f525,masked_substitution,aa577471ff914b8af06d424ef1ef11775249f93a2e3d351775587c28508e52e7,primary_parent,dc9964414a1b09672b2c580113f4bf332112d1c030f0bb5885ef95136237ddc1,net_charge_ph7_4,numeric,false,audit_metric_has_no_monotonic_improvement_direction,audit,elementary_charge,6.066,6.066,0.0,,false,0c4178ac51cf20fd206f463b8a04d58d3985823e982c3d05b35725da5a3e1da2
fgf2,1ef87c40569cb5ca40bd66c5dbb2537f1dcb2801701701306c8cae2d3f88f525,masked_substitution,aa577471ff914b8af06d424ef1ef11775249f93a2e3d351775587c28508e52e7,primary_parent,dc9964414a1b09672b2c580113f4bf332112d1c030f0bb5885ef95136237ddc1,toxinpred3_hybrid_score,numeric,true,same_frozen_numeric_contract,minimize,dimensionless,0.0,0.0,0.0,-0.0,false,6f0f915ac6d563befe975d868422e89eedd7e258d7d7b67b9159324e2b599a51
fgf2,1ef87c40569cb5ca40bd66c5dbb2537f1dcb2801701701306c8cae2d3f88f525,masked_substitution,aa577471ff914b8af06d424ef1ef11775249f93a2e3d351775587c28508e52e7,primary_parent,dc9964414a1b09672b2c580113f4bf332112d1c030f0bb5885ef95136237ddc1,toxinpred3_label,categorical,true,same_frozen_label_contract,audit,label,Non-Toxin,Non-Toxin,,,false,b8a00ddf358cf4c931f7b0055536938b4458887db22df9cc2cc48795567056a6
fgf2,95aa5f49e7e5da4e20b439bd2621df0789f3e8bc7af7829d47e492e4bd386cb3,masked_substitution,e4c56f214fd726d57cb5833082d74ff9281887b68225d0abbdc613f2b3134a23,primary_parent,dc9964414a1b09672b2c580113f4bf332112d1c030f0bb5885ef95136237ddc1,amp_read_log10_mic_um,numeric,true,same_frozen_numeric_contract,minimize,log10(uM),2.5455829971143507,2.1317484426143323,-0.4138345545000184,0.4138345545000184,true,15b1ec228540dc79b9e45c54b60689a3bf0613eb863cc315e9a0790a7e8ac8ea
fgf2,95aa5f49e7e5da4e20b439bd2621df0789f3e8bc7af7829d47e492e4bd386cb3,masked_substitution,e4c56f214fd726d57cb5833082d74ff9281887b68225d0abbdc613f2b3134a23,primary_parent,dc9964414a1b09672b2c580113f4bf332112d1c030f0bb5885ef95136237ddc1,guruprasad_instability_index,numeric,true,same_frozen_numeric_contract,minimize,index,5.695455,15.163636363636362,9.468181363636361,-9.468181363636361,true,b2d7d1255c42893884f4f98ae60d64c9a62de76f9b50f014fb4a3810bab1d8b6
fgf2,95aa5f49e7e5da4e20b439bd2621df0789f3e8bc7af7829d47e492e4bd386cb3,masked_substitution,e4c56f214fd726d57cb5833082d74ff9281887b68225d0abbdc613f2b3134a23,primary_parent,dc9964414a1b09672b2c580113f4bf332112d1c030f0bb5885ef95136237ddc1,hydrophobic_moment_eisenberg,numeric,false,audit_metric_has_no_monotonic_improvement_direction,audit,dimensionless,0.17898144767932164,0.2086025357450553,0.02962108806573366,,true,1a84728a385134ba39c4abe2c9995983aeafbf9c3eda837bf1610906498dcfd7
fgf2,95aa5f49e7e5da4e20b439bd2621df0789f3e8bc7af7829d47e492e4bd386cb3,masked_substitution,e4c56f214fd726d57cb5833082d74ff9281887b68225d0abbdc613f2b3134a23,primary_parent,dc9964414a1b09672b2c580113f4bf332112d1c030f0bb5885ef95136237ddc1,hydrophobic_ratio_modlamp,numeric,false,audit_metric_has_no_monotonic_improvement_direction,audit,fraction,0.045454545454545456,0.09090909090909091,0.045454545454545456,,true,33924b32c108dbc989a29abfe38f53172a16bc214907325c5870f64d393d458f
fgf2,95aa5f49e7e5da4e20b439bd2621df0789f3e8bc7af7829d47e492e4bd386cb3,masked_substitution,e4c56f214fd726d57cb5833082d74ff9281887b68225d0abbdc613f2b3134a23,primary_parent,dc9964414a1b09672b2c580113f4bf332112d1c030f0bb5885ef95136237ddc1,llamp_log10_mic_um,numeric,true,same_frozen_numeric_contract,minimize,log10(uM),0.8619756698608398,0.884424090385437,0.022448420524597168,-0.022448420524597168,true,a2a387170a3df476a0002e3aaf149dcb4e0e493ecf3355d8381c93df65960412
fgf2,95aa5f49e7e5da4e20b439bd2621df0789f3e8bc7af7829d47e492e4bd386cb3,masked_substitution,e4c56f214fd726d57cb5833082d74ff9281887b68225d0abbdc613f2b3134a23,primary_parent,dc9964414a1b09672b2c580113f4bf332112d1c030f0bb5885ef95136237ddc1,macrel_amp_probability,numeric,true,same_frozen_numeric_contract,maximize,probability,0.356,0.416,0.06,0.06,true,3e2a3cdf7e7984df97e62866db4ff98362460cd831d9ff2ff4f3b9cef524dc55
fgf2,95aa5f49e7e5da4e20b439bd2621df0789f3e8bc7af7829d47e492e4bd386cb3,masked_substitution,e4c56f214fd726d57cb5833082d74ff9281887b68225d0abbdc613f2b3134a23,primary_parent,dc9964414a1b09672b2c580113f4bf332112d1c030f0bb5885ef95136237ddc1,macrel_hemolysis_label,categorical,true,same_frozen_label_contract,audit,label,low,low,,,false,a30cdadc09830bb84072273dc29b1655978f1408b0cbac3c8f1d2445f81e3781
fgf2,95aa5f49e7e5da4e20b439bd2621df0789f3e8bc7af7829d47e492e4bd386cb3,masked_substitution,e4c56f214fd726d57cb5833082d74ff9281887b68225d0abbdc613f2b3134a23,primary_parent,dc9964414a1b09672b2c580113f4bf332112d1c030f0bb5885ef95136237ddc1,macrel_hemolysis_probability,numeric,true,same_frozen_numeric_contract,minimize,probability,0.436,0.475,0.03899999999999998,-0.03899999999999998,true,f70865aee93888fc361f7bfa09a221fa2d07d393680f767b5c2d21abd14d2af6
fgf2,95aa5f49e7e5da4e20b439bd2621df0789f3e8bc7af7829d47e492e4bd386cb3,masked_substitution,e4c56f214fd726d57cb5833082d74ff9281887b68225d0abbdc613f2b3134a23,primary_parent,dc9964414a1b09672b2c580113f4bf332112d1c030f0bb5885ef95136237ddc1,maximum_hydrophobic_run,numeric,true,same_frozen_numeric_contract,minimize,residues,1.0,2.0,1.0,-1.0,true,05d11795f955822a0ec803f64b8241274d84c5c077a06000cb4e9e1bc8082072
fgf2,95aa5f49e7e5da4e20b439bd2621df0789f3e8bc7af7829d47e492e4bd386cb3,masked_substitution,e4c56f214fd726d57cb5833082d74ff9281887b68225d0abbdc613f2b3134a23,primary_parent,dc9964414a1b09672b2c580113f4bf332112d1c030f0bb5885ef95136237ddc1,net_charge_ph7_4,numeric,false,audit_metric_has_no_monotonic_improvement_direction,audit,elementary_charge,6.066,6.066,0.0,,false,619a4b40f721ababa0100b9c96a27eafe431e43fbecbcc1eca48c4d9b6d95454
fgf2,95aa5f49e7e5da4e20b439bd2621df0789f3e8bc7af7829d47e492e4bd386cb3,masked_substitution,e4c56f214fd726d57cb5833082d74ff9281887b68225d0abbdc613f2b3134a23,primary_parent,dc9964414a1b09672b2c580113f4bf332112d1c030f0bb5885ef95136237ddc1,toxinpred3_hybrid_score,numeric,true,same_frozen_numeric_contract,minimize,dimensionless,0.0,0.0,0.0,-0.0,false,c6b969e3dbe86080ee30c3cd6006d507cdace70c8cfe79d2ede4b23b9bc5c6ce
fgf2,95aa5f49e7e5da4e20b439bd2621df0789f3e8bc7af7829d47e492e4bd386cb3,masked_substitution,e4c56f214fd726d57cb5833082d74ff9281887b68225d0abbdc613f2b3134a23,primary_parent,dc9964414a1b09672b2c580113f4bf332112d1c030f0bb5885ef95136237ddc1,toxinpred3_label,categorical,true,same_frozen_label_contract,audit,label,Non-Toxin,Non-Toxin,,,false,e05d18c7bf284f65104e8ba67308b0fbdb50ade37703eaa656b3b5338b576e03
fgf2,82b2c4ca3ae2132a45fe5cb4a50a96ab3c4a250254ad14448fb19c933106b797,masked_substitution,524c15f974f72681facc25fd5c6ac205ed2038a4718cd5766eb536bdddaf703a,primary_parent,dc9964414a1b09672b2c580113f4bf332112d1c030f0bb5885ef95136237ddc1,amp_read_log10_mic_um,numeric,true,same_frozen_numeric_contract,minimize,log10(uM),2.5455829971143507,2.2286110406040778,-0.3169719565102729,0.3169719565102729,true,e6f47e429f9964443080326f2ec9474090aae445ca007b5d3df2807180768f12
fgf2,82b2c4ca3ae2132a45fe5cb4a50a96ab3c4a250254ad14448fb19c933106b797,masked_substitution,524c15f974f72681facc25fd5c6ac205ed2038a4718cd5766eb536bdddaf703a,primary_parent,dc9964414a1b09672b2c580113f4bf332112d1c030f0bb5885ef95136237ddc1,guruprasad_instability_index,numeric,true,same_frozen_numeric_contract,minimize,index,5.695455,4.840909090909092,-0.8545459090909082,0.8545459090909082,true,27c2d9ecb558afb9acf61c45f0dc86e99e0768c921aaef2e8be82116322e829d
fgf2,82b2c4ca3ae2132a45fe5cb4a50a96ab3c4a250254ad14448fb19c933106b797,masked_substitution,524c15f974f72681facc25fd5c6ac205ed2038a4718cd5766eb536bdddaf703a,primary_parent,dc9964414a1b09672b2c580113f4bf332112d1c030f0bb5885ef95136237ddc1,hydrophobic_moment_eisenberg,numeric,false,audit_metric_has_no_monotonic_improvement_direction,audit,dimensionless,0.17898144767932164,0.1924328931628,0.013451445483478347,,true,fb16ca6e5db7ffcd0b9e82948466150473328fd723f0764f2223167f88fc0c74
fgf2,82b2c4ca3ae2132a45fe5cb4a50a96ab3c4a250254ad14448fb19c933106b797,masked_substitution,524c15f974f72681facc25fd5c6ac205ed2038a4718cd5766eb536bdddaf703a,primary_parent,dc9964414a1b09672b2c580113f4bf332112d1c030f0bb5885ef95136237ddc1,hydrophobic_ratio_modlamp,numeric,false,audit_metric_has_no_monotonic_improvement_direction,audit,fraction,0.045454545454545456,0.045454545454545456,0.0,,false,4e8c817a6652205ee0f8e07d2b8de7033480316955464ce0ef1bd41ac5e5d5b6
fgf2,82b2c4ca3ae2132a45fe5cb4a50a96ab3c4a250254ad14448fb19c933106b797,masked_substitution,524c15f974f72681facc25fd5c6ac205ed2038a4718cd5766eb536bdddaf703a,primary_parent,dc9964414a1b09672b2c580113f4bf332112d1c030f0bb5885ef95136237ddc1,llamp_log10_mic_um,numeric,true,same_frozen_numeric_contract,minimize,log10(uM),0.8619756698608398,1.037505030632019,0.1755293607711792,-0.1755293607711792,true,192160744f6fc7612f7ca946aa2c21b0a1efe27df704076ace1915678b49b24b
fgf2,82b2c4ca3ae2132a45fe5cb4a50a96ab3c4a250254ad14448fb19c933106b797,masked_substitution,524c15f974f72681facc25fd5c6ac205ed2038a4718cd5766eb536bdddaf703a,primary_parent,dc9964414a1b09672b2c580113f4bf332112d1c030f0bb5885ef95136237ddc1,macrel_amp_probability,numeric,true,same_frozen_numeric_contract,maximize,probability,0.356,0.446,0.09000000000000002,0.09000000000000002,true,97802231dcf59b946d94ee7fe425b6d34a149dec146ca49f3112cae571e6f7c2
fgf2,82b2c4ca3ae2132a45fe5cb4a50a96ab3c4a250254ad14448fb19c933106b797,masked_substitution,524c15f974f72681facc25fd5c6ac205ed2038a4718cd5766eb536bdddaf703a,primary_parent,dc9964414a1b09672b2c580113f4bf332112d1c030f0bb5885ef95136237ddc1,macrel_hemolysis_label,categorical,true,same_frozen_label_contract,audit,label,low,low,,,false,18d1b9a1d10d89d61ec142a2eaef6a7375cfc97062ae1eeffec834900b56b8f4
fgf2,82b2c4ca3ae2132a45fe5cb4a50a96ab3c4a250254ad14448fb19c933106b797,masked_substitution,524c15f974f72681facc25fd5c6ac205ed2038a4718cd5766eb536bdddaf703a,primary_parent,dc9964414a1b09672b2c580113f4bf332112d1c030f0bb5885ef95136237ddc1,macrel_hemolysis_probability,numeric,true,same_frozen_numeric_contract,minimize,probability,0.436,0.495,0.059,-0.059,true,986134fb9ba4868ee88683cd66ffbdd27d57deb57d3ddab1e6d83c0b3478e901
fgf2,82b2c4ca3ae2132a45fe5cb4a50a96ab3c4a250254ad14448fb19c933106b797,masked_substitution,524c15f974f72681facc25fd5c6ac205ed2038a4718cd5766eb536bdddaf703a,primary_parent,dc9964414a1b09672b2c580113f4bf332112d1c030f0bb5885ef95136237ddc1,maximum_hydrophobic_run,numeric,true,same_frozen_numeric_contract,minimize,residues,1.0,2.0,1.0,-1.0,true,1d87e134a6f8a3c8f4e7ec57efd074083576d4b1680a69c5ae32de6b652c4cbd
fgf2,82b2c4ca3ae2132a45fe5cb4a50a96ab3c4a250254ad14448fb19c933106b797,masked_substitution,524c15f974f72681facc25fd5c6ac205ed2038a4718cd5766eb536bdddaf703a,primary_parent,dc9964414a1b09672b2c580113f4bf332112d1c030f0bb5885ef95136237ddc1,net_charge_ph7_4,numeric,false,audit_metric_has_no_monotonic_improvement_direction,audit,elementary_charge,6.066,6.066,0.0,,false,83486451d50fce27149c1f403898820cd0ef991c7391ffef2b4b845bc1e77aff
fgf2,82b2c4ca3ae2132a45fe5cb4a50a96ab3c4a250254ad14448fb19c933106b797,masked_substitution,524c15f974f72681facc25fd5c6ac205ed2038a4718cd5766eb536bdddaf703a,primary_parent,dc9964414a1b09672b2c580113f4bf332112d1c030f0bb5885ef95136237ddc1,toxinpred3_hybrid_score,numeric,true,same_frozen_numeric_contract,minimize,dimensionless,0.0,0.0,0.0,-0.0,false,a098e5085220be1ef40b48bd60cbf0ee87735bcc17429416ea959d90ee8639e4
fgf2,82b2c4ca3ae2132a45fe5cb4a50a96ab3c4a250254ad14448fb19c933106b797,masked_substitution,524c15f974f72681facc25fd5c6ac205ed2038a4718cd5766eb536bdddaf703a,primary_parent,dc9964414a1b09672b2c580113f4bf332112d1c030f0bb5885ef95136237ddc1,toxinpred3_label,categorical,true,same_frozen_label_contract,audit,label,Non-Toxin,Non-Toxin,,,false,1f974b73b57b026500e48a5a2781bcfe787b18c8747570989da83dcaf029278d
fgf2,f085634b6c0285c9747ff32c0b93f3d7289a00de98f77cd6c395864978712d15,masked_substitution,1e0ed5acb174e2ff6a3db1623dfc0062e8b9ff57849f7f7661839e6eb696c193,primary_parent,dc9964414a1b09672b2c580113f4bf332112d1c030f0bb5885ef95136237ddc1,amp_read_log10_mic_um,numeric,true,same_frozen_numeric_contract,minimize,log10(uM),2.5455829971143507,2.325598887931721,-0.21998410918262978,0.21998410918262978,true,267d8e18bf9a123e7fde66dbc3d3c831932d86ef4b6a09bad1efc888172fe707
fgf2,f085634b6c0285c9747ff32c0b93f3d7289a00de98f77cd6c395864978712d15,masked_substitution,1e0ed5acb174e2ff6a3db1623dfc0062e8b9ff57849f7f7661839e6eb696c193,primary_parent,dc9964414a1b09672b2c580113f4bf332112d1c030f0bb5885ef95136237ddc1,guruprasad_instability_index,numeric,true,same_frozen_numeric_contract,minimize,index,5.695455,9.554545454545455,3.8590904545454547,-3.8590904545454547,true,3cb57efb254d996bb16a5bb451c27e10f02a7e67b84831b1fd178e7000c33ceb
fgf2,f085634b6c0285c9747ff32c0b93f3d7289a00de98f77cd6c395864978712d15,masked_substitution,1e0ed5acb174e2ff6a3db1623dfc0062e8b9ff57849f7f7661839e6eb696c193,primary_parent,dc9964414a1b09672b2c580113f4bf332112d1c030f0bb5885ef95136237ddc1,hydrophobic_moment_eisenberg,numeric,false,audit_metric_has_no_monotonic_improvement_direction,audit,dimensionless,0.17898144767932164,0.08429632772456856,-0.09468511995475308,,true,43af37f714c2bcdd59d99286edb2f1d6667440e9b511886dc0540ab21c552e0b
fgf2,f085634b6c0285c9747ff32c0b93f3d7289a00de98f77cd6c395864978712d15,masked_substitution,1e0ed5acb174e2ff6a3db1623dfc0062e8b9ff57849f7f7661839e6eb696c193,primary_parent,dc9964414a1b09672b2c580113f4bf332112d1c030f0bb5885ef95136237ddc1,hydrophobic_ratio_modlamp,numeric,false,audit_metric_has_no_monotonic_improvement_direction,audit,fraction,0.045454545454545456,0.09090909090909091,0.045454545454545456,,true,1c597f7ce716f09b5e7e7009d5693c4f722b8f102bef967dfca9e4193e83748c
fgf2,f085634b6c0285c9747ff32c0b93f3d7289a00de98f77cd6c395864978712d15,masked_substitution,1e0ed5acb174e2ff6a3db1623dfc0062e8b9ff57849f7f7661839e6eb696c193,primary_parent,dc9964414a1b09672b2c580113f4bf332112d1c030f0bb5885ef95136237ddc1,llamp_log10_mic_um,numeric,true,same_frozen_numeric_contract,minimize,log10(uM),0.8619756698608398,0.964917778968811,0.10294210910797119,-0.10294210910797119,true,55c2397287da5a32a68281d84222b84ad04a75aa355fb886f0c56f072c369efe
fgf2,f085634b6c0285c9747ff32c0b93f3d7289a00de98f77cd6c395864978712d15,masked_substitution,1e0ed5acb174e2ff6a3db1623dfc0062e8b9ff57849f7f7661839e6eb696c193,primary_parent,dc9964414a1b09672b2c580113f4bf332112d1c030f0bb5885ef95136237ddc1,macrel_amp_probability,numeric,true,same_frozen_numeric_contract,maximize,probability,0.356,0.228,-0.12799999999999997,-0.12799999999999997,true,7386e3160109268909b0a701f979fd71841a1f2450807ce4c94e08cd668c69aa
fgf2,f085634b6c0285c9747ff32c0b93f3d7289a00de98f77cd6c395864978712d15,masked_substitution,1e0ed5acb174e2ff6a3db1623dfc0062e8b9ff57849f7f7661839e6eb696c193,primary_parent,dc9964414a1b09672b2c580113f4bf332112d1c030f0bb5885ef95136237ddc1,macrel_hemolysis_label,categorical,true,same_frozen_label_contract,audit,label,low,low,,,false,2d7c7b395989942bf77412f82bd71e222eebd56cb357798b562d5b3e57e11493
fgf2,f085634b6c0285c9747ff32c0b93f3d7289a00de98f77cd6c395864978712d15,masked_substitution,1e0ed5acb174e2ff6a3db1623dfc0062e8b9ff57849f7f7661839e6eb696c193,primary_parent,dc9964414a1b09672b2c580113f4bf332112d1c030f0bb5885ef95136237ddc1,macrel_hemolysis_probability,numeric,true,same_frozen_numeric_contract,minimize,probability,0.436,0.465,0.029000000000000026,-0.029000000000000026,true,efe0f23aad3bdc28aafb609fc06b84d1f13f9f390da2d8c93f347ea81978d29f
fgf2,f085634b6c0285c9747ff32c0b93f3d7289a00de98f77cd6c395864978712d15,masked_substitution,1e0ed5acb174e2ff6a3db1623dfc0062e8b9ff57849f7f7661839e6eb696c193,primary_parent,dc9964414a1b09672b2c580113f4bf332112d1c030f0bb5885ef95136237ddc1,maximum_hydrophobic_run,numeric,true,same_frozen_numeric_contract,minimize,residues,1.0,1.0,0.0,-0.0,false,bec2360d3ee53bc5ef6daec0933161719e0c751aa3596697dd20e8eb4575b111
fgf2,f085634b6c0285c9747ff32c0b93f3d7289a00de98f77cd6c395864978712d15,masked_substitution,1e0ed5acb174e2ff6a3db1623dfc0062e8b9ff57849f7f7661839e6eb696c193,primary_parent,dc9964414a1b09672b2c580113f4bf332112d1c030f0bb5885ef95136237ddc1,net_charge_ph7_4,numeric,false,audit_metric_has_no_monotonic_improvement_direction,audit,elementary_charge,6.066,5.067,-0.9989999999999997,,true,8638b63939a5155829a411688d66f66291e8b576db77c0a5645b88313ce263b4
fgf2,f085634b6c0285c9747ff32c0b93f3d7289a00de98f77cd6c395864978712d15,masked_substitution,1e0ed5acb174e2ff6a3db1623dfc0062e8b9ff57849f7f7661839e6eb696c193,primary_parent,dc9964414a1b09672b2c580113f4bf332112d1c030f0bb5885ef95136237ddc1,toxinpred3_hybrid_score,numeric,true,same_frozen_numeric_contract,minimize,dimensionless,0.0,0.0,0.0,-0.0,false,9e8b883cc9eef26c0ec31be98709dcf8087843520574453efba268deb0cb65c6
fgf2,f085634b6c0285c9747ff32c0b93f3d7289a00de98f77cd6c395864978712d15,masked_substitution,1e0ed5acb174e2ff6a3db1623dfc0062e8b9ff57849f7f7661839e6eb696c193,primary_parent,dc9964414a1b09672b2c580113f4bf332112d1c030f0bb5885ef95136237ddc1,toxinpred3_label,categorical,true,same_frozen_label_contract,audit,label,Non-Toxin,Non-Toxin,,,false,f71fc4153980da832a3f373bf82fc7f8240cdbe28c0a1d6a3088141256159d85
fgf2,16fc2c084c6eae3d4e2e03e844ac6252a6d6f674b9caed74f71959a6d803e03d,masked_substitution,3eb317a318df487dd1a23a58d25ff35e43579cf72e3729a6eb904f06c826b848,primary_parent,dc9964414a1b09672b2c580113f4bf332112d1c030f0bb5885ef95136237ddc1,amp_read_log10_mic_um,numeric,true,same_frozen_numeric_contract,minimize,log10(uM),2.5455829971143507,2.47195554305275,-0.07362745406160087,0.07362745406160087,true,f0a672520472c858ea15eab7f9544c927299b4df234398180d70189489081580
fgf2,16fc2c084c6eae3d4e2e03e844ac6252a6d6f674b9caed74f71959a6d803e03d,masked_substitution,3eb317a318df487dd1a23a58d25ff35e43579cf72e3729a6eb904f06c826b848,primary_parent,dc9964414a1b09672b2c580113f4bf332112d1c030f0bb5885ef95136237ddc1,guruprasad_instability_index,numeric,true,same_frozen_numeric_contract,minimize,index,5.695455,5.695454545454544,-4.545454554971684e-07,4.545454554971684e-07,true,b742c031988530818eacab0b58ab88935b9813409ebb4f1fd08aa94e0188ed18
fgf2,16fc2c084c6eae3d4e2e03e844ac6252a6d6f674b9caed74f71959a6d803e03d,masked_substitution,3eb317a318df487dd1a23a58d25ff35e43579cf72e3729a6eb904f06c826b848,primary_parent,dc9964414a1b09672b2c580113f4bf332112d1c030f0bb5885ef95136237ddc1,hydrophobic_moment_eisenberg,numeric,false,audit_metric_has_no_monotonic_improvement_direction,audit,dimensionless,0.17898144767932164,0.06356254683295813,-0.11541890084636351,,true,1f7ebb2829924fe1f1a89d81ad7a8a98bddf4f9fbc1a9fec632b4e3c895e284f
fgf2,16fc2c084c6eae3d4e2e03e844ac6252a6d6f674b9caed74f71959a6d803e03d,masked_substitution,3eb317a318df487dd1a23a58d25ff35e43579cf72e3729a6eb904f06c826b848,primary_parent,dc9964414a1b09672b2c580113f4bf332112d1c030f0bb5885ef95136237ddc1,hydrophobic_ratio_modlamp,numeric,false,audit_metric_has_no_monotonic_improvement_direction,audit,fraction,0.045454545454545456,0.09090909090909091,0.045454545454545456,,true,6968be46ab76677af5435a5aad6fc06b61a97fa4562216a745c4a88c1b394e69
fgf2,16fc2c084c6eae3d4e2e03e844ac6252a6d6f674b9caed74f71959a6d803e03d,masked_substitution,3eb317a318df487dd1a23a58d25ff35e43579cf72e3729a6eb904f06c826b848,primary_parent,dc9964414a1b09672b2c580113f4bf332112d1c030f0bb5885ef95136237ddc1,llamp_log10_mic_um,numeric,true,same_frozen_numeric_contract,minimize,log10(uM),0.8619756698608398,1.1133534908294678,0.25137782096862793,-0.25137782096862793,true,4c189239101291be8df5d71cb39a07ce6392654088f511df463c42d553ff2a60
fgf2,16fc2c084c6eae3d4e2e03e844ac6252a6d6f674b9caed74f71959a6d803e03d,masked_substitution,3eb317a318df487dd1a23a58d25ff35e43579cf72e3729a6eb904f06c826b848,primary_parent,dc9964414a1b09672b2c580113f4bf332112d1c030f0bb5885ef95136237ddc1,macrel_amp_probability,numeric,true,same_frozen_numeric_contract,maximize,probability,0.356,0.248,-0.10799999999999998,-0.10799999999999998,true,fbd89a79246476a1bcfeee56ed34c2fbfbe9d11afc71d8c8ca42fabb2034abdb
fgf2,16fc2c084c6eae3d4e2e03e844ac6252a6d6f674b9caed74f71959a6d803e03d,masked_substitution,3eb317a318df487dd1a23a58d25ff35e43579cf72e3729a6eb904f06c826b848,primary_parent,dc9964414a1b09672b2c580113f4bf332112d1c030f0bb5885ef95136237ddc1,macrel_hemolysis_label,categorical,true,same_frozen_label_contract,audit,label,low,low,,,false,75f0d4698b3a567f6487fed546c5e8a6e2805f2ff4784a9b6b2adcc58d12169b
fgf2,16fc2c084c6eae3d4e2e03e844ac6252a6d6f674b9caed74f71959a6d803e03d,masked_substitution,3eb317a318df487dd1a23a58d25ff35e43579cf72e3729a6eb904f06c826b848,primary_parent,dc9964414a1b09672b2c580113f4bf332112d1c030f0bb5885ef95136237ddc1,macrel_hemolysis_probability,numeric,true,same_frozen_numeric_contract,minimize,probability,0.436,0.465,0.029000000000000026,-0.029000000000000026,true,bafa6b5551e835edaedeac838d8ebb62242c783a14f777d99a0cef17905a2247
fgf2,16fc2c084c6eae3d4e2e03e844ac6252a6d6f674b9caed74f71959a6d803e03d,masked_substitution,3eb317a318df487dd1a23a58d25ff35e43579cf72e3729a6eb904f06c826b848,primary_parent,dc9964414a1b09672b2c580113f4bf332112d1c030f0bb5885ef95136237ddc1,maximum_hydrophobic_run,numeric,true,same_frozen_numeric_contract,minimize,residues,1.0,1.0,0.0,-0.0,false,c742a238a68d1e83b0b2cfe0452ab2b1f1b8d74e28b7e541949f71edb936f641
fgf2,16fc2c084c6eae3d4e2e03e844ac6252a6d6f674b9caed74f71959a6d803e03d,masked_substitution,3eb317a318df487dd1a23a58d25ff35e43579cf72e3729a6eb904f06c826b848,primary_parent,dc9964414a1b09672b2c580113f4bf332112d1c030f0bb5885ef95136237ddc1,net_charge_ph7_4,numeric,false,audit_metric_has_no_monotonic_improvement_direction,audit,elementary_charge,6.066,5.067,-0.9989999999999997,,true,00a7c82284891d4a4cb3b870dbfdbef637028931866cc9c0a3806a22d4fb2921
fgf2,16fc2c084c6eae3d4e2e03e844ac6252a6d6f674b9caed74f71959a6d803e03d,masked_substitution,3eb317a318df487dd1a23a58d25ff35e43579cf72e3729a6eb904f06c826b848,primary_parent,dc9964414a1b09672b2c580113f4bf332112d1c030f0bb5885ef95136237ddc1,toxinpred3_hybrid_score,numeric,true,same_frozen_numeric_contract,minimize,dimensionless,0.0,0.0,0.0,-0.0,false,2bd5bb5046803e983fb09133467316b9b5d754ac0c02dde541f3f13fe59737be
fgf2,16fc2c084c6eae3d4e2e03e844ac6252a6d6f674b9caed74f71959a6d803e03d,masked_substitution,3eb317a318df487dd1a23a58d25ff35e43579cf72e3729a6eb904f06c826b848,primary_parent,dc9964414a1b09672b2c580113f4bf332112d1c030f0bb5885ef95136237ddc1,toxinpred3_label,categorical,true,same_frozen_label_contract,audit,label,Non-Toxin,Non-Toxin,,,false,89a38471db16004bddd6f4a3f0942d15d4ae2d7f2f01f112ab9d1743e9d97cad
fgf2,91b4f0ef6be37951ac01578a0afe08fb58cabae3cdc1de94d5bd7f52d9db86fe,masked_substitution,436c86c66ab70a90f04ee452432e7ef786c938cda85376aafe9bb2517cb29b57,primary_parent,dc9964414a1b09672b2c580113f4bf332112d1c030f0bb5885ef95136237ddc1,amp_read_log10_mic_um,numeric,true,same_frozen_numeric_contract,minimize,log10(uM),2.5455829971143507,2.189162289850285,-0.3564207072640655,0.3564207072640655,true,bd3d017c2362f8084475838f608736eccef271ab0b78422d12b67f709910033c
fgf2,91b4f0ef6be37951ac01578a0afe08fb58cabae3cdc1de94d5bd7f52d9db86fe,masked_substitution,436c86c66ab70a90f04ee452432e7ef786c938cda85376aafe9bb2517cb29b57,primary_parent,dc9964414a1b09672b2c580113f4bf332112d1c030f0bb5885ef95136237ddc1,guruprasad_instability_index,numeric,true,same_frozen_numeric_contract,minimize,index,5.695455,6.127272727272727,0.43181772727272705,-0.43181772727272705,true,53b7841e4ab671a0293e9bd69b48de3f402cac1a1bf98753c78a52734c107c41
fgf2,91b4f0ef6be37951ac01578a0afe08fb58cabae3cdc1de94d5bd7f52d9db86fe,masked_substitution,436c86c66ab70a90f04ee452432e7ef786c938cda85376aafe9bb2517cb29b57,primary_parent,dc9964414a1b09672b2c580113f4bf332112d1c030f0bb5885ef95136237ddc1,hydrophobic_moment_eisenberg,numeric,false,audit_metric_has_no_monotonic_improvement_direction,audit,dimensionless,0.17898144767932164,0.0593409646855497,-0.11964048299377195,,true,baae5b60361f43217e88ff3b0c7e289e7bdfa8b73de94edd1eef0a7543008300
fgf2,91b4f0ef6be37951ac01578a0afe08fb58cabae3cdc1de94d5bd7f52d9db86fe,masked_substitution,436c86c66ab70a90f04ee452432e7ef786c938cda85376aafe9bb2517cb29b57,primary_parent,dc9964414a1b09672b2c580113f4bf332112d1c030f0bb5885ef95136237ddc1,hydrophobic_ratio_modlamp,numeric,false,audit_metric_has_no_monotonic_improvement_direction,audit,fraction,0.045454545454545456,0.09090909090909091,0.045454545454545456,,true,22b26e20f4cdb7abf37b7464631a9d3bf5f57895f92d48019ab22752d51a5e74
fgf2,91b4f0ef6be37951ac01578a0afe08fb58cabae3cdc1de94d5bd7f52d9db86fe,masked_substitution,436c86c66ab70a90f04ee452432e7ef786c938cda85376aafe9bb2517cb29b57,primary_parent,dc9964414a1b09672b2c580113f4bf332112d1c030f0bb5885ef95136237ddc1,llamp_log10_mic_um,numeric,true,same_frozen_numeric_contract,minimize,log10(uM),0.8619756698608398,0.9794176816940308,0.11744201183319092,-0.11744201183319092,true,57fe117a95ad7eb4ffd55cf742632ef29ae518d97fce1811c2675bf473a26c63
fgf2,91b4f0ef6be37951ac01578a0afe08fb58cabae3cdc1de94d5bd7f52d9db86fe,masked_substitution,436c86c66ab70a90f04ee452432e7ef786c938cda85376aafe9bb2517cb29b57,primary_parent,dc9964414a1b09672b2c580113f4bf332112d1c030f0bb5885ef95136237ddc1,macrel_amp_probability,numeric,true,same_frozen_numeric_contract,maximize,probability,0.356,0.426,0.07,0.07,true,c2234911011aa328c4cbf0210303abce4ffdfdc6ddcea4fbda120aff9fcbf1a7
fgf2,91b4f0ef6be37951ac01578a0afe08fb58cabae3cdc1de94d5bd7f52d9db86fe,masked_substitution,436c86c66ab70a90f04ee452432e7ef786c938cda85376aafe9bb2517cb29b57,primary_parent,dc9964414a1b09672b2c580113f4bf332112d1c030f0bb5885ef95136237ddc1,macrel_hemolysis_label,categorical,true,same_frozen_label_contract,audit,label,low,low,,,false,c8814682042b5ac0587ce5bf049ab54dc87e7f943d61f04249f6ad1e2afdf0ae
fgf2,91b4f0ef6be37951ac01578a0afe08fb58cabae3cdc1de94d5bd7f52d9db86fe,masked_substitution,436c86c66ab70a90f04ee452432e7ef786c938cda85376aafe9bb2517cb29b57,primary_parent,dc9964414a1b09672b2c580113f4bf332112d1c030f0bb5885ef95136237ddc1,macrel_hemolysis_probability,numeric,true,same_frozen_numeric_contract,minimize,probability,0.436,0.485,0.04899999999999999,-0.04899999999999999,true,6ef050bc5f4a48bd8f4bfd0d78c73fd45ff722e02188e513ee5575b882b7a0a2
fgf2,91b4f0ef6be37951ac01578a0afe08fb58cabae3cdc1de94d5bd7f52d9db86fe,masked_substitution,436c86c66ab70a90f04ee452432e7ef786c938cda85376aafe9bb2517cb29b57,primary_parent,dc9964414a1b09672b2c580113f4bf332112d1c030f0bb5885ef95136237ddc1,maximum_hydrophobic_run,numeric,true,same_frozen_numeric_contract,minimize,residues,1.0,1.0,0.0,-0.0,false,cb88026ed6f5794543894b5a166b16f8d32cbcbc0f94a3a077ad3a6bffd3e07b
fgf2,91b4f0ef6be37951ac01578a0afe08fb58cabae3cdc1de94d5bd7f52d9db86fe,masked_substitution,436c86c66ab70a90f04ee452432e7ef786c938cda85376aafe9bb2517cb29b57,primary_parent,dc9964414a1b09672b2c580113f4bf332112d1c030f0bb5885ef95136237ddc1,net_charge_ph7_4,numeric,false,audit_metric_has_no_monotonic_improvement_direction,audit,elementary_charge,6.066,5.067,-0.9989999999999997,,true,f1d7d8ce752c86af83a41e028f9bace2be92ae0873e805d467ba2bc44177386d
fgf2,91b4f0ef6be37951ac01578a0afe08fb58cabae3cdc1de94d5bd7f52d9db86fe,masked_substitution,436c86c66ab70a90f04ee452432e7ef786c938cda85376aafe9bb2517cb29b57,primary_parent,dc9964414a1b09672b2c580113f4bf332112d1c030f0bb5885ef95136237ddc1,toxinpred3_hybrid_score,numeric,true,same_frozen_numeric_contract,minimize,dimensionless,0.0,0.0,0.0,-0.0,false,c43c9192316ece91d9d72939b1421e9f0f6f1a646513808fbb359eb9896786d6
fgf2,91b4f0ef6be37951ac01578a0afe08fb58cabae3cdc1de94d5bd7f52d9db86fe,masked_substitution,436c86c66ab70a90f04ee452432e7ef786c938cda85376aafe9bb2517cb29b57,primary_parent,dc9964414a1b09672b2c580113f4bf332112d1c030f0bb5885ef95136237ddc1,toxinpred3_label,categorical,true,same_frozen_label_contract,audit,label,Non-Toxin,Non-Toxin,,,false,f1aaf16c80e9b76dbdc258191f26b3d178d0fff3387ed8a18b718b5e01780a04
fgf2,21bfc3cea3b61a54cd68aa178f8f899a937386217048150c5f961a0bf7f2af8f,masked_substitution,f90adb3622d469812ef0c0c9be83a51a040103470cc1199aa50d11aaefd0ac3f,primary_parent,dc9964414a1b09672b2c580113f4bf332112d1c030f0bb5885ef95136237ddc1,amp_read_log10_mic_um,numeric,true,same_frozen_numeric_contract,minimize,log10(uM),2.5455829971143507,1.925147557579367,-0.6204354395349836,0.6204354395349836,true,95bcbf7ded30db8880b8a872dbbabb142ca21efd4d0d44c9afef92b85cd1e0b1
fgf2,21bfc3cea3b61a54cd68aa178f8f899a937386217048150c5f961a0bf7f2af8f,masked_substitution,f90adb3622d469812ef0c0c9be83a51a040103470cc1199aa50d11aaefd0ac3f,primary_parent,dc9964414a1b09672b2c580113f4bf332112d1c030f0bb5885ef95136237ddc1,guruprasad_instability_index,numeric,true,same_frozen_numeric_contract,minimize,index,5.695455,2.7227272727272713,-2.9727277272727286,2.9727277272727286,true,d966b473d8f80dfbb1b877e2b2125e02675a3569152c9fd5cdaa9d28edafc292
fgf2,21bfc3cea3b61a54cd68aa178f8f899a937386217048150c5f961a0bf7f2af8f,masked_substitution,f90adb3622d469812ef0c0c9be83a51a040103470cc1199aa50d11aaefd0ac3f,primary_parent,dc9964414a1b09672b2c580113f4bf332112d1c030f0bb5885ef95136237ddc1,hydrophobic_moment_eisenberg,numeric,false,audit_metric_has_no_monotonic_improvement_direction,audit,dimensionless,0.17898144767932164,0.07601665691856878,-0.10296479076075286,,true,e3adb2ce374c2577df8827139a27a2e2feb5e821bb4d8b4a3881e5019bf3e08c
fgf2,21bfc3cea3b61a54cd68aa178f8f899a937386217048150c5f961a0bf7f2af8f,masked_substitution,f90adb3622d469812ef0c0c9be83a51a040103470cc1199aa50d11aaefd0ac3f,primary_parent,dc9964414a1b09672b2c580113f4bf332112d1c030f0bb5885ef95136237ddc1,hydrophobic_ratio_modlamp,numeric,false,audit_metric_has_no_monotonic_improvement_direction,audit,fraction,0.045454545454545456,0.045454545454545456,0.0,,false,d5d55ac95fdfa24e40bae320e12b65f4b9e807eacae43820bc94315650fd64b2
fgf2,21bfc3cea3b61a54cd68aa178f8f899a937386217048150c5f961a0bf7f2af8f,masked_substitution,f90adb3622d469812ef0c0c9be83a51a040103470cc1199aa50d11aaefd0ac3f,primary_parent,dc9964414a1b09672b2c580113f4bf332112d1c030f0bb5885ef95136237ddc1,llamp_log10_mic_um,numeric,true,same_frozen_numeric_contract,minimize,log10(uM),0.8619756698608398,1.1073529720306396,0.2453773021697998,-0.2453773021697998,true,763d82992b875df8acc53c7bfe68df6bd10e59eb9ab3a6abfa86228460be3558
fgf2,21bfc3cea3b61a54cd68aa178f8f899a937386217048150c5f961a0bf7f2af8f,masked_substitution,f90adb3622d469812ef0c0c9be83a51a040103470cc1199aa50d11aaefd0ac3f,primary_parent,dc9964414a1b09672b2c580113f4bf332112d1c030f0bb5885ef95136237ddc1,macrel_amp_probability,numeric,true,same_frozen_numeric_contract,maximize,probability,0.356,0.446,0.09000000000000002,0.09000000000000002,true,6ffb6fe237a83c74104e02322618f1655d504a30733ca155281ac382efc3664c
fgf2,21bfc3cea3b61a54cd68aa178f8f899a937386217048150c5f961a0bf7f2af8f,masked_substitution,f90adb3622d469812ef0c0c9be83a51a040103470cc1199aa50d11aaefd0ac3f,primary_parent,dc9964414a1b09672b2c580113f4bf332112d1c030f0bb5885ef95136237ddc1,macrel_hemolysis_label,categorical,true,same_frozen_label_contract,audit,label,low,low,,,false,299e5520ce5230727fbe797ee873e925b7d17e3d934536b7f270a1b9fbecdaeb
fgf2,21bfc3cea3b61a54cd68aa178f8f899a937386217048150c5f961a0bf7f2af8f,masked_substitution,f90adb3622d469812ef0c0c9be83a51a040103470cc1199aa50d11aaefd0ac3f,primary_parent,dc9964414a1b09672b2c580113f4bf332112d1c030f0bb5885ef95136237ddc1,macrel_hemolysis_probability,numeric,true,same_frozen_numeric_contract,minimize,probability,0.436,0.485,0.04899999999999999,-0.04899999999999999,true,671a2a4c5da8c0e163da8adf4953ad69e20899afd35861a14c6351b17132c59f
fgf2,21bfc3cea3b61a54cd68aa178f8f899a937386217048150c5f961a0bf7f2af8f,masked_substitution,f90adb3622d469812ef0c0c9be83a51a040103470cc1199aa50d11aaefd0ac3f,primary_parent,dc9964414a1b09672b2c580113f4bf332112d1c030f0bb5885ef95136237ddc1,maximum_hydrophobic_run,numeric,true,same_frozen_numeric_contract,minimize,residues,1.0,1.0,0.0,-0.0,false,4737e22027b39ad1ed9fd830ebc48161d5df0fd9e642e5ba3fcb76abc1403f2d
fgf2,21bfc3cea3b61a54cd68aa178f8f899a937386217048150c5f961a0bf7f2af8f,masked_substitution,f90adb3622d469812ef0c0c9be83a51a040103470cc1199aa50d11aaefd0ac3f,primary_parent,dc9964414a1b09672b2c580113f4bf332112d1c030f0bb5885ef95136237ddc1,net_charge_ph7_4,numeric,false,audit_metric_has_no_monotonic_improvement_direction,audit,elementary_charge,6.066,5.067,-0.9989999999999997,,true,f9b789152d350b3d9228068d7b19e4f6e1890629a200a5e5b306dbcda5ebde92
fgf2,21bfc3cea3b61a54cd68aa178f8f899a937386217048150c5f961a0bf7f2af8f,masked_substitution,f90adb3622d469812ef0c0c9be83a51a040103470cc1199aa50d11aaefd0ac3f,primary_parent,dc9964414a1b09672b2c580113f4bf332112d1c030f0bb5885ef95136237ddc1,toxinpred3_hybrid_score,numeric,true,same_frozen_numeric_contract,minimize,dimensionless,0.0,0.0,0.0,-0.0,false,c8fba7a6b0ca74758ba8be8e89d489f8caf9350cd0ca95464d73fdb0b8dee92d
fgf2,21bfc3cea3b61a54cd68aa178f8f899a937386217048150c5f961a0bf7f2af8f,masked_substitution,f90adb3622d469812ef0c0c9be83a51a040103470cc1199aa50d11aaefd0ac3f,primary_parent,dc9964414a1b09672b2c580113f4bf332112d1c030f0bb5885ef95136237ddc1,toxinpred3_label,categorical,true,same_frozen_label_contract,audit,label,Non-Toxin,Non-Toxin,,,false,b40f8c8eb1610cc978540492ab17920a79a0a0b7040c1071b0eec5d8eeaac3f5
fgf2,34aa9eaac8394d2e783f53d6ce4e997a311498b5c10e2ba11aa4138f7bf1c881,masked_substitution,12b7070358649cd5e5d250af2d20f0b812ee31f322e2f96a3e39df0e56643720,primary_parent,dc9964414a1b09672b2c580113f4bf332112d1c030f0bb5885ef95136237ddc1,amp_read_log10_mic_um,numeric,true,same_frozen_numeric_contract,minimize,log10(uM),2.5455829971143507,2.4143727098456482,-0.13121028726870243,0.13121028726870243,true,ba121c62a66a43e923230ba2ee82646d4a5eae5feef2b50d42b280bb43100efc
fgf2,34aa9eaac8394d2e783f53d6ce4e997a311498b5c10e2ba11aa4138f7bf1c881,masked_substitution,12b7070358649cd5e5d250af2d20f0b812ee31f322e2f96a3e39df0e56643720,primary_parent,dc9964414a1b09672b2c580113f4bf332112d1c030f0bb5885ef95136237ddc1,guruprasad_instability_index,numeric,true,same_frozen_numeric_contract,minimize,index,5.695455,5.695454545454544,-4.545454554971684e-07,4.545454554971684e-07,true,19890d4808cd5f7abd1bf3ff18ea2989f89b93096b1245cbf63e9487361a83b2
fgf2,34aa9eaac8394d2e783f53d6ce4e997a311498b5c10e2ba11aa4138f7bf1c881,masked_substitution,12b7070358649cd5e5d250af2d20f0b812ee31f322e2f96a3e39df0e56643720,primary_parent,dc9964414a1b09672b2c580113f4bf332112d1c030f0bb5885ef95136237ddc1,hydrophobic_moment_eisenberg,numeric,false,audit_metric_has_no_monotonic_improvement_direction,audit,dimensionless,0.17898144767932164,0.10014948520708694,-0.0788319624722347,,true,a96a465be09bdc1f70bf7cca7530075b9a8d7e404de19cc1911dcd1677a37c96
fgf2,34aa9eaac8394d2e783f53d6ce4e997a311498b5c10e2ba11aa4138f7bf1c881,masked_substitution,12b7070358649cd5e5d250af2d20f0b812ee31f322e2f96a3e39df0e56643720,primary_parent,dc9964414a1b09672b2c580113f4bf332112d1c030f0bb5885ef95136237ddc1,hydrophobic_ratio_modlamp,numeric,false,audit_metric_has_no_monotonic_improvement_direction,audit,fraction,0.045454545454545456,0.045454545454545456,0.0,,false,20c9693a0987038bf12da0337de6be0d6ea1cf349e86e53165801257aaa2359c
fgf2,34aa9eaac8394d2e783f53d6ce4e997a311498b5c10e2ba11aa4138f7bf1c881,masked_substitution,12b7070358649cd5e5d250af2d20f0b812ee31f322e2f96a3e39df0e56643720,primary_parent,dc9964414a1b09672b2c580113f4bf332112d1c030f0bb5885ef95136237ddc1,llamp_log10_mic_um,numeric,true,same_frozen_numeric_contract,minimize,log10(uM),0.8619756698608398,1.0044355392456055,0.14245986938476562,-0.14245986938476562,true,ccece16e8ff1cb1573f95d91abc22ec58c8e4a6cfdfc0ba6f0aee1bd73b30234
fgf2,34aa9eaac8394d2e783f53d6ce4e997a311498b5c10e2ba11aa4138f7bf1c881,masked_substitution,12b7070358649cd5e5d250af2d20f0b812ee31f322e2f96a3e39df0e56643720,primary_parent,dc9964414a1b09672b2c580113f4bf332112d1c030f0bb5885ef95136237ddc1,macrel_amp_probability,numeric,true,same_frozen_numeric_contract,maximize,probability,0.356,0.426,0.07,0.07,true,93679e4f999eb54ca3a2ebcd815a923a8c7c5bdcae5c650a5f946767278be8cd
fgf2,34aa9eaac8394d2e783f53d6ce4e997a311498b5c10e2ba11aa4138f7bf1c881,masked_substitution,12b7070358649cd5e5d250af2d20f0b812ee31f322e2f96a3e39df0e56643720,primary_parent,dc9964414a1b09672b2c580113f4bf332112d1c030f0bb5885ef95136237ddc1,macrel_hemolysis_label,categorical,true,same_frozen_label_contract,audit,label,low,low,,,false,1750f460c18982556f83b753e8a5ba64f86ac8e5752c9823f0b2bf2813820ca7
fgf2,34aa9eaac8394d2e783f53d6ce4e997a311498b5c10e2ba11aa4138f7bf1c881,masked_substitution,12b7070358649cd5e5d250af2d20f0b812ee31f322e2f96a3e39df0e56643720,primary_parent,dc9964414a1b09672b2c580113f4bf332112d1c030f0bb5885ef95136237ddc1,macrel_hemolysis_probability,numeric,true,same_frozen_numeric_contract,minimize,probability,0.436,0.475,0.03899999999999998,-0.03899999999999998,true,364d7cebcba4ba24b40834b0dbd9bb6c1568d6451e7c4f96ca4fe05b510339a9
fgf2,34aa9eaac8394d2e783f53d6ce4e997a311498b5c10e2ba11aa4138f7bf1c881,masked_substitution,12b7070358649cd5e5d250af2d20f0b812ee31f322e2f96a3e39df0e56643720,primary_parent,dc9964414a1b09672b2c580113f4bf332112d1c030f0bb5885ef95136237ddc1,maximum_hydrophobic_run,numeric,true,same_frozen_numeric_contract,minimize,residues,1.0,1.0,0.0,-0.0,false,fcf32054f92350f8ab1633f42952480c972e78400018130788c33891b1dcfcf9
fgf2,34aa9eaac8394d2e783f53d6ce4e997a311498b5c10e2ba11aa4138f7bf1c881,masked_substitution,12b7070358649cd5e5d250af2d20f0b812ee31f322e2f96a3e39df0e56643720,primary_parent,dc9964414a1b09672b2c580113f4bf332112d1c030f0bb5885ef95136237ddc1,net_charge_ph7_4,numeric,false,audit_metric_has_no_monotonic_improvement_direction,audit,elementary_charge,6.066,5.065,-1.0009999999999994,,true,889c67b794994b8b4fc04bcb5a8648a44960f4dfccf7c9faa757c7ea6b702ba4
fgf2,34aa9eaac8394d2e783f53d6ce4e997a311498b5c10e2ba11aa4138f7bf1c881,masked_substitution,12b7070358649cd5e5d250af2d20f0b812ee31f322e2f96a3e39df0e56643720,primary_parent,dc9964414a1b09672b2c580113f4bf332112d1c030f0bb5885ef95136237ddc1,toxinpred3_hybrid_score,numeric,true,same_frozen_numeric_contract,minimize,dimensionless,0.0,0.0,0.0,-0.0,false,3062d2280777b47f69cfac3ce675a46ea11d1e41d17246bb8565672f5cf09c64
fgf2,34aa9eaac8394d2e783f53d6ce4e997a311498b5c10e2ba11aa4138f7bf1c881,masked_substitution,12b7070358649cd5e5d250af2d20f0b812ee31f322e2f96a3e39df0e56643720,primary_parent,dc9964414a1b09672b2c580113f4bf332112d1c030f0bb5885ef95136237ddc1,toxinpred3_label,categorical,true,same_frozen_label_contract,audit,label,Non-Toxin,Non-Toxin,,,false,7ed6cc59ff42c4d6349bca09bb8494093ac5ae3afd5c3d86a15f38445ca58720
fgf2,492b3602e01df0f1ffbc5a5f326a115e21e0d0100daf7243235a601f9891b304,masked_substitution,13a59a890f5afd9650b367b5ad1b83dc261033ce28d99686df90d6982db2ca09,primary_parent,dc9964414a1b09672b2c580113f4bf332112d1c030f0bb5885ef95136237ddc1,amp_read_log10_mic_um,numeric,true,same_frozen_numeric_contract,minimize,log10(uM),2.5455829971143507,2.2732558888527308,-0.2723271082616199,0.2723271082616199,true,9b53f58f63dc9b2cf9d31d5a9357e6143420bdba4f889d9329cb62d663536edc
fgf2,492b3602e01df0f1ffbc5a5f326a115e21e0d0100daf7243235a601f9891b304,masked_substitution,13a59a890f5afd9650b367b5ad1b83dc261033ce28d99686df90d6982db2ca09,primary_parent,dc9964414a1b09672b2c580113f4bf332112d1c030f0bb5885ef95136237ddc1,guruprasad_instability_index,numeric,true,same_frozen_numeric_contract,minimize,index,5.695455,1.836363636363634,-3.8590913636363657,3.8590913636363657,true,b5831caf5e5cb50699f59d23b7bd75bad9384334ee49a5fd5e68d53f4ce239d3
fgf2,492b3602e01df0f1ffbc5a5f326a115e21e0d0100daf7243235a601f9891b304,masked_substitution,13a59a890f5afd9650b367b5ad1b83dc261033ce28d99686df90d6982db2ca09,primary_parent,dc9964414a1b09672b2c580113f4bf332112d1c030f0bb5885ef95136237ddc1,hydrophobic_moment_eisenberg,numeric,false,audit_metric_has_no_monotonic_improvement_direction,audit,dimensionless,0.17898144767932164,0.18295889649319144,0.003977448813869799,,true,721756549067847b25cf90cd9c876947d074f52e9c9774641ea50fb000fab13b
fgf2,492b3602e01df0f1ffbc5a5f326a115e21e0d0100daf7243235a601f9891b304,masked_substitution,13a59a890f5afd9650b367b5ad1b83dc261033ce28d99686df90d6982db2ca09,primary_parent,dc9964414a1b09672b2c580113f4bf332112d1c030f0bb5885ef95136237ddc1,hydrophobic_ratio_modlamp,numeric,false,audit_metric_has_no_monotonic_improvement_direction,audit,fraction,0.045454545454545456,0.09090909090909091,0.045454545454545456,,true,6693f3a547c25122e890183fa64988df407253dc416e22ed00b28b3402d6b45f
fgf2,492b3602e01df0f1ffbc5a5f326a115e21e0d0100daf7243235a601f9891b304,masked_substitution,13a59a890f5afd9650b367b5ad1b83dc261033ce28d99686df90d6982db2ca09,primary_parent,dc9964414a1b09672b2c580113f4bf332112d1c030f0bb5885ef95136237ddc1,llamp_log10_mic_um,numeric,true,same_frozen_numeric_contract,minimize,log10(uM),0.8619756698608398,0.9929990768432617,0.13102340698242188,-0.13102340698242188,true,d1879ba765ecd3b8bd0012e50eb4aa30f36b0469c96c4ffd889cdb0a969f0dc1
fgf2,492b3602e01df0f1ffbc5a5f326a115e21e0d0100daf7243235a601f9891b304,masked_substitution,13a59a890f5afd9650b367b5ad1b83dc261033ce28d99686df90d6982db2ca09,primary_parent,dc9964414a1b09672b2c580113f4bf332112d1c030f0bb5885ef95136237ddc1,macrel_amp_probability,numeric,true,same_frozen_numeric_contract,maximize,probability,0.356,0.356,0.0,0.0,false,6c098323580d728fe7b4007cddf61a0deb18cf76c97bd595c53531ca00ca47ea
fgf2,492b3602e01df0f1ffbc5a5f326a115e21e0d0100daf7243235a601f9891b304,masked_substitution,13a59a890f5afd9650b367b5ad1b83dc261033ce28d99686df90d6982db2ca09,primary_parent,dc9964414a1b09672b2c580113f4bf332112d1c030f0bb5885ef95136237ddc1,macrel_hemolysis_label,categorical,true,same_frozen_label_contract,audit,label,low,low,,,false,74763cbf6b52597d7590e46a099492d380772dde39a695ed935ca29209930333
fgf2,492b3602e01df0f1ffbc5a5f326a115e21e0d0100daf7243235a601f9891b304,masked_substitution,13a59a890f5afd9650b367b5ad1b83dc261033ce28d99686df90d6982db2ca09,primary_parent,dc9964414a1b09672b2c580113f4bf332112d1c030f0bb5885ef95136237ddc1,macrel_hemolysis_probability,numeric,true,same_frozen_numeric_contract,minimize,probability,0.436,0.455,0.019000000000000017,-0.019000000000000017,true,1aa73c45b5f2c8f93af54397954f48ace98154ed7da401a6c1bc7364f4142bf3
fgf2,492b3602e01df0f1ffbc5a5f326a115e21e0d0100daf7243235a601f9891b304,masked_substitution,13a59a890f5afd9650b367b5ad1b83dc261033ce28d99686df90d6982db2ca09,primary_parent,dc9964414a1b09672b2c580113f4bf332112d1c030f0bb5885ef95136237ddc1,maximum_hydrophobic_run,numeric,true,same_frozen_numeric_contract,minimize,residues,1.0,1.0,0.0,-0.0,false,8d4fbebb34d04a687a600239ce43231f87c7c9cba0f99d955cfccede7637bf96
fgf2,492b3602e01df0f1ffbc5a5f326a115e21e0d0100daf7243235a601f9891b304,masked_substitution,13a59a890f5afd9650b367b5ad1b83dc261033ce28d99686df90d6982db2ca09,primary_parent,dc9964414a1b09672b2c580113f4bf332112d1c030f0bb5885ef95136237ddc1,net_charge_ph7_4,numeric,false,audit_metric_has_no_monotonic_improvement_direction,audit,elementary_charge,6.066,6.066,0.0,,false,1a6ac88bab3cec6e2c577581165b038815d288bb47663ab5ad95ed1fc0c84d7d
fgf2,492b3602e01df0f1ffbc5a5f326a115e21e0d0100daf7243235a601f9891b304,masked_substitution,13a59a890f5afd9650b367b5ad1b83dc261033ce28d99686df90d6982db2ca09,primary_parent,dc9964414a1b09672b2c580113f4bf332112d1c030f0bb5885ef95136237ddc1,toxinpred3_hybrid_score,numeric,true,same_frozen_numeric_contract,minimize,dimensionless,0.0,0.0,0.0,-0.0,false,9a0618a38f763b3470dd4a52dda08ef3ce538ebcc3022b4119b8e3056f35ced6
fgf2,492b3602e01df0f1ffbc5a5f326a115e21e0d0100daf7243235a601f9891b304,masked_substitution,13a59a890f5afd9650b367b5ad1b83dc261033ce28d99686df90d6982db2ca09,primary_parent,dc9964414a1b09672b2c580113f4bf332112d1c030f0bb5885ef95136237ddc1,toxinpred3_label,categorical,true,same_frozen_label_contract,audit,label,Non-Toxin,Non-Toxin,,,false,2a9c3a0bcae08bddb68dc76c82d7380098e3f1ea2fb46aeac71e21c3268f3cbb
fgf2,9715a69d448ffd23eb5e9adfeb52bc47065078d94301766fb9ed9d2505aff9e9,masked_substitution,6ff45798eec3ebeff8b06a4f0ec5b4f90078a0833a5d83d3f96a2472dd4ba290,primary_parent,dc9964414a1b09672b2c580113f4bf332112d1c030f0bb5885ef95136237ddc1,amp_read_log10_mic_um,numeric,true,same_frozen_numeric_contract,minimize,log10(uM),2.5455829971143507,1.9773851618926275,-0.5681978352217232,0.5681978352217232,true,eecabed384bd82d733c6b6f747543d86688e28dcc72ab78acdc91dad635f97b3
fgf2,9715a69d448ffd23eb5e9adfeb52bc47065078d94301766fb9ed9d2505aff9e9,masked_substitution,6ff45798eec3ebeff8b06a4f0ec5b4f90078a0833a5d83d3f96a2472dd4ba290,primary_parent,dc9964414a1b09672b2c580113f4bf332112d1c030f0bb5885ef95136237ddc1,guruprasad_instability_index,numeric,true,same_frozen_numeric_contract,minimize,index,5.695455,1.836363636363634,-3.8590913636363657,3.8590913636363657,true,5e934d0b06ee9e15162421dd20d1db5d962029890984058caa70ed54916054ac
fgf2,9715a69d448ffd23eb5e9adfeb52bc47065078d94301766fb9ed9d2505aff9e9,masked_substitution,6ff45798eec3ebeff8b06a4f0ec5b4f90078a0833a5d83d3f96a2472dd4ba290,primary_parent,dc9964414a1b09672b2c580113f4bf332112d1c030f0bb5885ef95136237ddc1,hydrophobic_moment_eisenberg,numeric,false,audit_metric_has_no_monotonic_improvement_direction,audit,dimensionless,0.17898144767932164,0.18880097541918178,0.00981952773986014,,true,39c0db65e3657c83d91b9f80db6e290e9f799101210a283d096b812fc90d1c71
fgf2,9715a69d448ffd23eb5e9adfeb52bc47065078d94301766fb9ed9d2505aff9e9,masked_substitution,6ff45798eec3ebeff8b06a4f0ec5b4f90078a0833a5d83d3f96a2472dd4ba290,primary_parent,dc9964414a1b09672b2c580113f4bf332112d1c030f0bb5885ef95136237ddc1,hydrophobic_ratio_modlamp,numeric,false,audit_metric_has_no_monotonic_improvement_direction,audit,fraction,0.045454545454545456,0.09090909090909091,0.045454545454545456,,true,98cf266d1baf108c73fbc675d369891598ffa74dea5ab1db5646375170fa57d5
fgf2,9715a69d448ffd23eb5e9adfeb52bc47065078d94301766fb9ed9d2505aff9e9,masked_substitution,6ff45798eec3ebeff8b06a4f0ec5b4f90078a0833a5d83d3f96a2472dd4ba290,primary_parent,dc9964414a1b09672b2c580113f4bf332112d1c030f0bb5885ef95136237ddc1,llamp_log10_mic_um,numeric,true,same_frozen_numeric_contract,minimize,log10(uM),0.8619756698608398,0.9714783430099487,0.10950267314910889,-0.10950267314910889,true,2e8e3c4b6d27d8e8e1c043971db1e769ede4e1e7696c89092d247d2796e40c59
fgf2,9715a69d448ffd23eb5e9adfeb52bc47065078d94301766fb9ed9d2505aff9e9,masked_substitution,6ff45798eec3ebeff8b06a4f0ec5b4f90078a0833a5d83d3f96a2472dd4ba290,primary_parent,dc9964414a1b09672b2c580113f4bf332112d1c030f0bb5885ef95136237ddc1,macrel_amp_probability,numeric,true,same_frozen_numeric_contract,maximize,probability,0.356,0.347,-0.009000000000000008,-0.009000000000000008,true,28a33eb9c13a0b32b1b92905d072159e2f89743221b64e98a04c238c2dfefe87
fgf2,9715a69d448ffd23eb5e9adfeb52bc47065078d94301766fb9ed9d2505aff9e9,masked_substitution,6ff45798eec3ebeff8b06a4f0ec5b4f90078a0833a5d83d3f96a2472dd4ba290,primary_parent,dc9964414a1b09672b2c580113f4bf332112d1c030f0bb5885ef95136237ddc1,macrel_hemolysis_label,categorical,true,same_frozen_label_contract,audit,label,low,low,,,false,72ace673fddeaf220e53f36fb7d24c3ffe4e91ee655f8438031e26dea80b94a4
fgf2,9715a69d448ffd23eb5e9adfeb52bc47065078d94301766fb9ed9d2505aff9e9,masked_substitution,6ff45798eec3ebeff8b06a4f0ec5b4f90078a0833a5d83d3f96a2472dd4ba290,primary_parent,dc9964414a1b09672b2c580113f4bf332112d1c030f0bb5885ef95136237ddc1,macrel_hemolysis_probability,numeric,true,same_frozen_numeric_contract,minimize,probability,0.436,0.465,0.029000000000000026,-0.029000000000000026,true,23617918aabb63718d49baee3bbdb5193d1f07b00a2e08f7da2d99ff99465be6
fgf2,9715a69d448ffd23eb5e9adfeb52bc47065078d94301766fb9ed9d2505aff9e9,masked_substitution,6ff45798eec3ebeff8b06a4f0ec5b4f90078a0833a5d83d3f96a2472dd4ba290,primary_parent,dc9964414a1b09672b2c580113f4bf332112d1c030f0bb5885ef95136237ddc1,maximum_hydrophobic_run,numeric,true,same_frozen_numeric_contract,minimize,residues,1.0,1.0,0.0,-0.0,false,6e43bbeaf067b02cd63a292a28b789d6e3690f81e321ff027ffa936f1546f4f8
fgf2,9715a69d448ffd23eb5e9adfeb52bc47065078d94301766fb9ed9d2505aff9e9,masked_substitution,6ff45798eec3ebeff8b06a4f0ec5b4f90078a0833a5d83d3f96a2472dd4ba290,primary_parent,dc9964414a1b09672b2c580113f4bf332112d1c030f0bb5885ef95136237ddc1,net_charge_ph7_4,numeric,false,audit_metric_has_no_monotonic_improvement_direction,audit,elementary_charge,6.066,6.066,0.0,,false,2125736a03d9347011f3d3e7e966bf07392ca62c549b794f89bb86a3ef644af5
fgf2,9715a69d448ffd23eb5e9adfeb52bc47065078d94301766fb9ed9d2505aff9e9,masked_substitution,6ff45798eec3ebeff8b06a4f0ec5b4f90078a0833a5d83d3f96a2472dd4ba290,primary_parent,dc9964414a1b09672b2c580113f4bf332112d1c030f0bb5885ef95136237ddc1,toxinpred3_hybrid_score,numeric,true,same_frozen_numeric_contract,minimize,dimensionless,0.0,0.0,0.0,-0.0,false,20f67c8e525684914002c8f268cac3e91b3e8ec61a0169d9a7ab1bcdd4673445
fgf2,9715a69d448ffd23eb5e9adfeb52bc47065078d94301766fb9ed9d2505aff9e9,masked_substitution,6ff45798eec3ebeff8b06a4f0ec5b4f90078a0833a5d83d3f96a2472dd4ba290,primary_parent,dc9964414a1b09672b2c580113f4bf332112d1c030f0bb5885ef95136237ddc1,toxinpred3_label,categorical,true,same_frozen_label_contract,audit,label,Non-Toxin,Non-Toxin,,,false,5e2bda849895812ce65de5cf80d8a5ed01e9a749b0cc61a404c9a07b044cc855
fgf2,3577f56d778e2e0900c57781bee163e890cab75f74566a8ae69ea0770a0a21f2,masked_substitution,15fec494731e63b78237785ef83f9e965c18c33e3d3e066ca06e7490328c611b,primary_parent,dc9964414a1b09672b2c580113f4bf332112d1c030f0bb5885ef95136237ddc1,amp_read_log10_mic_um,numeric,true,same_frozen_numeric_contract,minimize,log10(uM),2.5455829971143507,1.8217667315813424,-0.7238162655330083,0.7238162655330083,true,c5b62e0fced3c3fdd08a4f61f0e0e0b6a9c9959c940e8f4f4f032a4f8b091193
fgf2,3577f56d778e2e0900c57781bee163e890cab75f74566a8ae69ea0770a0a21f2,masked_substitution,15fec494731e63b78237785ef83f9e965c18c33e3d3e066ca06e7490328c611b,primary_parent,dc9964414a1b09672b2c580113f4bf332112d1c030f0bb5885ef95136237ddc1,guruprasad_instability_index,numeric,true,same_frozen_numeric_contract,minimize,index,5.695455,16.459090909090907,10.763635909090908,-10.763635909090908,true,6973402bd66e6b3fa32ceb2443ce40c58ebe7ece42cabe93469a3ba029ed5945
fgf2,3577f56d778e2e0900c57781bee163e890cab75f74566a8ae69ea0770a0a21f2,masked_substitution,15fec494731e63b78237785ef83f9e965c18c33e3d3e066ca06e7490328c611b,primary_parent,dc9964414a1b09672b2c580113f4bf332112d1c030f0bb5885ef95136237ddc1,hydrophobic_moment_eisenberg,numeric,false,audit_metric_has_no_monotonic_improvement_direction,audit,dimensionless,0.17898144767932164,0.18498596070770493,0.006004513028383285,,true,5e6f8e58a7b238ae174002de688c56c2173453cffef128110fbb9bc2b655a139
fgf2,3577f56d778e2e0900c57781bee163e890cab75f74566a8ae69ea0770a0a21f2,masked_substitution,15fec494731e63b78237785ef83f9e965c18c33e3d3e066ca06e7490328c611b,primary_parent,dc9964414a1b09672b2c580113f4bf332112d1c030f0bb5885ef95136237ddc1,hydrophobic_ratio_modlamp,numeric,false,audit_metric_has_no_monotonic_improvement_direction,audit,fraction,0.045454545454545456,0.045454545454545456,0.0,,false,ae04bafbd28739fa62a2f6dd8e7cc9be9edd0c43f313f5751b087409a2f7d936
fgf2,3577f56d778e2e0900c57781bee163e890cab75f74566a8ae69ea0770a0a21f2,masked_substitution,15fec494731e63b78237785ef83f9e965c18c33e3d3e066ca06e7490328c611b,primary_parent,dc9964414a1b09672b2c580113f4bf332112d1c030f0bb5885ef95136237ddc1,llamp_log10_mic_um,numeric,true,same_frozen_numeric_contract,minimize,log10(uM),0.8619756698608398,0.830397367477417,-0.03157830238342285,0.03157830238342285,true,e5860154d3d9bc690521e8fc28dea22b54993a782680b8d62e850051f738282a
fgf2,3577f56d778e2e0900c57781bee163e890cab75f74566a8ae69ea0770a0a21f2,masked_substitution,15fec494731e63b78237785ef83f9e965c18c33e3d3e066ca06e7490328c611b,primary_parent,dc9964414a1b09672b2c580113f4bf332112d1c030f0bb5885ef95136237ddc1,macrel_amp_probability,numeric,true,same_frozen_numeric_contract,maximize,probability,0.356,0.436,0.08000000000000002,0.08000000000000002,true,91017457e20b2ddec084befb7f6af04ac8c7f6ba046fcf20965ec65ffc896e83
fgf2,3577f56d778e2e0900c57781bee163e890cab75f74566a8ae69ea0770a0a21f2,masked_substitution,15fec494731e63b78237785ef83f9e965c18c33e3d3e066ca06e7490328c611b,primary_parent,dc9964414a1b09672b2c580113f4bf332112d1c030f0bb5885ef95136237ddc1,macrel_hemolysis_label,categorical,true,same_frozen_label_contract,audit,label,low,low,,,false,45f82d2663ceed1467f745db9f3c0a30a69b4eda4b453329d5bc8188c9da0f68
fgf2,3577f56d778e2e0900c57781bee163e890cab75f74566a8ae69ea0770a0a21f2,masked_substitution,15fec494731e63b78237785ef83f9e965c18c33e3d3e066ca06e7490328c611b,primary_parent,dc9964414a1b09672b2c580113f4bf332112d1c030f0bb5885ef95136237ddc1,macrel_hemolysis_probability,numeric,true,same_frozen_numeric_contract,minimize,probability,0.436,0.495,0.059,-0.059,true,85f4a74caff3d42356d3031a594400db6aec685bdaf86447a1302bb5be79ad93
fgf2,3577f56d778e2e0900c57781bee163e890cab75f74566a8ae69ea0770a0a21f2,masked_substitution,15fec494731e63b78237785ef83f9e965c18c33e3d3e066ca06e7490328c611b,primary_parent,dc9964414a1b09672b2c580113f4bf332112d1c030f0bb5885ef95136237ddc1,maximum_hydrophobic_run,numeric,true,same_frozen_numeric_contract,minimize,residues,1.0,1.0,0.0,-0.0,false,373cf55c587e791fdb0694d07b534dc5e5d8e9ae6131e4a768fce04bae1ea892
fgf2,3577f56d778e2e0900c57781bee163e890cab75f74566a8ae69ea0770a0a21f2,masked_substitution,15fec494731e63b78237785ef83f9e965c18c33e3d3e066ca06e7490328c611b,primary_parent,dc9964414a1b09672b2c580113f4bf332112d1c030f0bb5885ef95136237ddc1,net_charge_ph7_4,numeric,false,audit_metric_has_no_monotonic_improvement_direction,audit,elementary_charge,6.066,6.066,0.0,,false,c5b0f8baaa07729942090a841107af6a39f8474e6464af1f7b11e03f1acaa6b6
fgf2,3577f56d778e2e0900c57781bee163e890cab75f74566a8ae69ea0770a0a21f2,masked_substitution,15fec494731e63b78237785ef83f9e965c18c33e3d3e066ca06e7490328c611b,primary_parent,dc9964414a1b09672b2c580113f4bf332112d1c030f0bb5885ef95136237ddc1,toxinpred3_hybrid_score,numeric,true,same_frozen_numeric_contract,minimize,dimensionless,0.0,0.0,0.0,-0.0,false,c4f887de4f839a7da7aa161fcf06f7eaf9c8b48fd516b4a59391bdf719bc19a7
fgf2,3577f56d778e2e0900c57781bee163e890cab75f74566a8ae69ea0770a0a21f2,masked_substitution,15fec494731e63b78237785ef83f9e965c18c33e3d3e066ca06e7490328c611b,primary_parent,dc9964414a1b09672b2c580113f4bf332112d1c030f0bb5885ef95136237ddc1,toxinpred3_label,categorical,true,same_frozen_label_contract,audit,label,Non-Toxin,Non-Toxin,,,false,41134472745649505597d2b91a4921b9702eb45c9278c393ddc5c04d93136c76
fgf2,4274902f72a502222a54f4419b84a12e9f67bef2f1d7ca1d9befb4426a4a3414,masked_substitution,73177da2b328633f5da35f55ea3822f38e1bf7d8bbc9809bb9a02c83823642cb,primary_parent,dc9964414a1b09672b2c580113f4bf332112d1c030f0bb5885ef95136237ddc1,amp_read_log10_mic_um,numeric,true,same_frozen_numeric_contract,minimize,log10(uM),2.5455829971143507,1.7679659241339147,-0.7776170729804359,0.7776170729804359,true,3a6b8b455ef9fd05f8e8eb1cb00d44e080dfacdaa25bba035c460248190d12a3
fgf2,4274902f72a502222a54f4419b84a12e9f67bef2f1d7ca1d9befb4426a4a3414,masked_substitution,73177da2b328633f5da35f55ea3822f38e1bf7d8bbc9809bb9a02c83823642cb,primary_parent,dc9964414a1b09672b2c580113f4bf332112d1c030f0bb5885ef95136237ddc1,guruprasad_instability_index,numeric,true,same_frozen_numeric_contract,minimize,index,5.695455,11.304545454545453,5.609090454545453,-5.609090454545453,true,4add28e827bc066dfaa6443a4f5ebe1bb9b23563ef11d42d0c5dbdd92f534ed8
fgf2,4274902f72a502222a54f4419b84a12e9f67bef2f1d7ca1d9befb4426a4a3414,masked_substitution,73177da2b328633f5da35f55ea3822f38e1bf7d8bbc9809bb9a02c83823642cb,primary_parent,dc9964414a1b09672b2c580113f4bf332112d1c030f0bb5885ef95136237ddc1,hydrophobic_moment_eisenberg,numeric,false,audit_metric_has_no_monotonic_improvement_direction,audit,dimensionless,0.17898144767932164,0.18019396024704878,0.001212512567727142,,true,7fb9d3360d965401cd6973030c4f1d16e96b1dd7b47c10a9642b635b855df6e4
fgf2,4274902f72a502222a54f4419b84a12e9f67bef2f1d7ca1d9befb4426a4a3414,masked_substitution,73177da2b328633f5da35f55ea3822f38e1bf7d8bbc9809bb9a02c83823642cb,primary_parent,dc9964414a1b09672b2c580113f4bf332112d1c030f0bb5885ef95136237ddc1,hydrophobic_ratio_modlamp,numeric,false,audit_metric_has_no_monotonic_improvement_direction,audit,fraction,0.045454545454545456,0.045454545454545456,0.0,,false,9393e1aafe09dcafc44f21328b26770e0eb699491a8e1312044ae03deced2c89
fgf2,4274902f72a502222a54f4419b84a12e9f67bef2f1d7ca1d9befb4426a4a3414,masked_substitution,73177da2b328633f5da35f55ea3822f38e1bf7d8bbc9809bb9a02c83823642cb,primary_parent,dc9964414a1b09672b2c580113f4bf332112d1c030f0bb5885ef95136237ddc1,llamp_log10_mic_um,numeric,true,same_frozen_numeric_contract,minimize,log10(uM),0.8619756698608398,0.7685072422027588,-0.09346842765808105,0.09346842765808105,true,d297f2c4f2ec1413a70c1f8fd2ea66d3ed257ca6c841b7a8e561922f4e91d084
fgf2,4274902f72a502222a54f4419b84a12e9f67bef2f1d7ca1d9befb4426a4a3414,masked_substitution,73177da2b328633f5da35f55ea3822f38e1bf7d8bbc9809bb9a02c83823642cb,primary_parent,dc9964414a1b09672b2c580113f4bf332112d1c030f0bb5885ef95136237ddc1,macrel_amp_probability,numeric,true,same_frozen_numeric_contract,maximize,probability,0.356,0.436,0.08000000000000002,0.08000000000000002,true,37941cef10e82a671277337089b3626210072b2e081bcb71f90d4cd3e2dc2749
fgf2,4274902f72a502222a54f4419b84a12e9f67bef2f1d7ca1d9befb4426a4a3414,masked_substitution,73177da2b328633f5da35f55ea3822f38e1bf7d8bbc9809bb9a02c83823642cb,primary_parent,dc9964414a1b09672b2c580113f4bf332112d1c030f0bb5885ef95136237ddc1,macrel_hemolysis_label,categorical,true,same_frozen_label_contract,audit,label,low,low,,,false,a5597d06f9f44b07c6d9b1dd56c669dfdbaf2b84a3b9c2f47d0fc22ade0b2266
fgf2,4274902f72a502222a54f4419b84a12e9f67bef2f1d7ca1d9befb4426a4a3414,masked_substitution,73177da2b328633f5da35f55ea3822f38e1bf7d8bbc9809bb9a02c83823642cb,primary_parent,dc9964414a1b09672b2c580113f4bf332112d1c030f0bb5885ef95136237ddc1,macrel_hemolysis_probability,numeric,true,same_frozen_numeric_contract,minimize,probability,0.436,0.485,0.04899999999999999,-0.04899999999999999,true,30def903afd0c8f45e7d7c60ed71e2d8261da5302f52a0d588799f72fb8d0ae6
fgf2,4274902f72a502222a54f4419b84a12e9f67bef2f1d7ca1d9befb4426a4a3414,masked_substitution,73177da2b328633f5da35f55ea3822f38e1bf7d8bbc9809bb9a02c83823642cb,primary_parent,dc9964414a1b09672b2c580113f4bf332112d1c030f0bb5885ef95136237ddc1,maximum_hydrophobic_run,numeric,true,same_frozen_numeric_contract,minimize,residues,1.0,1.0,0.0,-0.0,false,bbd3a61d80ec39eeff73b984a0ec1a35c2c5042d8adf9bb77a64e9055526eb96
fgf2,4274902f72a502222a54f4419b84a12e9f67bef2f1d7ca1d9befb4426a4a3414,masked_substitution,73177da2b328633f5da35f55ea3822f38e1bf7d8bbc9809bb9a02c83823642cb,primary_parent,dc9964414a1b09672b2c580113f4bf332112d1c030f0bb5885ef95136237ddc1,net_charge_ph7_4,numeric,false,audit_metric_has_no_monotonic_improvement_direction,audit,elementary_charge,6.066,6.064,-0.0019999999999997797,,true,8c57364a7bb1819c575f26cef65f5d7792fa76679f9b18944ac66a9ffe4561c1
fgf2,4274902f72a502222a54f4419b84a12e9f67bef2f1d7ca1d9befb4426a4a3414,masked_substitution,73177da2b328633f5da35f55ea3822f38e1bf7d8bbc9809bb9a02c83823642cb,primary_parent,dc9964414a1b09672b2c580113f4bf332112d1c030f0bb5885ef95136237ddc1,toxinpred3_hybrid_score,numeric,true,same_frozen_numeric_contract,minimize,dimensionless,0.0,0.0,0.0,-0.0,false,063ea4a682a6e6612a054c42f1d5fbe07535964c35c15d325ac2a6cf7c915dd7
fgf2,4274902f72a502222a54f4419b84a12e9f67bef2f1d7ca1d9befb4426a4a3414,masked_substitution,73177da2b328633f5da35f55ea3822f38e1bf7d8bbc9809bb9a02c83823642cb,primary_parent,dc9964414a1b09672b2c580113f4bf332112d1c030f0bb5885ef95136237ddc1,toxinpred3_label,categorical,true,same_frozen_label_contract,audit,label,Non-Toxin,Non-Toxin,,,false,c02d8f1836f6e9f4c3b6749abc94228c89c7b7360665eae62c193f591cba187b
fgf2,df74bafab0f0fae6720828c29636dd051aa96926e3b5d67187a6ef8fd00915f3,masked_substitution,97119b1e94ef3d2253d8ab48c05c1270d7a5b06eee5c72672fc444bae948ae6c,primary_parent,dc9964414a1b09672b2c580113f4bf332112d1c030f0bb5885ef95136237ddc1,amp_read_log10_mic_um,numeric,true,same_frozen_numeric_contract,minimize,log10(uM),2.5455829971143507,2.353566187794882,-0.19201680931946852,0.19201680931946852,true,b9681419ba604af050759af20afde9f66c345d98ae32cc927d5ce9e2b23b1409
fgf2,df74bafab0f0fae6720828c29636dd051aa96926e3b5d67187a6ef8fd00915f3,masked_substitution,97119b1e94ef3d2253d8ab48c05c1270d7a5b06eee5c72672fc444bae948ae6c,primary_parent,dc9964414a1b09672b2c580113f4bf332112d1c030f0bb5885ef95136237ddc1,guruprasad_instability_index,numeric,true,same_frozen_numeric_contract,minimize,index,5.695455,14.73181818181818,9.036363181818182,-9.036363181818182,true,4d29dacbf03f3a5a67a81cbc2e90e10d416af2f9175ea94c7e267265bbe77dc8
fgf2,df74bafab0f0fae6720828c29636dd051aa96926e3b5d67187a6ef8fd00915f3,masked_substitution,97119b1e94ef3d2253d8ab48c05c1270d7a5b06eee5c72672fc444bae948ae6c,primary_parent,dc9964414a1b09672b2c580113f4bf332112d1c030f0bb5885ef95136237ddc1,hydrophobic_moment_eisenberg,numeric,false,audit_metric_has_no_monotonic_improvement_direction,audit,dimensionless,0.17898144767932164,0.25044180621272316,0.07146035853340152,,true,20c190cc842a54f2db486b371eb79e3ec7e290321c7690a46be1ec8f2b742a78
fgf2,df74bafab0f0fae6720828c29636dd051aa96926e3b5d67187a6ef8fd00915f3,masked_substitution,97119b1e94ef3d2253d8ab48c05c1270d7a5b06eee5c72672fc444bae948ae6c,primary_parent,dc9964414a1b09672b2c580113f4bf332112d1c030f0bb5885ef95136237ddc1,hydrophobic_ratio_modlamp,numeric,false,audit_metric_has_no_monotonic_improvement_direction,audit,fraction,0.045454545454545456,0.09090909090909091,0.045454545454545456,,true,6d30f7aafcb73995e5ff0d6c2ba3e5efea649b7dcf2cf9d1b95aebf74056606b
fgf2,df74bafab0f0fae6720828c29636dd051aa96926e3b5d67187a6ef8fd00915f3,masked_substitution,97119b1e94ef3d2253d8ab48c05c1270d7a5b06eee5c72672fc444bae948ae6c,primary_parent,dc9964414a1b09672b2c580113f4bf332112d1c030f0bb5885ef95136237ddc1,llamp_log10_mic_um,numeric,true,same_frozen_numeric_contract,minimize,log10(uM),0.8619756698608398,0.7953906059265137,-0.06658506393432617,0.06658506393432617,true,5c9c1e6c93d396b7810ecdbf54b76c08a813b518fac65cddecda3573dc062de7
fgf2,df74bafab0f0fae6720828c29636dd051aa96926e3b5d67187a6ef8fd00915f3,masked_substitution,97119b1e94ef3d2253d8ab48c05c1270d7a5b06eee5c72672fc444bae948ae6c,primary_parent,dc9964414a1b09672b2c580113f4bf332112d1c030f0bb5885ef95136237ddc1,macrel_amp_probability,numeric,true,same_frozen_numeric_contract,maximize,probability,0.356,0.337,-0.01899999999999996,-0.01899999999999996,true,dcc17a674dcb1a45e46b393c566c707d3ffc228287ce4bd7365ded4e44013679
fgf2,df74bafab0f0fae6720828c29636dd051aa96926e3b5d67187a6ef8fd00915f3,masked_substitution,97119b1e94ef3d2253d8ab48c05c1270d7a5b06eee5c72672fc444bae948ae6c,primary_parent,dc9964414a1b09672b2c580113f4bf332112d1c030f0bb5885ef95136237ddc1,macrel_hemolysis_label,categorical,true,same_frozen_label_contract,audit,label,low,low,,,false,1f1ef1b11a5e646fd4e6e44c0a27ebcce20457d5b0220e1a5876ed2ad89d97ce
fgf2,df74bafab0f0fae6720828c29636dd051aa96926e3b5d67187a6ef8fd00915f3,masked_substitution,97119b1e94ef3d2253d8ab48c05c1270d7a5b06eee5c72672fc444bae948ae6c,primary_parent,dc9964414a1b09672b2c580113f4bf332112d1c030f0bb5885ef95136237ddc1,macrel_hemolysis_probability,numeric,true,same_frozen_numeric_contract,minimize,probability,0.436,0.465,0.029000000000000026,-0.029000000000000026,true,7d6e7f43d4ed5c61e6151cb70508ad77f662b0273a9ac13236fbd45595038484
fgf2,df74bafab0f0fae6720828c29636dd051aa96926e3b5d67187a6ef8fd00915f3,masked_substitution,97119b1e94ef3d2253d8ab48c05c1270d7a5b06eee5c72672fc444bae948ae6c,primary_parent,dc9964414a1b09672b2c580113f4bf332112d1c030f0bb5885ef95136237ddc1,maximum_hydrophobic_run,numeric,true,same_frozen_numeric_contract,minimize,residues,1.0,1.0,0.0,-0.0,false,07d99d2879b0fabf160d451767164a8edc6e6a0706496ed16997950f4f35441a
fgf2,df74bafab0f0fae6720828c29636dd051aa96926e3b5d67187a6ef8fd00915f3,masked_substitution,97119b1e94ef3d2253d8ab48c05c1270d7a5b06eee5c72672fc444bae948ae6c,primary_parent,dc9964414a1b09672b2c580113f4bf332112d1c030f0bb5885ef95136237ddc1,net_charge_ph7_4,numeric,false,audit_metric_has_no_monotonic_improvement_direction,audit,elementary_charge,6.066,6.024,-0.041999999999999815,,true,cc91e5265e37b016a22042bf688392b1f4b2a1b29897d3e63590b0bf9f9daedc
fgf2,df74bafab0f0fae6720828c29636dd051aa96926e3b5d67187a6ef8fd00915f3,masked_substitution,97119b1e94ef3d2253d8ab48c05c1270d7a5b06eee5c72672fc444bae948ae6c,primary_parent,dc9964414a1b09672b2c580113f4bf332112d1c030f0bb5885ef95136237ddc1,toxinpred3_hybrid_score,numeric,true,same_frozen_numeric_contract,minimize,dimensionless,0.0,0.0,0.0,-0.0,false,b3e665be61f7470fe7c8e7fa6c04793040df56d4f0c6893c115a86dd04ce3dee
fgf2,df74bafab0f0fae6720828c29636dd051aa96926e3b5d67187a6ef8fd00915f3,masked_substitution,97119b1e94ef3d2253d8ab48c05c1270d7a5b06eee5c72672fc444bae948ae6c,primary_parent,dc9964414a1b09672b2c580113f4bf332112d1c030f0bb5885ef95136237ddc1,toxinpred3_label,categorical,true,same_frozen_label_contract,audit,label,Non-Toxin,Non-Toxin,,,false,5bc4b20322f447a4d50337e1686809288b69bcdaa14f0093fe3be7703f2fbbb2
fgf2,d0676aba8c10755117e2482d160142c854e85fc9b1d24761bb6145c45e3da3ca,masked_substitution,89dd7dd30409d8377574476b8a38f7548bdf54bb259cd3c228f169a840506ebd,primary_parent,dc9964414a1b09672b2c580113f4bf332112d1c030f0bb5885ef95136237ddc1,amp_read_log10_mic_um,numeric,true,same_frozen_numeric_contract,minimize,log10(uM),2.5455829971143507,2.195453898867403,-0.3501290982469478,0.3501290982469478,true,1b130f987ef38b88651c5c2455712d8b5f6123785e1a1b1b398e669174e1dca5
fgf2,d0676aba8c10755117e2482d160142c854e85fc9b1d24761bb6145c45e3da3ca,masked_substitution,89dd7dd30409d8377574476b8a38f7548bdf54bb259cd3c228f169a840506ebd,primary_parent,dc9964414a1b09672b2c580113f4bf332112d1c030f0bb5885ef95136237ddc1,guruprasad_instability_index,numeric,true,same_frozen_numeric_contract,minimize,index,5.695455,-4.54090909090909,-10.23636409090909,10.23636409090909,true,35d09fe62887773b5ca76df0b96555513e03eb2ad0cc52e4a04d8e602fd23afb
fgf2,d0676aba8c10755117e2482d160142c854e85fc9b1d24761bb6145c45e3da3ca,masked_substitution,89dd7dd30409d8377574476b8a38f7548bdf54bb259cd3c228f169a840506ebd,primary_parent,dc9964414a1b09672b2c580113f4bf332112d1c030f0bb5885ef95136237ddc1,hydrophobic_moment_eisenberg,numeric,false,audit_metric_has_no_monotonic_improvement_direction,audit,dimensionless,0.17898144767932164,0.23295107962982378,0.05396963195050214,,true,fdc4b0b3571ff38e3a6c614ff46d7e0992071a63c901d83f0b1953f4a469a3d4
fgf2,d0676aba8c10755117e2482d160142c854e85fc9b1d24761bb6145c45e3da3ca,masked_substitution,89dd7dd30409d8377574476b8a38f7548bdf54bb259cd3c228f169a840506ebd,primary_parent,dc9964414a1b09672b2c580113f4bf332112d1c030f0bb5885ef95136237ddc1,hydrophobic_ratio_modlamp,numeric,false,audit_metric_has_no_monotonic_improvement_direction,audit,fraction,0.045454545454545456,0.045454545454545456,0.0,,false,e6abc7ec25d4ce79815c4b1fa3c01379dff5c32ab9fdfbf00914d25affccde67
fgf2,d0676aba8c10755117e2482d160142c854e85fc9b1d24761bb6145c45e3da3ca,masked_substitution,89dd7dd30409d8377574476b8a38f7548bdf54bb259cd3c228f169a840506ebd,primary_parent,dc9964414a1b09672b2c580113f4bf332112d1c030f0bb5885ef95136237ddc1,llamp_log10_mic_um,numeric,true,same_frozen_numeric_contract,minimize,log10(uM),0.8619756698608398,1.14539635181427,0.2834206819534302,-0.2834206819534302,true,aac3e984fd2010ead50efc24c65f6b4606bd1cf9c0656b99d08afbcb52139b0c
fgf2,d0676aba8c10755117e2482d160142c854e85fc9b1d24761bb6145c45e3da3ca,masked_substitution,89dd7dd30409d8377574476b8a38f7548bdf54bb259cd3c228f169a840506ebd,primary_parent,dc9964414a1b09672b2c580113f4bf332112d1c030f0bb5885ef95136237ddc1,macrel_amp_probability,numeric,true,same_frozen_numeric_contract,maximize,probability,0.356,0.356,0.0,0.0,false,13ad6a398bc726afcd6efb5fe7a47df959be740b9aed4dc87218d450ea2210e0
fgf2,d0676aba8c10755117e2482d160142c854e85fc9b1d24761bb6145c45e3da3ca,masked_substitution,89dd7dd30409d8377574476b8a38f7548bdf54bb259cd3c228f169a840506ebd,primary_parent,dc9964414a1b09672b2c580113f4bf332112d1c030f0bb5885ef95136237ddc1,macrel_hemolysis_label,categorical,true,same_frozen_label_contract,audit,label,low,low,,,false,0c6dd589c96e7d269594e0c7777c652fb6f2f46fa49dda17802241b63cd05b48
fgf2,d0676aba8c10755117e2482d160142c854e85fc9b1d24761bb6145c45e3da3ca,masked_substitution,89dd7dd30409d8377574476b8a38f7548bdf54bb259cd3c228f169a840506ebd,primary_parent,dc9964414a1b09672b2c580113f4bf332112d1c030f0bb5885ef95136237ddc1,macrel_hemolysis_probability,numeric,true,same_frozen_numeric_contract,minimize,probability,0.436,0.495,0.059,-0.059,true,beefcc6da7be7edf3fc1267eac47361cda0f153bddc43405ed0c120d18413529
fgf2,d0676aba8c10755117e2482d160142c854e85fc9b1d24761bb6145c45e3da3ca,masked_substitution,89dd7dd30409d8377574476b8a38f7548bdf54bb259cd3c228f169a840506ebd,primary_parent,dc9964414a1b09672b2c580113f4bf332112d1c030f0bb5885ef95136237ddc1,maximum_hydrophobic_run,numeric,true,same_frozen_numeric_contract,minimize,residues,1.0,1.0,0.0,-0.0,false,2e83205d4bf6ceb045b776d38d6c19634a2f0d89fcae01ee9952768997f1096b
fgf2,d0676aba8c10755117e2482d160142c854e85fc9b1d24761bb6145c45e3da3ca,masked_substitution,89dd7dd30409d8377574476b8a38f7548bdf54bb259cd3c228f169a840506ebd,primary_parent,dc9964414a1b09672b2c580113f4bf332112d1c030f0bb5885ef95136237ddc1,net_charge_ph7_4,numeric,false,audit_metric_has_no_monotonic_improvement_direction,audit,elementary_charge,6.066,6.024,-0.041999999999999815,,true,36b6e50f834032e471ed3939aaa4d35bf5e36c9aef64345227f4ef02f46b40b9
fgf2,d0676aba8c10755117e2482d160142c854e85fc9b1d24761bb6145c45e3da3ca,masked_substitution,89dd7dd30409d8377574476b8a38f7548bdf54bb259cd3c228f169a840506ebd,primary_parent,dc9964414a1b09672b2c580113f4bf332112d1c030f0bb5885ef95136237ddc1,toxinpred3_hybrid_score,numeric,true,same_frozen_numeric_contract,minimize,dimensionless,0.0,0.0,0.0,-0.0,false,efd9710b3dd0a7dd16d0850b51ffedfdd099e508287ae270fddd15bd5f53a1ac
fgf2,d0676aba8c10755117e2482d160142c854e85fc9b1d24761bb6145c45e3da3ca,masked_substitution,89dd7dd30409d8377574476b8a38f7548bdf54bb259cd3c228f169a840506ebd,primary_parent,dc9964414a1b09672b2c580113f4bf332112d1c030f0bb5885ef95136237ddc1,toxinpred3_label,categorical,true,same_frozen_label_contract,audit,label,Non-Toxin,Non-Toxin,,,false,2392d0c73aff888a53e731e567ecc036963c4f20b1a1f28f66d02188b3f201e5
fgf2,1bdb5d0617e55c1d0548922cb8f7615829aed3d8c83a6d0a6daa453eda905e9a,masked_substitution,cc8235ad238a62f6918e4e7a5ff3f919a8401129826a5880f65006fdfcf88414,primary_parent,dc9964414a1b09672b2c580113f4bf332112d1c030f0bb5885ef95136237ddc1,amp_read_log10_mic_um,numeric,true,same_frozen_numeric_contract,minimize,log10(uM),2.5455829971143507,2.409356748286922,-0.13622624882742862,0.13622624882742862,true,520eb1dc2420098191aa76d06a13af6ca50a22bf7389fecc147aaf49e3201a80
fgf2,1bdb5d0617e55c1d0548922cb8f7615829aed3d8c83a6d0a6daa453eda905e9a,masked_substitution,cc8235ad238a62f6918e4e7a5ff3f919a8401129826a5880f65006fdfcf88414,primary_parent,dc9964414a1b09672b2c580113f4bf332112d1c030f0bb5885ef95136237ddc1,guruprasad_instability_index,numeric,true,same_frozen_numeric_contract,minimize,index,5.695455,5.263636363636361,-0.43181863636363893,0.43181863636363893,true,773a378ee01f74cdee0da2eb6616db50babee01769195b238fa6c4feff7feecf
fgf2,1bdb5d0617e55c1d0548922cb8f7615829aed3d8c83a6d0a6daa453eda905e9a,masked_substitution,cc8235ad238a62f6918e4e7a5ff3f919a8401129826a5880f65006fdfcf88414,primary_parent,dc9964414a1b09672b2c580113f4bf332112d1c030f0bb5885ef95136237ddc1,hydrophobic_moment_eisenberg,numeric,false,audit_metric_has_no_monotonic_improvement_direction,audit,dimensionless,0.17898144767932164,0.2083526350971378,0.029371187417816164,,true,ce94700c9735766c6080d8ba6c8fe6be257e41cf5fbcd5cf88e2862554c7249e
fgf2,1bdb5d0617e55c1d0548922cb8f7615829aed3d8c83a6d0a6daa453eda905e9a,masked_substitution,cc8235ad238a62f6918e4e7a5ff3f919a8401129826a5880f65006fdfcf88414,primary_parent,dc9964414a1b09672b2c580113f4bf332112d1c030f0bb5885ef95136237ddc1,hydrophobic_ratio_modlamp,numeric,false,audit_metric_has_no_monotonic_improvement_direction,audit,fraction,0.045454545454545456,0.045454545454545456,0.0,,false,9e9b6fff8cfd8fe314dc65ae22a2fdd57e20eebe75f81faca5ea1abfc8695170
fgf2,1bdb5d0617e55c1d0548922cb8f7615829aed3d8c83a6d0a6daa453eda905e9a,masked_substitution,cc8235ad238a62f6918e4e7a5ff3f919a8401129826a5880f65006fdfcf88414,primary_parent,dc9964414a1b09672b2c580113f4bf332112d1c030f0bb5885ef95136237ddc1,llamp_log10_mic_um,numeric,true,same_frozen_numeric_contract,minimize,log10(uM),0.8619756698608398,0.8127132654190063,-0.049262404441833496,0.049262404441833496,true,ee3d4a9373faa69bf0921cd8db24190577de2f0e75d85208d1fe677ec739af6e
fgf2,1bdb5d0617e55c1d0548922cb8f7615829aed3d8c83a6d0a6daa453eda905e9a,masked_substitution,cc8235ad238a62f6918e4e7a5ff3f919a8401129826a5880f65006fdfcf88414,primary_parent,dc9964414a1b09672b2c580113f4bf332112d1c030f0bb5885ef95136237ddc1,macrel_amp_probability,numeric,true,same_frozen_numeric_contract,maximize,probability,0.356,0.337,-0.01899999999999996,-0.01899999999999996,true,1700dfdbbc3d08ba711f86be1c176f90ccc4b129dde97d80cee333632b67a027
fgf2,1bdb5d0617e55c1d0548922cb8f7615829aed3d8c83a6d0a6daa453eda905e9a,masked_substitution,cc8235ad238a62f6918e4e7a5ff3f919a8401129826a5880f65006fdfcf88414,primary_parent,dc9964414a1b09672b2c580113f4bf332112d1c030f0bb5885ef95136237ddc1,macrel_hemolysis_label,categorical,true,same_frozen_label_contract,audit,label,low,low,,,false,abbcb724b8cbc5f1673d747b37c06d057cf5aee510f78e908b5d3ea3b214898a
fgf2,1bdb5d0617e55c1d0548922cb8f7615829aed3d8c83a6d0a6daa453eda905e9a,masked_substitution,cc8235ad238a62f6918e4e7a5ff3f919a8401129826a5880f65006fdfcf88414,primary_parent,dc9964414a1b09672b2c580113f4bf332112d1c030f0bb5885ef95136237ddc1,macrel_hemolysis_probability,numeric,true,same_frozen_numeric_contract,minimize,probability,0.436,0.465,0.029000000000000026,-0.029000000000000026,true,0f51c21643f8eccfe8e33cede60ce8267623000183ae754ef33a8e79f59f7765
fgf2,1bdb5d0617e55c1d0548922cb8f7615829aed3d8c83a6d0a6daa453eda905e9a,masked_substitution,cc8235ad238a62f6918e4e7a5ff3f919a8401129826a5880f65006fdfcf88414,primary_parent,dc9964414a1b09672b2c580113f4bf332112d1c030f0bb5885ef95136237ddc1,maximum_hydrophobic_run,numeric,true,same_frozen_numeric_contract,minimize,residues,1.0,1.0,0.0,-0.0,false,4d414b43418de63d61b5e4544eca268c94b32ae613c79638f0c396fee22a6043
fgf2,1bdb5d0617e55c1d0548922cb8f7615829aed3d8c83a6d0a6daa453eda905e9a,masked_substitution,cc8235ad238a62f6918e4e7a5ff3f919a8401129826a5880f65006fdfcf88414,primary_parent,dc9964414a1b09672b2c580113f4bf332112d1c030f0bb5885ef95136237ddc1,net_charge_ph7_4,numeric,false,audit_metric_has_no_monotonic_improvement_direction,audit,elementary_charge,6.066,6.022,-0.043999999999999595,,true,fae7e298558825b172678b658970ef75ca712cbbd94b18a754c7c01af90a69e2
fgf2,1bdb5d0617e55c1d0548922cb8f7615829aed3d8c83a6d0a6daa453eda905e9a,masked_substitution,cc8235ad238a62f6918e4e7a5ff3f919a8401129826a5880f65006fdfcf88414,primary_parent,dc9964414a1b09672b2c580113f4bf332112d1c030f0bb5885ef95136237ddc1,toxinpred3_hybrid_score,numeric,true,same_frozen_numeric_contract,minimize,dimensionless,0.0,0.0,0.0,-0.0,false,3afc419f9f7a48ba06c7ff652e6d6b7ce315ddda0bc3e15e1a872b5cb5664b86
fgf2,1bdb5d0617e55c1d0548922cb8f7615829aed3d8c83a6d0a6daa453eda905e9a,masked_substitution,cc8235ad238a62f6918e4e7a5ff3f919a8401129826a5880f65006fdfcf88414,primary_parent,dc9964414a1b09672b2c580113f4bf332112d1c030f0bb5885ef95136237ddc1,toxinpred3_label,categorical,true,same_frozen_label_contract,audit,label,Non-Toxin,Non-Toxin,,,false,c91d268f39c3b693fac3d39984c3ab9792a7df8eff7eccdf85a5fcbf6ae475c3
fgf2,9cde29bd44af256d82f73f415cb94510842d68ace671903f24fee8e2f22367ee,masked_substitution,41a204a796450bcac7b7f2b202094c7687122bec0215210baeab5f7ffb70640c,primary_parent,dc9964414a1b09672b2c580113f4bf332112d1c030f0bb5885ef95136237ddc1,amp_read_log10_mic_um,numeric,true,same_frozen_numeric_contract,minimize,log10(uM),2.5455829971143507,2.123196957768526,-0.42238603934582475,0.42238603934582475,true,c036d860bbf5f5a9c832de0b9e8d0c31c1af270a563254627e572fcb4a7badf4
fgf2,9cde29bd44af256d82f73f415cb94510842d68ace671903f24fee8e2f22367ee,masked_substitution,41a204a796450bcac7b7f2b202094c7687122bec0215210baeab5f7ffb70640c,primary_parent,dc9964414a1b09672b2c580113f4bf332112d1c030f0bb5885ef95136237ddc1,guruprasad_instability_index,numeric,true,same_frozen_numeric_contract,minimize,index,5.695455,9.122727272727271,3.4272722727272713,-3.4272722727272713,true,388d02a53bd2ed33f1247ab5da87892114f609277a52133ce4d79b058ce3e8ef
fgf2,9cde29bd44af256d82f73f415cb94510842d68ace671903f24fee8e2f22367ee,masked_substitution,41a204a796450bcac7b7f2b202094c7687122bec0215210baeab5f7ffb70640c,primary_parent,dc9964414a1b09672b2c580113f4bf332112d1c030f0bb5885ef95136237ddc1,hydrophobic_moment_eisenberg,numeric,false,audit_metric_has_no_monotonic_improvement_direction,audit,dimensionless,0.17898144767932164,0.16957639345245706,-0.009405054226864579,,true,d5a1f14d8ce7ac8431bd65c905e0e25b9e1b7b0e934de834454bff5c3974eb76
fgf2,9cde29bd44af256d82f73f415cb94510842d68ace671903f24fee8e2f22367ee,masked_substitution,41a204a796450bcac7b7f2b202094c7687122bec0215210baeab5f7ffb70640c,primary_parent,dc9964414a1b09672b2c580113f4bf332112d1c030f0bb5885ef95136237ddc1,hydrophobic_ratio_modlamp,numeric,false,audit_metric_has_no_monotonic_improvement_direction,audit,fraction,0.045454545454545456,0.09090909090909091,0.045454545454545456,,true,8ad23730fdd07997331165924b0ec8d72bc402d0644bbf6b47caccd0b0e5b4ca
fgf2,9cde29bd44af256d82f73f415cb94510842d68ace671903f24fee8e2f22367ee,masked_substitution,41a204a796450bcac7b7f2b202094c7687122bec0215210baeab5f7ffb70640c,primary_parent,dc9964414a1b09672b2c580113f4bf332112d1c030f0bb5885ef95136237ddc1,llamp_log10_mic_um,numeric,true,same_frozen_numeric_contract,minimize,log10(uM),0.8619756698608398,1.2884111404418945,0.4264354705810547,-0.4264354705810547,true,d6f1809f53bbb96cf666fa5e0703c93de7b50d00324c8c9f036f1ed987a136a4
fgf2,9cde29bd44af256d82f73f415cb94510842d68ace671903f24fee8e2f22367ee,masked_substitution,41a204a796450bcac7b7f2b202094c7687122bec0215210baeab5f7ffb70640c,primary_parent,dc9964414a1b09672b2c580113f4bf332112d1c030f0bb5885ef95136237ddc1,macrel_amp_probability,numeric,true,same_frozen_numeric_contract,maximize,probability,0.356,0.297,-0.059,-0.059,true,29a1cd5483a42d6799d035a6c9a4bf56db367fb16e2c55ad58303344b1e07fe7
fgf2,9cde29bd44af256d82f73f415cb94510842d68ace671903f24fee8e2f22367ee,masked_substitution,41a204a796450bcac7b7f2b202094c7687122bec0215210baeab5f7ffb70640c,primary_parent,dc9964414a1b09672b2c580113f4bf332112d1c030f0bb5885ef95136237ddc1,macrel_hemolysis_label,categorical,true,same_frozen_label_contract,audit,label,low,low,,,false,4fcb3c3898ffbedac68d868a0eeef3b8d42bbc87c9d4274f26abc5520998b774
fgf2,9cde29bd44af256d82f73f415cb94510842d68ace671903f24fee8e2f22367ee,masked_substitution,41a204a796450bcac7b7f2b202094c7687122bec0215210baeab5f7ffb70640c,primary_parent,dc9964414a1b09672b2c580113f4bf332112d1c030f0bb5885ef95136237ddc1,macrel_hemolysis_probability,numeric,true,same_frozen_numeric_contract,minimize,probability,0.436,0.465,0.029000000000000026,-0.029000000000000026,true,c0b30de417f10ee1b76a6de0ea2a2aad428ecd338c3e0a5dc1d3d290f8bc7c6e
fgf2,9cde29bd44af256d82f73f415cb94510842d68ace671903f24fee8e2f22367ee,masked_substitution,41a204a796450bcac7b7f2b202094c7687122bec0215210baeab5f7ffb70640c,primary_parent,dc9964414a1b09672b2c580113f4bf332112d1c030f0bb5885ef95136237ddc1,maximum_hydrophobic_run,numeric,true,same_frozen_numeric_contract,minimize,residues,1.0,1.0,0.0,-0.0,false,71f7280dc448a6d3c0f45b9aa0c5cb848349054885333f6563952de0996b59ed
fgf2,9cde29bd44af256d82f73f415cb94510842d68ace671903f24fee8e2f22367ee,masked_substitution,41a204a796450bcac7b7f2b202094c7687122bec0215210baeab5f7ffb70640c,primary_parent,dc9964414a1b09672b2c580113f4bf332112d1c030f0bb5885ef95136237ddc1,net_charge_ph7_4,numeric,false,audit_metric_has_no_monotonic_improvement_direction,audit,elementary_charge,6.066,6.066,0.0,,false,a704ce3ace9f1133e2179a55643fd356fc31ea3ee6e70e16ed3ad6eb43a561d8
fgf2,9cde29bd44af256d82f73f415cb94510842d68ace671903f24fee8e2f22367ee,masked_substitution,41a204a796450bcac7b7f2b202094c7687122bec0215210baeab5f7ffb70640c,primary_parent,dc9964414a1b09672b2c580113f4bf332112d1c030f0bb5885ef95136237ddc1,toxinpred3_hybrid_score,numeric,true,same_frozen_numeric_contract,minimize,dimensionless,0.0,0.0,0.0,-0.0,false,23c08e76d987819d9264ef6840bd3c40ccf63b768fb2f3997331d67d946e7430
fgf2,9cde29bd44af256d82f73f415cb94510842d68ace671903f24fee8e2f22367ee,masked_substitution,41a204a796450bcac7b7f2b202094c7687122bec0215210baeab5f7ffb70640c,primary_parent,dc9964414a1b09672b2c580113f4bf332112d1c030f0bb5885ef95136237ddc1,toxinpred3_label,categorical,true,same_frozen_label_contract,audit,label,Non-Toxin,Non-Toxin,,,false,1c2c40ed56b0741e1e9d848ae04ae63caaec4bfa6509f433233bb90d4eb3ffa6
fgf2,078ae4ad9c4aba274e52b4d38944be3fcb92abbf30fb20374fb89bb606ad92d4,masked_substitution,4cad419adaeca64606e5eb291a6041e9df232a59967fc9be076eac453eca6341,primary_parent,dc9964414a1b09672b2c580113f4bf332112d1c030f0bb5885ef95136237ddc1,amp_read_log10_mic_um,numeric,true,same_frozen_numeric_contract,minimize,log10(uM),2.5455829971143507,1.9930684585484397,-0.5525145385659109,0.5525145385659109,true,776c30b06d8eca6ee1106ace2537d79f1ba2bc4f194217a6a14f0be23bef5628
fgf2,078ae4ad9c4aba274e52b4d38944be3fcb92abbf30fb20374fb89bb606ad92d4,masked_substitution,4cad419adaeca64606e5eb291a6041e9df232a59967fc9be076eac453eca6341,primary_parent,dc9964414a1b09672b2c580113f4bf332112d1c030f0bb5885ef95136237ddc1,guruprasad_instability_index,numeric,true,same_frozen_numeric_contract,minimize,index,5.695455,29.09545454545454,23.39999954545454,-23.39999954545454,true,a6f8c3a2431e61bf84e081ba908be8728feb5de714f4caa2853664eab2f053bf
fgf2,078ae4ad9c4aba274e52b4d38944be3fcb92abbf30fb20374fb89bb606ad92d4,masked_substitution,4cad419adaeca64606e5eb291a6041e9df232a59967fc9be076eac453eca6341,primary_parent,dc9964414a1b09672b2c580113f4bf332112d1c030f0bb5885ef95136237ddc1,hydrophobic_moment_eisenberg,numeric,false,audit_metric_has_no_monotonic_improvement_direction,audit,dimensionless,0.17898144767932164,0.16515602275552413,-0.013825424923797514,,true,df50f0ad58fd82902ff54bad59155feaa40c040ca7d923ced501478ddb1423de
fgf2,078ae4ad9c4aba274e52b4d38944be3fcb92abbf30fb20374fb89bb606ad92d4,masked_substitution,4cad419adaeca64606e5eb291a6041e9df232a59967fc9be076eac453eca6341,primary_parent,dc9964414a1b09672b2c580113f4bf332112d1c030f0bb5885ef95136237ddc1,hydrophobic_ratio_modlamp,numeric,false,audit_metric_has_no_monotonic_improvement_direction,audit,fraction,0.045454545454545456,0.09090909090909091,0.045454545454545456,,true,19eac525bccfba5a973bf06dc0622f3dc76b98ece72c34a670013bd07a47b750
fgf2,078ae4ad9c4aba274e52b4d38944be3fcb92abbf30fb20374fb89bb606ad92d4,masked_substitution,4cad419adaeca64606e5eb291a6041e9df232a59967fc9be076eac453eca6341,primary_parent,dc9964414a1b09672b2c580113f4bf332112d1c030f0bb5885ef95136237ddc1,llamp_log10_mic_um,numeric,true,same_frozen_numeric_contract,minimize,log10(uM),0.8619756698608398,1.1237752437591553,0.26179957389831543,-0.26179957389831543,true,8c2a428ae7579b714e0c080d8f5fe6179c9dee13e2fd1e16e1a99f4f3111135e
fgf2,078ae4ad9c4aba274e52b4d38944be3fcb92abbf30fb20374fb89bb606ad92d4,masked_substitution,4cad419adaeca64606e5eb291a6041e9df232a59967fc9be076eac453eca6341,primary_parent,dc9964414a1b09672b2c580113f4bf332112d1c030f0bb5885ef95136237ddc1,macrel_amp_probability,numeric,true,same_frozen_numeric_contract,maximize,probability,0.356,0.297,-0.059,-0.059,true,009a3250b7947707b190b54eb9d33f1227495f0d56432bdf509e3755018f0417
fgf2,078ae4ad9c4aba274e52b4d38944be3fcb92abbf30fb20374fb89bb606ad92d4,masked_substitution,4cad419adaeca64606e5eb291a6041e9df232a59967fc9be076eac453eca6341,primary_parent,dc9964414a1b09672b2c580113f4bf332112d1c030f0bb5885ef95136237ddc1,macrel_hemolysis_label,categorical,true,same_frozen_label_contract,audit,label,low,low,,,false,9ec612c6c1ed34b7ad012fe44c42fa86a05ee9d5af11d269b641edc32eb30604
fgf2,078ae4ad9c4aba274e52b4d38944be3fcb92abbf30fb20374fb89bb606ad92d4,masked_substitution,4cad419adaeca64606e5eb291a6041e9df232a59967fc9be076eac453eca6341,primary_parent,dc9964414a1b09672b2c580113f4bf332112d1c030f0bb5885ef95136237ddc1,macrel_hemolysis_probability,numeric,true,same_frozen_numeric_contract,minimize,probability,0.436,0.465,0.029000000000000026,-0.029000000000000026,true,77a4071ab88bf37785769f9db1d3669f748956572b94fd1fc4fe49a755633c7e
fgf2,078ae4ad9c4aba274e52b4d38944be3fcb92abbf30fb20374fb89bb606ad92d4,masked_substitution,4cad419adaeca64606e5eb291a6041e9df232a59967fc9be076eac453eca6341,primary_parent,dc9964414a1b09672b2c580113f4bf332112d1c030f0bb5885ef95136237ddc1,maximum_hydrophobic_run,numeric,true,same_frozen_numeric_contract,minimize,residues,1.0,1.0,0.0,-0.0,false,e5a376ce2045d98d3187e5a8e8c72b0665c34608ca35e22034e2c5f5dac6c374
fgf2,078ae4ad9c4aba274e52b4d38944be3fcb92abbf30fb20374fb89bb606ad92d4,masked_substitution,4cad419adaeca64606e5eb291a6041e9df232a59967fc9be076eac453eca6341,primary_parent,dc9964414a1b09672b2c580113f4bf332112d1c030f0bb5885ef95136237ddc1,net_charge_ph7_4,numeric,false,audit_metric_has_no_monotonic_improvement_direction,audit,elementary_charge,6.066,6.066,0.0,,false,8ff9d1e92672399bb5734e1602627f8df6fc573b19dfd124f5a88d13ff84ae2a
fgf2,078ae4ad9c4aba274e52b4d38944be3fcb92abbf30fb20374fb89bb606ad92d4,masked_substitution,4cad419adaeca64606e5eb291a6041e9df232a59967fc9be076eac453eca6341,primary_parent,dc9964414a1b09672b2c580113f4bf332112d1c030f0bb5885ef95136237ddc1,toxinpred3_hybrid_score,numeric,true,same_frozen_numeric_contract,minimize,dimensionless,0.0,0.0,0.0,-0.0,false,2cea98f3df9b9e3da9f12d0e4bc6514ccc59f6e107592b6a6524c8c21c1849c8
fgf2,078ae4ad9c4aba274e52b4d38944be3fcb92abbf30fb20374fb89bb606ad92d4,masked_substitution,4cad419adaeca64606e5eb291a6041e9df232a59967fc9be076eac453eca6341,primary_parent,dc9964414a1b09672b2c580113f4bf332112d1c030f0bb5885ef95136237ddc1,toxinpred3_label,categorical,true,same_frozen_label_contract,audit,label,Non-Toxin,Non-Toxin,,,false,cb942007085ae74888ba8b645dc2115bab89e88adee7acf058040e22bba7ddc8
fgf2,dbbe2203603bc31af49ccfc4c7ab9f7970ae2ee74263f3fc70c974bd4f58b4fa,masked_substitution,3900b9b0268f1de46965262c727447f499a25ffeb37ef7893ecfcfef6bcb73e2,primary_parent,dc9964414a1b09672b2c580113f4bf332112d1c030f0bb5885ef95136237ddc1,amp_read_log10_mic_um,numeric,true,same_frozen_numeric_contract,minimize,log10(uM),2.5455829971143507,2.1376299872295093,-0.4079530098848414,0.4079530098848414,true,5da60a06c11b32769b919699e9189119240231ccc87e1616051d9cf525e74016
fgf2,dbbe2203603bc31af49ccfc4c7ab9f7970ae2ee74263f3fc70c974bd4f58b4fa,masked_substitution,3900b9b0268f1de46965262c727447f499a25ffeb37ef7893ecfcfef6bcb73e2,primary_parent,dc9964414a1b09672b2c580113f4bf332112d1c030f0bb5885ef95136237ddc1,guruprasad_instability_index,numeric,true,same_frozen_numeric_contract,minimize,index,5.695455,17.87727272727272,12.181817727272723,-12.181817727272723,true,f0588e4bbef9a0fd74d679ecb9f3bd08fdc9bf1c5fdeda7b3f5634e792a71d3b
fgf2,dbbe2203603bc31af49ccfc4c7ab9f7970ae2ee74263f3fc70c974bd4f58b4fa,masked_substitution,3900b9b0268f1de46965262c727447f499a25ffeb37ef7893ecfcfef6bcb73e2,primary_parent,dc9964414a1b09672b2c580113f4bf332112d1c030f0bb5885ef95136237ddc1,hydrophobic_moment_eisenberg,numeric,false,audit_metric_has_no_monotonic_improvement_direction,audit,dimensionless,0.17898144767932164,0.16597615498481352,-0.01300529269450812,,true,6d298324deec053620c425d293b15c316ea2265342fb654cb8f1544edf11d3a0
fgf2,dbbe2203603bc31af49ccfc4c7ab9f7970ae2ee74263f3fc70c974bd4f58b4fa,masked_substitution,3900b9b0268f1de46965262c727447f499a25ffeb37ef7893ecfcfef6bcb73e2,primary_parent,dc9964414a1b09672b2c580113f4bf332112d1c030f0bb5885ef95136237ddc1,hydrophobic_ratio_modlamp,numeric,false,audit_metric_has_no_monotonic_improvement_direction,audit,fraction,0.045454545454545456,0.09090909090909091,0.045454545454545456,,true,e8aa57bddd57670fd669953551085802bd0e6143a1580c5a094712819de401c9
fgf2,dbbe2203603bc31af49ccfc4c7ab9f7970ae2ee74263f3fc70c974bd4f58b4fa,masked_substitution,3900b9b0268f1de46965262c727447f499a25ffeb37ef7893ecfcfef6bcb73e2,primary_parent,dc9964414a1b09672b2c580113f4bf332112d1c030f0bb5885ef95136237ddc1,llamp_log10_mic_um,numeric,true,same_frozen_numeric_contract,minimize,log10(uM),0.8619756698608398,1.2929736375808716,0.43099796772003174,-0.43099796772003174,true,c1a881cd1555ffd335ea5fa159898dbf12239c3a0b71d6614eeca82385827291
fgf2,dbbe2203603bc31af49ccfc4c7ab9f7970ae2ee74263f3fc70c974bd4f58b4fa,masked_substitution,3900b9b0268f1de46965262c727447f499a25ffeb37ef7893ecfcfef6bcb73e2,primary_parent,dc9964414a1b09672b2c580113f4bf332112d1c030f0bb5885ef95136237ddc1,macrel_amp_probability,numeric,true,same_frozen_numeric_contract,maximize,probability,0.356,0.297,-0.059,-0.059,true,e1a345ce0331c7dea063660da9843f3034b5923dde82893572d7e84a0e8e4e44
fgf2,dbbe2203603bc31af49ccfc4c7ab9f7970ae2ee74263f3fc70c974bd4f58b4fa,masked_substitution,3900b9b0268f1de46965262c727447f499a25ffeb37ef7893ecfcfef6bcb73e2,primary_parent,dc9964414a1b09672b2c580113f4bf332112d1c030f0bb5885ef95136237ddc1,macrel_hemolysis_label,categorical,true,same_frozen_label_contract,audit,label,low,low,,,false,b29f0b63a808007ebf51a6514dfc0379dbbedf449b8b36a6c4bd5025c1cbb9e1
fgf2,dbbe2203603bc31af49ccfc4c7ab9f7970ae2ee74263f3fc70c974bd4f58b4fa,masked_substitution,3900b9b0268f1de46965262c727447f499a25ffeb37ef7893ecfcfef6bcb73e2,primary_parent,dc9964414a1b09672b2c580113f4bf332112d1c030f0bb5885ef95136237ddc1,macrel_hemolysis_probability,numeric,true,same_frozen_numeric_contract,minimize,probability,0.436,0.495,0.059,-0.059,true,512a993c8f99e90d7351477c561af7f75d422a1db68fdf0ad9f874ecb0aa3d2b
fgf2,dbbe2203603bc31af49ccfc4c7ab9f7970ae2ee74263f3fc70c974bd4f58b4fa,masked_substitution,3900b9b0268f1de46965262c727447f499a25ffeb37ef7893ecfcfef6bcb73e2,primary_parent,dc9964414a1b09672b2c580113f4bf332112d1c030f0bb5885ef95136237ddc1,maximum_hydrophobic_run,numeric,true,same_frozen_numeric_contract,minimize,residues,1.0,1.0,0.0,-0.0,false,f204f113a52a2bc0f622738580f76c28e1902a006f35e67232189ae6adcc57c2
fgf2,dbbe2203603bc31af49ccfc4c7ab9f7970ae2ee74263f3fc70c974bd4f58b4fa,masked_substitution,3900b9b0268f1de46965262c727447f499a25ffeb37ef7893ecfcfef6bcb73e2,primary_parent,dc9964414a1b09672b2c580113f4bf332112d1c030f0bb5885ef95136237ddc1,net_charge_ph7_4,numeric,false,audit_metric_has_no_monotonic_improvement_direction,audit,elementary_charge,6.066,6.066,0.0,,false,85edd6c255b811f81f10bd9a94c85fcef7b2c25f0e02bba40ae79ca1ca78349e
fgf2,dbbe2203603bc31af49ccfc4c7ab9f7970ae2ee74263f3fc70c974bd4f58b4fa,masked_substitution,3900b9b0268f1de46965262c727447f499a25ffeb37ef7893ecfcfef6bcb73e2,primary_parent,dc9964414a1b09672b2c580113f4bf332112d1c030f0bb5885ef95136237ddc1,toxinpred3_hybrid_score,numeric,true,same_frozen_numeric_contract,minimize,dimensionless,0.0,0.0,0.0,-0.0,false,169b87fe5f88c9b41d4da8186badfc094b9b07873e6548c0d0c37a0a79fbe29e
fgf2,dbbe2203603bc31af49ccfc4c7ab9f7970ae2ee74263f3fc70c974bd4f58b4fa,masked_substitution,3900b9b0268f1de46965262c727447f499a25ffeb37ef7893ecfcfef6bcb73e2,primary_parent,dc9964414a1b09672b2c580113f4bf332112d1c030f0bb5885ef95136237ddc1,toxinpred3_label,categorical,true,same_frozen_label_contract,audit,label,Non-Toxin,Non-Toxin,,,false,b9f13d89343ee6255a5f07c8f7a8e80b07fa354bde7c66967d9c8cca13a7405f
fgf2,f37e2385ab34566c21173a42fd9a0cb3b4dc88199a3104abd5459e773a9f3748,masked_substitution,4b4d53579513b2cda96935a4745dbebecd5fb71fcced1dbd31f8addb6c8d0a08,primary_parent,dc9964414a1b09672b2c580113f4bf332112d1c030f0bb5885ef95136237ddc1,amp_read_log10_mic_um,numeric,true,same_frozen_numeric_contract,minimize,log10(uM),2.5455829971143507,2.0181644805005954,-0.5274185166137553,0.5274185166137553,true,5fa6f1ce3b4ab558ff4b4cae1b84d9414c5ebc0f0931519cd9802b3fc9496d9a
fgf2,f37e2385ab34566c21173a42fd9a0cb3b4dc88199a3104abd5459e773a9f3748,masked_substitution,4b4d53579513b2cda96935a4745dbebecd5fb71fcced1dbd31f8addb6c8d0a08,primary_parent,dc9964414a1b09672b2c580113f4bf332112d1c030f0bb5885ef95136237ddc1,guruprasad_instability_index,numeric,true,same_frozen_numeric_contract,minimize,index,5.695455,9.122727272727271,3.4272722727272713,-3.4272722727272713,true,29d9ff7b164fcff0e2f48f63eab63d20c51011f24f3d05e83fc734375d7ca857
fgf2,f37e2385ab34566c21173a42fd9a0cb3b4dc88199a3104abd5459e773a9f3748,masked_substitution,4b4d53579513b2cda96935a4745dbebecd5fb71fcced1dbd31f8addb6c8d0a08,primary_parent,dc9964414a1b09672b2c580113f4bf332112d1c030f0bb5885ef95136237ddc1,hydrophobic_moment_eisenberg,numeric,false,audit_metric_has_no_monotonic_improvement_direction,audit,dimensionless,0.17898144767932164,0.16597615498481352,-0.01300529269450812,,true,4d5e876dd493f2a66d6c0579ab8abba75fdd886e0e90815ce1d309844a3ace3b
fgf2,f37e2385ab34566c21173a42fd9a0cb3b4dc88199a3104abd5459e773a9f3748,masked_substitution,4b4d53579513b2cda96935a4745dbebecd5fb71fcced1dbd31f8addb6c8d0a08,primary_parent,dc9964414a1b09672b2c580113f4bf332112d1c030f0bb5885ef95136237ddc1,hydrophobic_ratio_modlamp,numeric,false,audit_metric_has_no_monotonic_improvement_direction,audit,fraction,0.045454545454545456,0.09090909090909091,0.045454545454545456,,true,7d3487f968795af1a465b58c93aa210b36de433a9b1fc3d8f4946d8a169a9be9
fgf2,f37e2385ab34566c21173a42fd9a0cb3b4dc88199a3104abd5459e773a9f3748,masked_substitution,4b4d53579513b2cda96935a4745dbebecd5fb71fcced1dbd31f8addb6c8d0a08,primary_parent,dc9964414a1b09672b2c580113f4bf332112d1c030f0bb5885ef95136237ddc1,llamp_log10_mic_um,numeric,true,same_frozen_numeric_contract,minimize,log10(uM),0.8619756698608398,1.0955004692077637,0.23352479934692383,-0.23352479934692383,true,5080ac790cbf463a7b7a51b3451b5631bb0016f735d312c9b68a8ec673cea874
fgf2,f37e2385ab34566c21173a42fd9a0cb3b4dc88199a3104abd5459e773a9f3748,masked_substitution,4b4d53579513b2cda96935a4745dbebecd5fb71fcced1dbd31f8addb6c8d0a08,primary_parent,dc9964414a1b09672b2c580113f4bf332112d1c030f0bb5885ef95136237ddc1,macrel_amp_probability,numeric,true,same_frozen_numeric_contract,maximize,probability,0.356,0.287,-0.069,-0.069,true,d32abf1038d5b814c2459aaa22cf29d05af84e9020cf853400bbab3a83567b70
fgf2,f37e2385ab34566c21173a42fd9a0cb3b4dc88199a3104abd5459e773a9f3748,masked_substitution,4b4d53579513b2cda96935a4745dbebecd5fb71fcced1dbd31f8addb6c8d0a08,primary_parent,dc9964414a1b09672b2c580113f4bf332112d1c030f0bb5885ef95136237ddc1,macrel_hemolysis_label,categorical,true,same_frozen_label_contract,audit,label,low,low,,,false,a2fbdbaba7eaad0a95996d454654785a7cdd9affe09de80d0e807bb3f3fe6bb7
fgf2,f37e2385ab34566c21173a42fd9a0cb3b4dc88199a3104abd5459e773a9f3748,masked_substitution,4b4d53579513b2cda96935a4745dbebecd5fb71fcced1dbd31f8addb6c8d0a08,primary_parent,dc9964414a1b09672b2c580113f4bf332112d1c030f0bb5885ef95136237ddc1,macrel_hemolysis_probability,numeric,true,same_frozen_numeric_contract,minimize,probability,0.436,0.475,0.03899999999999998,-0.03899999999999998,true,055567f9e996bdceba5e0db9867fdc2211af8a4e6c7add12e5378b190158f7f8
fgf2,f37e2385ab34566c21173a42fd9a0cb3b4dc88199a3104abd5459e773a9f3748,masked_substitution,4b4d53579513b2cda96935a4745dbebecd5fb71fcced1dbd31f8addb6c8d0a08,primary_parent,dc9964414a1b09672b2c580113f4bf332112d1c030f0bb5885ef95136237ddc1,maximum_hydrophobic_run,numeric,true,same_frozen_numeric_contract,minimize,residues,1.0,1.0,0.0,-0.0,false,06258a789fb03370acee57027605e60013dace84d4b87f64e3d0eb305d577923
fgf2,f37e2385ab34566c21173a42fd9a0cb3b4dc88199a3104abd5459e773a9f3748,masked_substitution,4b4d53579513b2cda96935a4745dbebecd5fb71fcced1dbd31f8addb6c8d0a08,primary_parent,dc9964414a1b09672b2c580113f4bf332112d1c030f0bb5885ef95136237ddc1,net_charge_ph7_4,numeric,false,audit_metric_has_no_monotonic_improvement_direction,audit,elementary_charge,6.066,6.066,0.0,,false,71a730a92eaebc8f2832fc7566f1e077b149396aa6640e85d14cbf7c52a39971
fgf2,f37e2385ab34566c21173a42fd9a0cb3b4dc88199a3104abd5459e773a9f3748,masked_substitution,4b4d53579513b2cda96935a4745dbebecd5fb71fcced1dbd31f8addb6c8d0a08,primary_parent,dc9964414a1b09672b2c580113f4bf332112d1c030f0bb5885ef95136237ddc1,toxinpred3_hybrid_score,numeric,true,same_frozen_numeric_contract,minimize,dimensionless,0.0,0.0,0.0,-0.0,false,1c85b4de74f1c194ec17cf24af54c1e63485becf823615d368fd2cc9aa1627ae
fgf2,f37e2385ab34566c21173a42fd9a0cb3b4dc88199a3104abd5459e773a9f3748,masked_substitution,4b4d53579513b2cda96935a4745dbebecd5fb71fcced1dbd31f8addb6c8d0a08,primary_parent,dc9964414a1b09672b2c580113f4bf332112d1c030f0bb5885ef95136237ddc1,toxinpred3_label,categorical,true,same_frozen_label_contract,audit,label,Non-Toxin,Non-Toxin,,,false,6c0fe935305a346d3185e1068429fdc61a1712f59c867ff6ef6bcfe727326257
fgf2,37b05e3fd8601b3e1f2ebe9d41d6f06e925b0d21808d236fa0c1a67e3fc8521b,masked_substitution,2935c96aae13608fe507359dfc971e2cf592f1b21cca511098e3990708f771ec,primary_parent,dc9964414a1b09672b2c580113f4bf332112d1c030f0bb5885ef95136237ddc1,amp_read_log10_mic_um,numeric,true,same_frozen_numeric_contract,minimize,log10(uM),2.5455829971143507,2.0118006996840787,-0.533782297430272,0.533782297430272,true,0faace6abf1c66d07c28475fb05349978c188b3f77be855e492a287cc37c9f59
fgf2,37b05e3fd8601b3e1f2ebe9d41d6f06e925b0d21808d236fa0c1a67e3fc8521b,masked_substitution,2935c96aae13608fe507359dfc971e2cf592f1b21cca511098e3990708f771ec,primary_parent,dc9964414a1b09672b2c580113f4bf332112d1c030f0bb5885ef95136237ddc1,guruprasad_instability_index,numeric,true,same_frozen_numeric_contract,minimize,index,5.695455,21.409090909090903,15.713635909090904,-15.713635909090904,true,960553614d464221e4a6ec72282b665b58920a914407717f41b2bd90fecd7276
fgf2,37b05e3fd8601b3e1f2ebe9d41d6f06e925b0d21808d236fa0c1a67e3fc8521b,masked_substitution,2935c96aae13608fe507359dfc971e2cf592f1b21cca511098e3990708f771ec,primary_parent,dc9964414a1b09672b2c580113f4bf332112d1c030f0bb5885ef95136237ddc1,hydrophobic_moment_eisenberg,numeric,false,audit_metric_has_no_monotonic_improvement_direction,audit,dimensionless,0.17898144767932164,0.17403160201346202,-0.004949845665859626,,true,bf1b92478131f51a0a9a6a50089a02722ea9c1a60c127bfa75f3658ab3f9a032
fgf2,37b05e3fd8601b3e1f2ebe9d41d6f06e925b0d21808d236fa0c1a67e3fc8521b,masked_substitution,2935c96aae13608fe507359dfc971e2cf592f1b21cca511098e3990708f771ec,primary_parent,dc9964414a1b09672b2c580113f4bf332112d1c030f0bb5885ef95136237ddc1,hydrophobic_ratio_modlamp,numeric,false,audit_metric_has_no_monotonic_improvement_direction,audit,fraction,0.045454545454545456,0.045454545454545456,0.0,,false,eb7914a0f795522d9e5773b344794df99afdf5f1bc2d796a4a6e2be9d52baf19
fgf2,37b05e3fd8601b3e1f2ebe9d41d6f06e925b0d21808d236fa0c1a67e3fc8521b,masked_substitution,2935c96aae13608fe507359dfc971e2cf592f1b21cca511098e3990708f771ec,primary_parent,dc9964414a1b09672b2c580113f4bf332112d1c030f0bb5885ef95136237ddc1,llamp_log10_mic_um,numeric,true,same_frozen_numeric_contract,minimize,log10(uM),0.8619756698608398,1.0644991397857666,0.20252346992492676,-0.20252346992492676,true,3c3eb1c745e6ad5e5ae1609af2b1222ecd57ce4b297c99fcd030b04071ecd4c8
fgf2,37b05e3fd8601b3e1f2ebe9d41d6f06e925b0d21808d236fa0c1a67e3fc8521b,masked_substitution,2935c96aae13608fe507359dfc971e2cf592f1b21cca511098e3990708f771ec,primary_parent,dc9964414a1b09672b2c580113f4bf332112d1c030f0bb5885ef95136237ddc1,macrel_amp_probability,numeric,true,same_frozen_numeric_contract,maximize,probability,0.356,0.436,0.08000000000000002,0.08000000000000002,true,3d60bd1c24ed51e2eb001cbad34710d2e14ede157db06c46a8a84c8fd595e9cf
fgf2,37b05e3fd8601b3e1f2ebe9d41d6f06e925b0d21808d236fa0c1a67e3fc8521b,masked_substitution,2935c96aae13608fe507359dfc971e2cf592f1b21cca511098e3990708f771ec,primary_parent,dc9964414a1b09672b2c580113f4bf332112d1c030f0bb5885ef95136237ddc1,macrel_hemolysis_label,categorical,true,same_frozen_label_contract,audit,label,low,low,,,false,afae3fbd3eb0972d1af79c848ce557e0bc0a6d62ab37bfecd1c6b93a9e75310b
fgf2,37b05e3fd8601b3e1f2ebe9d41d6f06e925b0d21808d236fa0c1a67e3fc8521b,masked_substitution,2935c96aae13608fe507359dfc971e2cf592f1b21cca511098e3990708f771ec,primary_parent,dc9964414a1b09672b2c580113f4bf332112d1c030f0bb5885ef95136237ddc1,macrel_hemolysis_probability,numeric,true,same_frozen_numeric_contract,minimize,probability,0.436,0.465,0.029000000000000026,-0.029000000000000026,true,8e1bcc896615fae8cc1eb0646b2b264aa03b8904482ebad6de0dc56270700a8f
fgf2,37b05e3fd8601b3e1f2ebe9d41d6f06e925b0d21808d236fa0c1a67e3fc8521b,masked_substitution,2935c96aae13608fe507359dfc971e2cf592f1b21cca511098e3990708f771ec,primary_parent,dc9964414a1b09672b2c580113f4bf332112d1c030f0bb5885ef95136237ddc1,maximum_hydrophobic_run,numeric,true,same_frozen_numeric_contract,minimize,residues,1.0,1.0,0.0,-0.0,false,743f6cef0c48830e798ab4b70bf9c67ff87134aa5e406d5d759f848fdffaf89d
fgf2,37b05e3fd8601b3e1f2ebe9d41d6f06e925b0d21808d236fa0c1a67e3fc8521b,masked_substitution,2935c96aae13608fe507359dfc971e2cf592f1b21cca511098e3990708f771ec,primary_parent,dc9964414a1b09672b2c580113f4bf332112d1c030f0bb5885ef95136237ddc1,net_charge_ph7_4,numeric,false,audit_metric_has_no_monotonic_improvement_direction,audit,elementary_charge,6.066,6.064,-0.0019999999999997797,,true,20fd20a771a9d0388b55547b918497207ba2ba6ad25509589335d6aa882fdd32
fgf2,37b05e3fd8601b3e1f2ebe9d41d6f06e925b0d21808d236fa0c1a67e3fc8521b,masked_substitution,2935c96aae13608fe507359dfc971e2cf592f1b21cca511098e3990708f771ec,primary_parent,dc9964414a1b09672b2c580113f4bf332112d1c030f0bb5885ef95136237ddc1,toxinpred3_hybrid_score,numeric,true,same_frozen_numeric_contract,minimize,dimensionless,0.0,0.0,0.0,-0.0,false,9600997b4dd108278ccdd8c76f7568719bff7e3ed0ef1e916294b0a9319cc298
fgf2,37b05e3fd8601b3e1f2ebe9d41d6f06e925b0d21808d236fa0c1a67e3fc8521b,masked_substitution,2935c96aae13608fe507359dfc971e2cf592f1b21cca511098e3990708f771ec,primary_parent,dc9964414a1b09672b2c580113f4bf332112d1c030f0bb5885ef95136237ddc1,toxinpred3_label,categorical,true,same_frozen_label_contract,audit,label,Non-Toxin,Non-Toxin,,,false,0e49d19bf6af63660fc961341a11c98f55055dbf62d576505a14fbccdb6dfe4c
fgf2,e82c5f38b22f00a80ab4cc78d8ce55a8520fb4d144dadbf745ce0c58b643e7cb,masked_substitution,a20f7d0f1c6cfa0ec1837d618735db6c4aa9477c7ba8ff89f986a030f4b5c0aa,primary_parent,dc9964414a1b09672b2c580113f4bf332112d1c030f0bb5885ef95136237ddc1,amp_read_log10_mic_um,numeric,true,same_frozen_numeric_contract,minimize,log10(uM),2.5455829971143507,2.389694646404526,-0.15588835070982476,0.15588835070982476,true,a1e6d0e3fa78b39fd8a3230758aca9fc59e4b1b5aaf163a7fa9e4c2ad00488cd
fgf2,e82c5f38b22f00a80ab4cc78d8ce55a8520fb4d144dadbf745ce0c58b643e7cb,masked_substitution,a20f7d0f1c6cfa0ec1837d618735db6c4aa9477c7ba8ff89f986a030f4b5c0aa,primary_parent,dc9964414a1b09672b2c580113f4bf332112d1c030f0bb5885ef95136237ddc1,guruprasad_instability_index,numeric,true,same_frozen_numeric_contract,minimize,index,5.695455,5.695454545454544,-4.545454554971684e-07,4.545454554971684e-07,true,18106f9272f0c8ae0f798b7c3372fa07fabc13e730c10bd014dec0fb551c05d2
fgf2,e82c5f38b22f00a80ab4cc78d8ce55a8520fb4d144dadbf745ce0c58b643e7cb,masked_substitution,a20f7d0f1c6cfa0ec1837d618735db6c4aa9477c7ba8ff89f986a030f4b5c0aa,primary_parent,dc9964414a1b09672b2c580113f4bf332112d1c030f0bb5885ef95136237ddc1,hydrophobic_moment_eisenberg,numeric,false,audit_metric_has_no_monotonic_improvement_direction,audit,dimensionless,0.17898144767932164,0.09707394549442858,-0.08190750218489307,,true,a3c016e701133837ec5ba7239c4feef293973b4903f7733778193a3fb7a77f3e
fgf2,e82c5f38b22f00a80ab4cc78d8ce55a8520fb4d144dadbf745ce0c58b643e7cb,masked_substitution,a20f7d0f1c6cfa0ec1837d618735db6c4aa9477c7ba8ff89f986a030f4b5c0aa,primary_parent,dc9964414a1b09672b2c580113f4bf332112d1c030f0bb5885ef95136237ddc1,hydrophobic_ratio_modlamp,numeric,false,audit_metric_has_no_monotonic_improvement_direction,audit,fraction,0.045454545454545456,0.09090909090909091,0.045454545454545456,,true,125afb0c2bed88670a64e16e9440ea230f53989daaccea57390b680375a14417
fgf2,e82c5f38b22f00a80ab4cc78d8ce55a8520fb4d144dadbf745ce0c58b643e7cb,masked_substitution,a20f7d0f1c6cfa0ec1837d618735db6c4aa9477c7ba8ff89f986a030f4b5c0aa,primary_parent,dc9964414a1b09672b2c580113f4bf332112d1c030f0bb5885ef95136237ddc1,llamp_log10_mic_um,numeric,true,same_frozen_numeric_contract,minimize,log10(uM),0.8619756698608398,1.185572862625122,0.3235971927642822,-0.3235971927642822,true,105da3b33c15407501af39f681000a9aaa08f65957f9ee9011df672b67ee6eb7
fgf2,e82c5f38b22f00a80ab4cc78d8ce55a8520fb4d144dadbf745ce0c58b643e7cb,masked_substitution,a20f7d0f1c6cfa0ec1837d618735db6c4aa9477c7ba8ff89f986a030f4b5c0aa,primary_parent,dc9964414a1b09672b2c580113f4bf332112d1c030f0bb5885ef95136237ddc1,macrel_amp_probability,numeric,true,same_frozen_numeric_contract,maximize,probability,0.356,0.228,-0.12799999999999997,-0.12799999999999997,true,4f077acb8d02721f1269e4c60b54e74ca69f0d572bd229a85d6f38877d7c21d8
fgf2,e82c5f38b22f00a80ab4cc78d8ce55a8520fb4d144dadbf745ce0c58b643e7cb,masked_substitution,a20f7d0f1c6cfa0ec1837d618735db6c4aa9477c7ba8ff89f986a030f4b5c0aa,primary_parent,dc9964414a1b09672b2c580113f4bf332112d1c030f0bb5885ef95136237ddc1,macrel_hemolysis_label,categorical,true,same_frozen_label_contract,audit,label,low,low,,,false,fdbb98c203f4c4fc986cf601aa3f618c7c07b603a150ad03d8a1127e60b429ce
fgf2,e82c5f38b22f00a80ab4cc78d8ce55a8520fb4d144dadbf745ce0c58b643e7cb,masked_substitution,a20f7d0f1c6cfa0ec1837d618735db6c4aa9477c7ba8ff89f986a030f4b5c0aa,primary_parent,dc9964414a1b09672b2c580113f4bf332112d1c030f0bb5885ef95136237ddc1,macrel_hemolysis_probability,numeric,true,same_frozen_numeric_contract,minimize,probability,0.436,0.455,0.019000000000000017,-0.019000000000000017,true,a00244490703c3472fbaad0773b7166ff4c716fe1f189ede5f392421739cbc08
fgf2,e82c5f38b22f00a80ab4cc78d8ce55a8520fb4d144dadbf745ce0c58b643e7cb,masked_substitution,a20f7d0f1c6cfa0ec1837d618735db6c4aa9477c7ba8ff89f986a030f4b5c0aa,primary_parent,dc9964414a1b09672b2c580113f4bf332112d1c030f0bb5885ef95136237ddc1,maximum_hydrophobic_run,numeric,true,same_frozen_numeric_contract,minimize,residues,1.0,1.0,0.0,-0.0,false,02de52595e44e2aa8b2bdcb47772b7f1aa9e5b2e0b8035ec962a6a3565a3714f
fgf2,e82c5f38b22f00a80ab4cc78d8ce55a8520fb4d144dadbf745ce0c58b643e7cb,masked_substitution,a20f7d0f1c6cfa0ec1837d618735db6c4aa9477c7ba8ff89f986a030f4b5c0aa,primary_parent,dc9964414a1b09672b2c580113f4bf332112d1c030f0bb5885ef95136237ddc1,net_charge_ph7_4,numeric,false,audit_metric_has_no_monotonic_improvement_direction,audit,elementary_charge,6.066,5.066,-1.0,,true,d2b3584dfb2c5eed1f72e9ad7593ad03d580b62d8f4e24f10bf38e1eb78c1bf4
fgf2,e82c5f38b22f00a80ab4cc78d8ce55a8520fb4d144dadbf745ce0c58b643e7cb,masked_substitution,a20f7d0f1c6cfa0ec1837d618735db6c4aa9477c7ba8ff89f986a030f4b5c0aa,primary_parent,dc9964414a1b09672b2c580113f4bf332112d1c030f0bb5885ef95136237ddc1,toxinpred3_hybrid_score,numeric,true,same_frozen_numeric_contract,minimize,dimensionless,0.0,0.0,0.0,-0.0,false,163e24d6f2fd4d172b224b340766c78e990aec8e419a576b2c210f18047c83b8
fgf2,e82c5f38b22f00a80ab4cc78d8ce55a8520fb4d144dadbf745ce0c58b643e7cb,masked_substitution,a20f7d0f1c6cfa0ec1837d618735db6c4aa9477c7ba8ff89f986a030f4b5c0aa,primary_parent,dc9964414a1b09672b2c580113f4bf332112d1c030f0bb5885ef95136237ddc1,toxinpred3_label,categorical,true,same_frozen_label_contract,audit,label,Non-Toxin,Non-Toxin,,,false,2f7af996d5f0c1274f460395b8e2d504a9c938793fa7b9c974a73ca782aa47de
fgf2,1bea9cb7b97206d24dc50dd4e8f64fffdad053a2b384243cab00c87c867383ac,masked_substitution,88d126a1906415982778827543b213fa5e3ce67dd48936c02d1f0ea1f28296a5,primary_parent,dc9964414a1b09672b2c580113f4bf332112d1c030f0bb5885ef95136237ddc1,amp_read_log10_mic_um,numeric,true,same_frozen_numeric_contract,minimize,log10(uM),2.5455829971143507,2.3831020026747205,-0.16248099443963016,0.16248099443963016,true,ea2750ebc4ffdbea939fc4986cdbb4f99552ede16df34cc2e8d3beb26031b3c7
fgf2,1bea9cb7b97206d24dc50dd4e8f64fffdad053a2b384243cab00c87c867383ac,masked_substitution,88d126a1906415982778827543b213fa5e3ce67dd48936c02d1f0ea1f28296a5,primary_parent,dc9964414a1b09672b2c580113f4bf332112d1c030f0bb5885ef95136237ddc1,guruprasad_instability_index,numeric,true,same_frozen_numeric_contract,minimize,index,5.695455,4.386363636363634,-1.309091363636366,1.309091363636366,true,0646c6e899b2a0a43a1178235d16eaf6b7dce7f8c3362c93eef94dd65281488a
fgf2,1bea9cb7b97206d24dc50dd4e8f64fffdad053a2b384243cab00c87c867383ac,masked_substitution,88d126a1906415982778827543b213fa5e3ce67dd48936c02d1f0ea1f28296a5,primary_parent,dc9964414a1b09672b2c580113f4bf332112d1c030f0bb5885ef95136237ddc1,hydrophobic_moment_eisenberg,numeric,false,audit_metric_has_no_monotonic_improvement_direction,audit,dimensionless,0.17898144767932164,0.0975447705184862,-0.08143667716083544,,true,8d68917ad191ffc927bb4b995d9dccc3105a04f664d63318d95135e6008fad39
fgf2,1bea9cb7b97206d24dc50dd4e8f64fffdad053a2b384243cab00c87c867383ac,masked_substitution,88d126a1906415982778827543b213fa5e3ce67dd48936c02d1f0ea1f28296a5,primary_parent,dc9964414a1b09672b2c580113f4bf332112d1c030f0bb5885ef95136237ddc1,hydrophobic_ratio_modlamp,numeric,false,audit_metric_has_no_monotonic_improvement_direction,audit,fraction,0.045454545454545456,0.09090909090909091,0.045454545454545456,,true,5509b29da21b53335b090f81bb66068b3ecc22a7b0071eb8fb9698dffbde65f0
fgf2,1bea9cb7b97206d24dc50dd4e8f64fffdad053a2b384243cab00c87c867383ac,masked_substitution,88d126a1906415982778827543b213fa5e3ce67dd48936c02d1f0ea1f28296a5,primary_parent,dc9964414a1b09672b2c580113f4bf332112d1c030f0bb5885ef95136237ddc1,llamp_log10_mic_um,numeric,true,same_frozen_numeric_contract,minimize,log10(uM),0.8619756698608398,1.2478753328323364,0.3858996629714966,-0.3858996629714966,true,db61396f457f868b48f17e279bef38c85f55764a0d0a04e68af09fb406eba107
fgf2,1bea9cb7b97206d24dc50dd4e8f64fffdad053a2b384243cab00c87c867383ac,masked_substitution,88d126a1906415982778827543b213fa5e3ce67dd48936c02d1f0ea1f28296a5,primary_parent,dc9964414a1b09672b2c580113f4bf332112d1c030f0bb5885ef95136237ddc1,macrel_amp_probability,numeric,true,same_frozen_numeric_contract,maximize,probability,0.356,0.257,-0.09899999999999998,-0.09899999999999998,true,d284179765b7258f70102e20ccffef69f9570d05b6657a0362cd4f0640430179
fgf2,1bea9cb7b97206d24dc50dd4e8f64fffdad053a2b384243cab00c87c867383ac,masked_substitution,88d126a1906415982778827543b213fa5e3ce67dd48936c02d1f0ea1f28296a5,primary_parent,dc9964414a1b09672b2c580113f4bf332112d1c030f0bb5885ef95136237ddc1,macrel_hemolysis_label,categorical,true,same_frozen_label_contract,audit,label,low,low,,,false,cacb209f35cab584d74bb81e48b9aae370b9bb05d25b44e00f96a38f1d80470e
fgf2,1bea9cb7b97206d24dc50dd4e8f64fffdad053a2b384243cab00c87c867383ac,masked_substitution,88d126a1906415982778827543b213fa5e3ce67dd48936c02d1f0ea1f28296a5,primary_parent,dc9964414a1b09672b2c580113f4bf332112d1c030f0bb5885ef95136237ddc1,macrel_hemolysis_probability,numeric,true,same_frozen_numeric_contract,minimize,probability,0.436,0.455,0.019000000000000017,-0.019000000000000017,true,9874e712216ddd7ff8947457a1b9e561d6b3183497907423a7601dac54ccbaa1
fgf2,1bea9cb7b97206d24dc50dd4e8f64fffdad053a2b384243cab00c87c867383ac,masked_substitution,88d126a1906415982778827543b213fa5e3ce67dd48936c02d1f0ea1f28296a5,primary_parent,dc9964414a1b09672b2c580113f4bf332112d1c030f0bb5885ef95136237ddc1,maximum_hydrophobic_run,numeric,true,same_frozen_numeric_contract,minimize,residues,1.0,1.0,0.0,-0.0,false,25606cabc8e28691324c2b93d1fe5cec675aedafcb75b8c39b13414402cf8dc5
fgf2,1bea9cb7b97206d24dc50dd4e8f64fffdad053a2b384243cab00c87c867383ac,masked_substitution,88d126a1906415982778827543b213fa5e3ce67dd48936c02d1f0ea1f28296a5,primary_parent,dc9964414a1b09672b2c580113f4bf332112d1c030f0bb5885ef95136237ddc1,net_charge_ph7_4,numeric,false,audit_metric_has_no_monotonic_improvement_direction,audit,elementary_charge,6.066,5.066,-1.0,,true,12f8a96e175b048d77c85025f9e5d7c8b6cbfc54038ba2418f3ae55d6aebe04c
fgf2,1bea9cb7b97206d24dc50dd4e8f64fffdad053a2b384243cab00c87c867383ac,masked_substitution,88d126a1906415982778827543b213fa5e3ce67dd48936c02d1f0ea1f28296a5,primary_parent,dc9964414a1b09672b2c580113f4bf332112d1c030f0bb5885ef95136237ddc1,toxinpred3_hybrid_score,numeric,true,same_frozen_numeric_contract,minimize,dimensionless,0.0,0.0,0.0,-0.0,false,3c0b42d7100addbc8bb9e4032bcb4969415d76e361dc14889c06843e071c7c21
fgf2,1bea9cb7b97206d24dc50dd4e8f64fffdad053a2b384243cab00c87c867383ac,masked_substitution,88d126a1906415982778827543b213fa5e3ce67dd48936c02d1f0ea1f28296a5,primary_parent,dc9964414a1b09672b2c580113f4bf332112d1c030f0bb5885ef95136237ddc1,toxinpred3_label,categorical,true,same_frozen_label_contract,audit,label,Non-Toxin,Non-Toxin,,,false,e06eabdc463d7c50ae3e88111359eed24e5a09e64279283d3346131a9f98ece7
fgf2,b685a188259d2063b9cdf035f4a40f53098173da923e99689910a7bbfe193931,masked_substitution,0f3f1e09b0947deb8b01f23167d04f9885fe5a59698ac7c60a40bf0275d3ab47,primary_parent,dc9964414a1b09672b2c580113f4bf332112d1c030f0bb5885ef95136237ddc1,amp_read_log10_mic_um,numeric,true,same_frozen_numeric_contract,minimize,log10(uM),2.5455829971143507,2.2176308403202176,-0.32795215679413303,0.32795215679413303,true,5a80da3603322d68cb9af5ac5fdaa864992a9a873dd43cac2002767dd2ce27a3
fgf2,b685a188259d2063b9cdf035f4a40f53098173da923e99689910a7bbfe193931,masked_substitution,0f3f1e09b0947deb8b01f23167d04f9885fe5a59698ac7c60a40bf0275d3ab47,primary_parent,dc9964414a1b09672b2c580113f4bf332112d1c030f0bb5885ef95136237ddc1,guruprasad_instability_index,numeric,true,same_frozen_numeric_contract,minimize,index,5.695455,4.472727272727273,-1.2227277272727273,1.2227277272727273,true,21b2e5059df221862eed9d2f762fcb6f75c1feda7e9ccc82673eef35f1bd5452
fgf2,b685a188259d2063b9cdf035f4a40f53098173da923e99689910a7bbfe193931,masked_substitution,0f3f1e09b0947deb8b01f23167d04f9885fe5a59698ac7c60a40bf0275d3ab47,primary_parent,dc9964414a1b09672b2c580113f4bf332112d1c030f0bb5885ef95136237ddc1,hydrophobic_moment_eisenberg,numeric,false,audit_metric_has_no_monotonic_improvement_direction,audit,dimensionless,0.17898144767932164,0.09825429676740915,-0.08072715091191249,,true,2a0bc3dd30d8a3272a6eea662249f1740cd34c99d82bb232f7904a6d7ca7d898
fgf2,b685a188259d2063b9cdf035f4a40f53098173da923e99689910a7bbfe193931,masked_substitution,0f3f1e09b0947deb8b01f23167d04f9885fe5a59698ac7c60a40bf0275d3ab47,primary_parent,dc9964414a1b09672b2c580113f4bf332112d1c030f0bb5885ef95136237ddc1,hydrophobic_ratio_modlamp,numeric,false,audit_metric_has_no_monotonic_improvement_direction,audit,fraction,0.045454545454545456,0.09090909090909091,0.045454545454545456,,true,67a2f0cf749f8f45c38aaf4aee188a1c569d7eab2a1537ef0cb8cf708728f38f
fgf2,b685a188259d2063b9cdf035f4a40f53098173da923e99689910a7bbfe193931,masked_substitution,0f3f1e09b0947deb8b01f23167d04f9885fe5a59698ac7c60a40bf0275d3ab47,primary_parent,dc9964414a1b09672b2c580113f4bf332112d1c030f0bb5885ef95136237ddc1,llamp_log10_mic_um,numeric,true,same_frozen_numeric_contract,minimize,log10(uM),0.8619756698608398,0.9884696006774902,0.1264939308166504,-0.1264939308166504,true,7b097c9254ba4fe64384f389c040d621c65e20772beee24ef92bd58d7137f420
fgf2,b685a188259d2063b9cdf035f4a40f53098173da923e99689910a7bbfe193931,masked_substitution,0f3f1e09b0947deb8b01f23167d04f9885fe5a59698ac7c60a40bf0275d3ab47,primary_parent,dc9964414a1b09672b2c580113f4bf332112d1c030f0bb5885ef95136237ddc1,macrel_amp_probability,numeric,true,same_frozen_numeric_contract,maximize,probability,0.356,0.446,0.09000000000000002,0.09000000000000002,true,c0b9f2ea2a7a10ad23b7e4929f1375ce3194a6300cd393343c96578b4b461a5e
fgf2,b685a188259d2063b9cdf035f4a40f53098173da923e99689910a7bbfe193931,masked_substitution,0f3f1e09b0947deb8b01f23167d04f9885fe5a59698ac7c60a40bf0275d3ab47,primary_parent,dc9964414a1b09672b2c580113f4bf332112d1c030f0bb5885ef95136237ddc1,macrel_hemolysis_label,categorical,true,same_frozen_label_contract,audit,label,low,low,,,false,960da89c27e3af2777695c5381b2f3074a047d2c6826b269d4443f2822c23330
fgf2,b685a188259d2063b9cdf035f4a40f53098173da923e99689910a7bbfe193931,masked_substitution,0f3f1e09b0947deb8b01f23167d04f9885fe5a59698ac7c60a40bf0275d3ab47,primary_parent,dc9964414a1b09672b2c580113f4bf332112d1c030f0bb5885ef95136237ddc1,macrel_hemolysis_probability,numeric,true,same_frozen_numeric_contract,minimize,probability,0.436,0.485,0.04899999999999999,-0.04899999999999999,true,90b742195259a592570b7b3d97b8af8f23077746046f52bd44d393ab74921462
fgf2,b685a188259d2063b9cdf035f4a40f53098173da923e99689910a7bbfe193931,masked_substitution,0f3f1e09b0947deb8b01f23167d04f9885fe5a59698ac7c60a40bf0275d3ab47,primary_parent,dc9964414a1b09672b2c580113f4bf332112d1c030f0bb5885ef95136237ddc1,maximum_hydrophobic_run,numeric,true,same_frozen_numeric_contract,minimize,residues,1.0,1.0,0.0,-0.0,false,1717ecfd08a19bb66b2287af1e8a75014c973922bf33688234bba517300723b5
fgf2,b685a188259d2063b9cdf035f4a40f53098173da923e99689910a7bbfe193931,masked_substitution,0f3f1e09b0947deb8b01f23167d04f9885fe5a59698ac7c60a40bf0275d3ab47,primary_parent,dc9964414a1b09672b2c580113f4bf332112d1c030f0bb5885ef95136237ddc1,net_charge_ph7_4,numeric,false,audit_metric_has_no_monotonic_improvement_direction,audit,elementary_charge,6.066,5.066,-1.0,,true,b77183a98089128399cadd0fe315396cde61e693202c7150a57f77d2f55d9d02
fgf2,b685a188259d2063b9cdf035f4a40f53098173da923e99689910a7bbfe193931,masked_substitution,0f3f1e09b0947deb8b01f23167d04f9885fe5a59698ac7c60a40bf0275d3ab47,primary_parent,dc9964414a1b09672b2c580113f4bf332112d1c030f0bb5885ef95136237ddc1,toxinpred3_hybrid_score,numeric,true,same_frozen_numeric_contract,minimize,dimensionless,0.0,0.0,0.0,-0.0,false,8d37c1b2d5031fc18fb0485538d0df8cf1d37ce5d06f62eaf81f222575d06342
fgf2,b685a188259d2063b9cdf035f4a40f53098173da923e99689910a7bbfe193931,masked_substitution,0f3f1e09b0947deb8b01f23167d04f9885fe5a59698ac7c60a40bf0275d3ab47,primary_parent,dc9964414a1b09672b2c580113f4bf332112d1c030f0bb5885ef95136237ddc1,toxinpred3_label,categorical,true,same_frozen_label_contract,audit,label,Non-Toxin,Non-Toxin,,,false,f14f6fcc816d6304a9d9d32f7bc4ce30b9ed7fdd915669ea8eee8b2389aa433a
fgf2,1c7ede8f04e297837e2231e8edbe5a1d6b844a52e0cdfd1b5bfa71abe279e062,masked_substitution,66463da1fe3183ae02451cae6419a44851561a48595a7acf9a26f531a80ec1dc,primary_parent,dc9964414a1b09672b2c580113f4bf332112d1c030f0bb5885ef95136237ddc1,amp_read_log10_mic_um,numeric,true,same_frozen_numeric_contract,minimize,log10(uM),2.5455829971143507,2.261106106198225,-0.2844768909161255,0.2844768909161255,true,1ae8e4ead309528e1a68f92a47594d8a23760997968b9572bac8159bd5c5e1f0
fgf2,1c7ede8f04e297837e2231e8edbe5a1d6b844a52e0cdfd1b5bfa71abe279e062,masked_substitution,66463da1fe3183ae02451cae6419a44851561a48595a7acf9a26f531a80ec1dc,primary_parent,dc9964414a1b09672b2c580113f4bf332112d1c030f0bb5885ef95136237ddc1,guruprasad_instability_index,numeric,true,same_frozen_numeric_contract,minimize,index,5.695455,-1.1363636363636382,-6.831818636363638,6.831818636363638,true,586ba6571b0b110ffef85290cd153ad59fe7c37bbde65aee2377f3a77d1ceda4
fgf2,1c7ede8f04e297837e2231e8edbe5a1d6b844a52e0cdfd1b5bfa71abe279e062,masked_substitution,66463da1fe3183ae02451cae6419a44851561a48595a7acf9a26f531a80ec1dc,primary_parent,dc9964414a1b09672b2c580113f4bf332112d1c030f0bb5885ef95136237ddc1,hydrophobic_moment_eisenberg,numeric,false,audit_metric_has_no_monotonic_improvement_direction,audit,dimensionless,0.17898144767932164,0.09667356756615537,-0.08230788011316627,,true,b96ccc5dd53d4b7b5b29c3e21da7acc7c70cb1589c4c84bd3a685ad6b8805961
fgf2,1c7ede8f04e297837e2231e8edbe5a1d6b844a52e0cdfd1b5bfa71abe279e062,masked_substitution,66463da1fe3183ae02451cae6419a44851561a48595a7acf9a26f531a80ec1dc,primary_parent,dc9964414a1b09672b2c580113f4bf332112d1c030f0bb5885ef95136237ddc1,hydrophobic_ratio_modlamp,numeric,false,audit_metric_has_no_monotonic_improvement_direction,audit,fraction,0.045454545454545456,0.045454545454545456,0.0,,false,9d80280d1764287b2fd5d8035462556480c3fd151a5eb832fa1d6491af8c4fc4
fgf2,1c7ede8f04e297837e2231e8edbe5a1d6b844a52e0cdfd1b5bfa71abe279e062,masked_substitution,66463da1fe3183ae02451cae6419a44851561a48595a7acf9a26f531a80ec1dc,primary_parent,dc9964414a1b09672b2c580113f4bf332112d1c030f0bb5885ef95136237ddc1,llamp_log10_mic_um,numeric,true,same_frozen_numeric_contract,minimize,log10(uM),0.8619756698608398,1.0892226696014404,0.22724699974060059,-0.22724699974060059,true,05234eb015e9fbf7f07c533e6f62da730578638a7cbd2383c0f20ca1ed4909aa
fgf2,1c7ede8f04e297837e2231e8edbe5a1d6b844a52e0cdfd1b5bfa71abe279e062,masked_substitution,66463da1fe3183ae02451cae6419a44851561a48595a7acf9a26f531a80ec1dc,primary_parent,dc9964414a1b09672b2c580113f4bf332112d1c030f0bb5885ef95136237ddc1,macrel_amp_probability,numeric,true,same_frozen_numeric_contract,maximize,probability,0.356,0.386,0.030000000000000027,0.030000000000000027,true,0d9d0090c4ff450e62b66f3081c7021e81d82f54275f798e49207c8c675ffe8c
fgf2,1c7ede8f04e297837e2231e8edbe5a1d6b844a52e0cdfd1b5bfa71abe279e062,masked_substitution,66463da1fe3183ae02451cae6419a44851561a48595a7acf9a26f531a80ec1dc,primary_parent,dc9964414a1b09672b2c580113f4bf332112d1c030f0bb5885ef95136237ddc1,macrel_hemolysis_label,categorical,true,same_frozen_label_contract,audit,label,low,low,,,false,e0304dff34c8c2c083149ba41fdcd1bfedb34ef4866a9ab04d909f5cdc141257
fgf2,1c7ede8f04e297837e2231e8edbe5a1d6b844a52e0cdfd1b5bfa71abe279e062,masked_substitution,66463da1fe3183ae02451cae6419a44851561a48595a7acf9a26f531a80ec1dc,primary_parent,dc9964414a1b09672b2c580113f4bf332112d1c030f0bb5885ef95136237ddc1,macrel_hemolysis_probability,numeric,true,same_frozen_numeric_contract,minimize,probability,0.436,0.475,0.03899999999999998,-0.03899999999999998,true,2732826ffd40e50917759bc6ebbad0ebacd27bb449576cd8d78af740860066fb
fgf2,1c7ede8f04e297837e2231e8edbe5a1d6b844a52e0cdfd1b5bfa71abe279e062,masked_substitution,66463da1fe3183ae02451cae6419a44851561a48595a7acf9a26f531a80ec1dc,primary_parent,dc9964414a1b09672b2c580113f4bf332112d1c030f0bb5885ef95136237ddc1,maximum_hydrophobic_run,numeric,true,same_frozen_numeric_contract,minimize,residues,1.0,1.0,0.0,-0.0,false,85cb16210f2e5e126a55af4b49cf7a39ac90344d63dbc5a003ad5e3066938f7c
fgf2,1c7ede8f04e297837e2231e8edbe5a1d6b844a52e0cdfd1b5bfa71abe279e062,masked_substitution,66463da1fe3183ae02451cae6419a44851561a48595a7acf9a26f531a80ec1dc,primary_parent,dc9964414a1b09672b2c580113f4bf332112d1c030f0bb5885ef95136237ddc1,net_charge_ph7_4,numeric,false,audit_metric_has_no_monotonic_improvement_direction,audit,elementary_charge,6.066,5.066,-1.0,,true,234aa954b3d998d48058c76cc557ca640fc2c60ea2c9ad6ce173fc948423d977
fgf2,1c7ede8f04e297837e2231e8edbe5a1d6b844a52e0cdfd1b5bfa71abe279e062,masked_substitution,66463da1fe3183ae02451cae6419a44851561a48595a7acf9a26f531a80ec1dc,primary_parent,dc9964414a1b09672b2c580113f4bf332112d1c030f0bb5885ef95136237ddc1,toxinpred3_hybrid_score,numeric,true,same_frozen_numeric_contract,minimize,dimensionless,0.0,0.0,0.0,-0.0,false,4b41d29d993f793031f1addf321112c6a1a4b829629bf0c50f6cfb089807def5
fgf2,1c7ede8f04e297837e2231e8edbe5a1d6b844a52e0cdfd1b5bfa71abe279e062,masked_substitution,66463da1fe3183ae02451cae6419a44851561a48595a7acf9a26f531a80ec1dc,primary_parent,dc9964414a1b09672b2c580113f4bf332112d1c030f0bb5885ef95136237ddc1,toxinpred3_label,categorical,true,same_frozen_label_contract,audit,label,Non-Toxin,Non-Toxin,,,false,74d77c7a371b018488752baf9bbb3a664fc1e8546ddea679e493fc03aea12ef1
fgf2,d36ace184bc6767f63a4953d9dd820e47857139e9d9c75891419ee22d013cbf7,masked_substitution,d5e1d85c027716d18de559d794c407c0a3a6d98287bc442c34dce3b0312a3fd3,primary_parent,dc9964414a1b09672b2c580113f4bf332112d1c030f0bb5885ef95136237ddc1,amp_read_log10_mic_um,numeric,true,same_frozen_numeric_contract,minimize,log10(uM),2.5455829971143507,2.251451865224898,-0.29413113188945283,0.29413113188945283,true,9b8bcea7bedaa6240e71a3bf30c7d92db8bc5bd30f8ab7b097bbd61bbe50286a
fgf2,d36ace184bc6767f63a4953d9dd820e47857139e9d9c75891419ee22d013cbf7,masked_substitution,d5e1d85c027716d18de559d794c407c0a3a6d98287bc442c34dce3b0312a3fd3,primary_parent,dc9964414a1b09672b2c580113f4bf332112d1c030f0bb5885ef95136237ddc1,guruprasad_instability_index,numeric,true,same_frozen_numeric_contract,minimize,index,5.695455,5.695454545454544,-4.545454554971684e-07,4.545454554971684e-07,true,6e79a4b6247d50bfc18c2fcab7519ba8a403666ee5855d40be20f2cb1e309279
fgf2,d36ace184bc6767f63a4953d9dd820e47857139e9d9c75891419ee22d013cbf7,masked_substitution,d5e1d85c027716d18de559d794c407c0a3a6d98287bc442c34dce3b0312a3fd3,primary_parent,dc9964414a1b09672b2c580113f4bf332112d1c030f0bb5885ef95136237ddc1,hydrophobic_moment_eisenberg,numeric,false,audit_metric_has_no_monotonic_improvement_direction,audit,dimensionless,0.17898144767932164,0.09989705081256607,-0.07908439686675557,,true,d5bd738d6702da38acd991f07e68a40afa2ef1cce44cfa3d8645f494c624b8d0
fgf2,d36ace184bc6767f63a4953d9dd820e47857139e9d9c75891419ee22d013cbf7,masked_substitution,d5e1d85c027716d18de559d794c407c0a3a6d98287bc442c34dce3b0312a3fd3,primary_parent,dc9964414a1b09672b2c580113f4bf332112d1c030f0bb5885ef95136237ddc1,hydrophobic_ratio_modlamp,numeric,false,audit_metric_has_no_monotonic_improvement_direction,audit,fraction,0.045454545454545456,0.045454545454545456,0.0,,false,3876c461bfa12ce95e8dade8077a4ecb0e9a4e7bafc16e76817b852113541e6c
fgf2,d36ace184bc6767f63a4953d9dd820e47857139e9d9c75891419ee22d013cbf7,masked_substitution,d5e1d85c027716d18de559d794c407c0a3a6d98287bc442c34dce3b0312a3fd3,primary_parent,dc9964414a1b09672b2c580113f4bf332112d1c030f0bb5885ef95136237ddc1,llamp_log10_mic_um,numeric,true,same_frozen_numeric_contract,minimize,log10(uM),0.8619756698608398,1.0278856754302979,0.165910005569458,-0.165910005569458,true,56e8032d6b3b6a5788ec7a319bde63cd03ac31e765d173319662232aed1499b9
fgf2,d36ace184bc6767f63a4953d9dd820e47857139e9d9c75891419ee22d013cbf7,masked_substitution,d5e1d85c027716d18de559d794c407c0a3a6d98287bc442c34dce3b0312a3fd3,primary_parent,dc9964414a1b09672b2c580113f4bf332112d1c030f0bb5885ef95136237ddc1,macrel_amp_probability,numeric,true,same_frozen_numeric_contract,maximize,probability,0.356,0.416,0.06,0.06,true,372630391d32c1c82fb4d2e5cdbc88a96fce4be1e68e0a7730d99749e0b076a9
fgf2,d36ace184bc6767f63a4953d9dd820e47857139e9d9c75891419ee22d013cbf7,masked_substitution,d5e1d85c027716d18de559d794c407c0a3a6d98287bc442c34dce3b0312a3fd3,primary_parent,dc9964414a1b09672b2c580113f4bf332112d1c030f0bb5885ef95136237ddc1,macrel_hemolysis_label,categorical,true,same_frozen_label_contract,audit,label,low,low,,,false,233557c6423d1062f7da6cfd90b0dd5ebbebf678ded0b75065f5d68a313518ae
fgf2,d36ace184bc6767f63a4953d9dd820e47857139e9d9c75891419ee22d013cbf7,masked_substitution,d5e1d85c027716d18de559d794c407c0a3a6d98287bc442c34dce3b0312a3fd3,primary_parent,dc9964414a1b09672b2c580113f4bf332112d1c030f0bb5885ef95136237ddc1,macrel_hemolysis_probability,numeric,true,same_frozen_numeric_contract,minimize,probability,0.436,0.475,0.03899999999999998,-0.03899999999999998,true,b5e830b8e20113568971dec384b3b5e107f0a5c1d4610c7a75f3113149d3ae34
fgf2,d36ace184bc6767f63a4953d9dd820e47857139e9d9c75891419ee22d013cbf7,masked_substitution,d5e1d85c027716d18de559d794c407c0a3a6d98287bc442c34dce3b0312a3fd3,primary_parent,dc9964414a1b09672b2c580113f4bf332112d1c030f0bb5885ef95136237ddc1,maximum_hydrophobic_run,numeric,true,same_frozen_numeric_contract,minimize,residues,1.0,1.0,0.0,-0.0,false,61a5dcec0f7cc6df580052483ad0a53e4d7ec0f718ef381054a7fcdfe9582b2c
fgf2,d36ace184bc6767f63a4953d9dd820e47857139e9d9c75891419ee22d013cbf7,masked_substitution,d5e1d85c027716d18de559d794c407c0a3a6d98287bc442c34dce3b0312a3fd3,primary_parent,dc9964414a1b09672b2c580113f4bf332112d1c030f0bb5885ef95136237ddc1,net_charge_ph7_4,numeric,false,audit_metric_has_no_monotonic_improvement_direction,audit,elementary_charge,6.066,5.064,-1.0019999999999998,,true,36a878edd8ccf646b831bcafb25d0cf8d35985a854e859a5c564ccaee95ba67b
fgf2,d36ace184bc6767f63a4953d9dd820e47857139e9d9c75891419ee22d013cbf7,masked_substitution,d5e1d85c027716d18de559d794c407c0a3a6d98287bc442c34dce3b0312a3fd3,primary_parent,dc9964414a1b09672b2c580113f4bf332112d1c030f0bb5885ef95136237ddc1,toxinpred3_hybrid_score,numeric,true,same_frozen_numeric_contract,minimize,dimensionless,0.0,0.0,0.0,-0.0,false,beff1010e6742673c7239b13ced5427876e06470965bbc26c9c696df1281b54e
fgf2,d36ace184bc6767f63a4953d9dd820e47857139e9d9c75891419ee22d013cbf7,masked_substitution,d5e1d85c027716d18de559d794c407c0a3a6d98287bc442c34dce3b0312a3fd3,primary_parent,dc9964414a1b09672b2c580113f4bf332112d1c030f0bb5885ef95136237ddc1,toxinpred3_label,categorical,true,same_frozen_label_contract,audit,label,Non-Toxin,Non-Toxin,,,false,9cf96bb87a25a78ee30775d4f58ba00911ba7dae3dafd2419943766e52c81443
fgf2,5c637a3aaf5aadeb37df1c66177525a0a1852dfc20bcbec31b0cc132cd70318e,masked_substitution,75450be795c5fa318c147b4fe9d9df28ee6481dd52352867fd6b5e1d5ed92354,primary_parent,dc9964414a1b09672b2c580113f4bf332112d1c030f0bb5885ef95136237ddc1,amp_read_log10_mic_um,numeric,true,same_frozen_numeric_contract,minimize,log10(uM),2.5455829971143507,2.4914365335714246,-0.05414646354292607,0.05414646354292607,true,4e1c2ee2a497fdc08536ac421c772f525ad9670c2a99fac93dc36f50dee307b3
fgf2,5c637a3aaf5aadeb37df1c66177525a0a1852dfc20bcbec31b0cc132cd70318e,masked_substitution,75450be795c5fa318c147b4fe9d9df28ee6481dd52352867fd6b5e1d5ed92354,primary_parent,dc9964414a1b09672b2c580113f4bf332112d1c030f0bb5885ef95136237ddc1,guruprasad_instability_index,numeric,true,same_frozen_numeric_contract,minimize,index,5.695455,20.986363636363635,15.290908636363636,-15.290908636363636,true,99088f2ad8038f1bbb15a8854bcdf50e8cfc6ccf9fb35c3586b84a0682349b23
fgf2,5c637a3aaf5aadeb37df1c66177525a0a1852dfc20bcbec31b0cc132cd70318e,masked_substitution,75450be795c5fa318c147b4fe9d9df28ee6481dd52352867fd6b5e1d5ed92354,primary_parent,dc9964414a1b09672b2c580113f4bf332112d1c030f0bb5885ef95136237ddc1,hydrophobic_moment_eisenberg,numeric,false,audit_metric_has_no_monotonic_improvement_direction,audit,dimensionless,0.17898144767932164,0.2618112816418939,0.08282983396257224,,true,4776ada5507fed53eb4812cc9de23d0316f9fafe78a786713a22960bf55f6521
fgf2,5c637a3aaf5aadeb37df1c66177525a0a1852dfc20bcbec31b0cc132cd70318e,masked_substitution,75450be795c5fa318c147b4fe9d9df28ee6481dd52352867fd6b5e1d5ed92354,primary_parent,dc9964414a1b09672b2c580113f4bf332112d1c030f0bb5885ef95136237ddc1,hydrophobic_ratio_modlamp,numeric,false,audit_metric_has_no_monotonic_improvement_direction,audit,fraction,0.045454545454545456,0.045454545454545456,0.0,,false,5b0cf89c72addcb9029c80847874769337d10a97ec298febe0e7f751317c3409
fgf2,5c637a3aaf5aadeb37df1c66177525a0a1852dfc20bcbec31b0cc132cd70318e,masked_substitution,75450be795c5fa318c147b4fe9d9df28ee6481dd52352867fd6b5e1d5ed92354,primary_parent,dc9964414a1b09672b2c580113f4bf332112d1c030f0bb5885ef95136237ddc1,llamp_log10_mic_um,numeric,true,same_frozen_numeric_contract,minimize,log10(uM),0.8619756698608398,1.3869081735610962,0.5249325037002563,-0.5249325037002563,true,27d556c26730da81240cf64734f03b77ecdf43f41b84b88360f4a7eef7d6cf28
fgf2,5c637a3aaf5aadeb37df1c66177525a0a1852dfc20bcbec31b0cc132cd70318e,masked_substitution,75450be795c5fa318c147b4fe9d9df28ee6481dd52352867fd6b5e1d5ed92354,primary_parent,dc9964414a1b09672b2c580113f4bf332112d1c030f0bb5885ef95136237ddc1,macrel_amp_probability,numeric,true,same_frozen_numeric_contract,maximize,probability,0.356,0.396,0.040000000000000036,0.040000000000000036,true,f61a2be63ac79022b77f718ac1d70bd3a9b2d26925e81e6d1d31c9c1511d50b5
fgf2,5c637a3aaf5aadeb37df1c66177525a0a1852dfc20bcbec31b0cc132cd70318e,masked_substitution,75450be795c5fa318c147b4fe9d9df28ee6481dd52352867fd6b5e1d5ed92354,primary_parent,dc9964414a1b09672b2c580113f4bf332112d1c030f0bb5885ef95136237ddc1,macrel_hemolysis_label,categorical,true,same_frozen_label_contract,audit,label,low,low,,,false,5fa5f7773595d83d577175bc97bba61be21a16ddb532e64f0c78675ac654f3f1
fgf2,5c637a3aaf5aadeb37df1c66177525a0a1852dfc20bcbec31b0cc132cd70318e,masked_substitution,75450be795c5fa318c147b4fe9d9df28ee6481dd52352867fd6b5e1d5ed92354,primary_parent,dc9964414a1b09672b2c580113f4bf332112d1c030f0bb5885ef95136237ddc1,macrel_hemolysis_probability,numeric,true,same_frozen_numeric_contract,minimize,probability,0.436,0.485,0.04899999999999999,-0.04899999999999999,true,dc77d8a0976ec69dc0b0c7283d759cc47ed1d5b96a2ee2e716444bc1ea500d5e
fgf2,5c637a3aaf5aadeb37df1c66177525a0a1852dfc20bcbec31b0cc132cd70318e,masked_substitution,75450be795c5fa318c147b4fe9d9df28ee6481dd52352867fd6b5e1d5ed92354,primary_parent,dc9964414a1b09672b2c580113f4bf332112d1c030f0bb5885ef95136237ddc1,maximum_hydrophobic_run,numeric,true,same_frozen_numeric_contract,minimize,residues,1.0,1.0,0.0,-0.0,false,1985ae6df528140cc3ee0edd6674df069be44e7c7b7de746676877ef09741170
fgf2,5c637a3aaf5aadeb37df1c66177525a0a1852dfc20bcbec31b0cc132cd70318e,masked_substitution,75450be795c5fa318c147b4fe9d9df28ee6481dd52352867fd6b5e1d5ed92354,primary_parent,dc9964414a1b09672b2c580113f4bf332112d1c030f0bb5885ef95136237ddc1,net_charge_ph7_4,numeric,false,audit_metric_has_no_monotonic_improvement_direction,audit,elementary_charge,6.066,5.067,-0.9989999999999997,,true,caff2a9705c1e26c3d806591c3b551ebe99c9e61e80b6414523f616b636cdb0b
fgf2,5c637a3aaf5aadeb37df1c66177525a0a1852dfc20bcbec31b0cc132cd70318e,masked_substitution,75450be795c5fa318c147b4fe9d9df28ee6481dd52352867fd6b5e1d5ed92354,primary_parent,dc9964414a1b09672b2c580113f4bf332112d1c030f0bb5885ef95136237ddc1,toxinpred3_hybrid_score,numeric,true,same_frozen_numeric_contract,minimize,dimensionless,0.0,0.0,0.0,-0.0,false,ec40b16de602f051441f15957fa58e8dbf24186f13ad3d96878b93574636d786
fgf2,5c637a3aaf5aadeb37df1c66177525a0a1852dfc20bcbec31b0cc132cd70318e,masked_substitution,75450be795c5fa318c147b4fe9d9df28ee6481dd52352867fd6b5e1d5ed92354,primary_parent,dc9964414a1b09672b2c580113f4bf332112d1c030f0bb5885ef95136237ddc1,toxinpred3_label,categorical,true,same_frozen_label_contract,audit,label,Non-Toxin,Non-Toxin,,,false,c5da97ab930820538774be12295dd2e13b6f8915058f41a5dcc4eb41d23fa38f
fgf2,390f61015d1909a9e9315c1560cfbebd8ff3e06b763546a05d918b931ff64a70,masked_substitution,86890fc70254ca300ebb6b0d5a8d178cf7270217c3ae357a08ee52e3620b1f4b,primary_parent,dc9964414a1b09672b2c580113f4bf332112d1c030f0bb5885ef95136237ddc1,amp_read_log10_mic_um,numeric,true,same_frozen_numeric_contract,minimize,log10(uM),2.5455829971143507,2.37499514027292,-0.17058785684143052,0.17058785684143052,true,242bdae8b9bced7c2b09b7b5e131e78e9534ee158a2a173241d4ce54ca6ffb9c
fgf2,390f61015d1909a9e9315c1560cfbebd8ff3e06b763546a05d918b931ff64a70,masked_substitution,86890fc70254ca300ebb6b0d5a8d178cf7270217c3ae357a08ee52e3620b1f4b,primary_parent,dc9964414a1b09672b2c580113f4bf332112d1c030f0bb5885ef95136237ddc1,guruprasad_instability_index,numeric,true,same_frozen_numeric_contract,minimize,index,5.695455,-5.050000000000002,-10.745455000000002,10.745455000000002,true,76300cf1ac0c9bb869c5bb8bfe419d5925c0603a89eeeae718880a7782ea3f06
fgf2,390f61015d1909a9e9315c1560cfbebd8ff3e06b763546a05d918b931ff64a70,masked_substitution,86890fc70254ca300ebb6b0d5a8d178cf7270217c3ae357a08ee52e3620b1f4b,primary_parent,dc9964414a1b09672b2c580113f4bf332112d1c030f0bb5885ef95136237ddc1,hydrophobic_moment_eisenberg,numeric,false,audit_metric_has_no_monotonic_improvement_direction,audit,dimensionless,0.17898144767932164,0.22582248003621921,0.04684103235689757,,true,404d25aadca19adcb6d42e6a992385f4804de3f4ed0ce23841b710f8a5216362
fgf2,390f61015d1909a9e9315c1560cfbebd8ff3e06b763546a05d918b931ff64a70,masked_substitution,86890fc70254ca300ebb6b0d5a8d178cf7270217c3ae357a08ee52e3620b1f4b,primary_parent,dc9964414a1b09672b2c580113f4bf332112d1c030f0bb5885ef95136237ddc1,hydrophobic_ratio_modlamp,numeric,false,audit_metric_has_no_monotonic_improvement_direction,audit,fraction,0.045454545454545456,0.09090909090909091,0.045454545454545456,,true,7d0d18f2cff776c698e6cf25584d24d337c3116bde8cbf799b396cab027365b6
fgf2,390f61015d1909a9e9315c1560cfbebd8ff3e06b763546a05d918b931ff64a70,masked_substitution,86890fc70254ca300ebb6b0d5a8d178cf7270217c3ae357a08ee52e3620b1f4b,primary_parent,dc9964414a1b09672b2c580113f4bf332112d1c030f0bb5885ef95136237ddc1,llamp_log10_mic_um,numeric,true,same_frozen_numeric_contract,minimize,log10(uM),0.8619756698608398,0.9771615266799927,0.11518585681915283,-0.11518585681915283,true,281f766b1127d9c5d7045bd587d504a570c942b381a674ce966a55a7b680295a
fgf2,390f61015d1909a9e9315c1560cfbebd8ff3e06b763546a05d918b931ff64a70,masked_substitution,86890fc70254ca300ebb6b0d5a8d178cf7270217c3ae357a08ee52e3620b1f4b,primary_parent,dc9964414a1b09672b2c580113f4bf332112d1c030f0bb5885ef95136237ddc1,macrel_amp_probability,numeric,true,same_frozen_numeric_contract,maximize,probability,0.356,0.297,-0.059,-0.059,true,e610245be1ca931698b3d5d54d83d6e06c7518a0d4b7576e0ac3e61b3389dc08
fgf2,390f61015d1909a9e9315c1560cfbebd8ff3e06b763546a05d918b931ff64a70,masked_substitution,86890fc70254ca300ebb6b0d5a8d178cf7270217c3ae357a08ee52e3620b1f4b,primary_parent,dc9964414a1b09672b2c580113f4bf332112d1c030f0bb5885ef95136237ddc1,macrel_hemolysis_label,categorical,true,same_frozen_label_contract,audit,label,low,low,,,false,2ac9294adaa730964384584d48d32503e2e1eda8a5dae8c346be3699debe7819
fgf2,390f61015d1909a9e9315c1560cfbebd8ff3e06b763546a05d918b931ff64a70,masked_substitution,86890fc70254ca300ebb6b0d5a8d178cf7270217c3ae357a08ee52e3620b1f4b,primary_parent,dc9964414a1b09672b2c580113f4bf332112d1c030f0bb5885ef95136237ddc1,macrel_hemolysis_probability,numeric,true,same_frozen_numeric_contract,minimize,probability,0.436,0.485,0.04899999999999999,-0.04899999999999999,true,9d77f1b00355ddca48244ee8627db339a6113092e13fb4ef4daab80bef2ef135
fgf2,390f61015d1909a9e9315c1560cfbebd8ff3e06b763546a05d918b931ff64a70,masked_substitution,86890fc70254ca300ebb6b0d5a8d178cf7270217c3ae357a08ee52e3620b1f4b,primary_parent,dc9964414a1b09672b2c580113f4bf332112d1c030f0bb5885ef95136237ddc1,maximum_hydrophobic_run,numeric,true,same_frozen_numeric_contract,minimize,residues,1.0,1.0,0.0,-0.0,false,8edaed86e18ee72d670992188aac8a60c67e03ed4bd952607e3bc1145fcbbb11
fgf2,390f61015d1909a9e9315c1560cfbebd8ff3e06b763546a05d918b931ff64a70,masked_substitution,86890fc70254ca300ebb6b0d5a8d178cf7270217c3ae357a08ee52e3620b1f4b,primary_parent,dc9964414a1b09672b2c580113f4bf332112d1c030f0bb5885ef95136237ddc1,net_charge_ph7_4,numeric,false,audit_metric_has_no_monotonic_improvement_direction,audit,elementary_charge,6.066,6.066,0.0,,false,bb92cb50f65ccbbc384e5d3d1146eccf8b2f026e5716f843321aefab6cbe34de
fgf2,390f61015d1909a9e9315c1560cfbebd8ff3e06b763546a05d918b931ff64a70,masked_substitution,86890fc70254ca300ebb6b0d5a8d178cf7270217c3ae357a08ee52e3620b1f4b,primary_parent,dc9964414a1b09672b2c580113f4bf332112d1c030f0bb5885ef95136237ddc1,toxinpred3_hybrid_score,numeric,true,same_frozen_numeric_contract,minimize,dimensionless,0.0,0.0,0.0,-0.0,false,380f1aace512b048bc19bf6d56cb49cc49af28179858707cd8ef3701fdc6f033
fgf2,390f61015d1909a9e9315c1560cfbebd8ff3e06b763546a05d918b931ff64a70,masked_substitution,86890fc70254ca300ebb6b0d5a8d178cf7270217c3ae357a08ee52e3620b1f4b,primary_parent,dc9964414a1b09672b2c580113f4bf332112d1c030f0bb5885ef95136237ddc1,toxinpred3_label,categorical,true,same_frozen_label_contract,audit,label,Non-Toxin,Non-Toxin,,,false,683b2aaacae540d4409448779909e41026d9e031cd25e22a8614ba86344863cc
fgf2,e43e0b2f55fd95a1420de9ba9e983c7e28604f2dfb54a6d6c4c9a0767761d5cb,masked_substitution,4e1bf9bb322a760e31d005acdf14d6cccad52103bfc3d77fe1a94580b1dfa9a9,primary_parent,dc9964414a1b09672b2c580113f4bf332112d1c030f0bb5885ef95136237ddc1,amp_read_log10_mic_um,numeric,true,same_frozen_numeric_contract,minimize,log10(uM),2.5455829971143507,2.4674150834075883,-0.07816791370676235,0.07816791370676235,true,cf0bdb94ac8ae918883e213db1176aa049146f16e7e9b2935c08331eec0fdede
fgf2,e43e0b2f55fd95a1420de9ba9e983c7e28604f2dfb54a6d6c4c9a0767761d5cb,masked_substitution,4e1bf9bb322a760e31d005acdf14d6cccad52103bfc3d77fe1a94580b1dfa9a9,primary_parent,dc9964414a1b09672b2c580113f4bf332112d1c030f0bb5885ef95136237ddc1,guruprasad_instability_index,numeric,true,same_frozen_numeric_contract,minimize,index,5.695455,-10.21818181818182,-15.913636818181821,15.913636818181821,true,4103d5fe7f5572d5bd611cd4882c87f65aeff3ce0aa867caef90d58eba17b16f
fgf2,e43e0b2f55fd95a1420de9ba9e983c7e28604f2dfb54a6d6c4c9a0767761d5cb,masked_substitution,4e1bf9bb322a760e31d005acdf14d6cccad52103bfc3d77fe1a94580b1dfa9a9,primary_parent,dc9964414a1b09672b2c580113f4bf332112d1c030f0bb5885ef95136237ddc1,hydrophobic_moment_eisenberg,numeric,false,audit_metric_has_no_monotonic_improvement_direction,audit,dimensionless,0.17898144767932164,0.24314844313691616,0.06416699545759452,,true,6d3d57ca21ac13e001450e1c585ad7e6f2d48918b374485db7336dab9a20f810
fgf2,e43e0b2f55fd95a1420de9ba9e983c7e28604f2dfb54a6d6c4c9a0767761d5cb,masked_substitution,4e1bf9bb322a760e31d005acdf14d6cccad52103bfc3d77fe1a94580b1dfa9a9,primary_parent,dc9964414a1b09672b2c580113f4bf332112d1c030f0bb5885ef95136237ddc1,hydrophobic_ratio_modlamp,numeric,false,audit_metric_has_no_monotonic_improvement_direction,audit,fraction,0.045454545454545456,0.09090909090909091,0.045454545454545456,,true,fc47be5a37ce6bbefa5fa8a06794ffc42492aa39aa809ad0cdf925c2f2d4d406
fgf2,e43e0b2f55fd95a1420de9ba9e983c7e28604f2dfb54a6d6c4c9a0767761d5cb,masked_substitution,4e1bf9bb322a760e31d005acdf14d6cccad52103bfc3d77fe1a94580b1dfa9a9,primary_parent,dc9964414a1b09672b2c580113f4bf332112d1c030f0bb5885ef95136237ddc1,llamp_log10_mic_um,numeric,true,same_frozen_numeric_contract,minimize,log10(uM),0.8619756698608398,1.0752500295639038,0.21327435970306396,-0.21327435970306396,true,5594dba98e370e633edad9aeaaabd00d33a568fcd61ccc826e31f1734c663e9a
fgf2,e43e0b2f55fd95a1420de9ba9e983c7e28604f2dfb54a6d6c4c9a0767761d5cb,masked_substitution,4e1bf9bb322a760e31d005acdf14d6cccad52103bfc3d77fe1a94580b1dfa9a9,primary_parent,dc9964414a1b09672b2c580113f4bf332112d1c030f0bb5885ef95136237ddc1,macrel_amp_probability,numeric,true,same_frozen_numeric_contract,maximize,probability,0.356,0.277,-0.07899999999999996,-0.07899999999999996,true,8a56c17453176d96f529352afd2194e20b6a78cdafea1f2de9602134cef65674
fgf2,e43e0b2f55fd95a1420de9ba9e983c7e28604f2dfb54a6d6c4c9a0767761d5cb,masked_substitution,4e1bf9bb322a760e31d005acdf14d6cccad52103bfc3d77fe1a94580b1dfa9a9,primary_parent,dc9964414a1b09672b2c580113f4bf332112d1c030f0bb5885ef95136237ddc1,macrel_hemolysis_label,categorical,true,same_frozen_label_contract,audit,label,low,low,,,false,5fd414c909f818add0901580bd48e00baa08a63420ecba08b615210726c35a82
fgf2,e43e0b2f55fd95a1420de9ba9e983c7e28604f2dfb54a6d6c4c9a0767761d5cb,masked_substitution,4e1bf9bb322a760e31d005acdf14d6cccad52103bfc3d77fe1a94580b1dfa9a9,primary_parent,dc9964414a1b09672b2c580113f4bf332112d1c030f0bb5885ef95136237ddc1,macrel_hemolysis_probability,numeric,true,same_frozen_numeric_contract,minimize,probability,0.436,0.485,0.04899999999999999,-0.04899999999999999,true,032bf32917aae24c01d181afbe3fee7e2c9584b98a4afc7970759ff0e2a940f4
fgf2,e43e0b2f55fd95a1420de9ba9e983c7e28604f2dfb54a6d6c4c9a0767761d5cb,masked_substitution,4e1bf9bb322a760e31d005acdf14d6cccad52103bfc3d77fe1a94580b1dfa9a9,primary_parent,dc9964414a1b09672b2c580113f4bf332112d1c030f0bb5885ef95136237ddc1,maximum_hydrophobic_run,numeric,true,same_frozen_numeric_contract,minimize,residues,1.0,1.0,0.0,-0.0,false,5d97c2a6e0f0ec9e6fe46a014d5586d729de5553b0c75d3352d76cce29a86af6
fgf2,e43e0b2f55fd95a1420de9ba9e983c7e28604f2dfb54a6d6c4c9a0767761d5cb,masked_substitution,4e1bf9bb322a760e31d005acdf14d6cccad52103bfc3d77fe1a94580b1dfa9a9,primary_parent,dc9964414a1b09672b2c580113f4bf332112d1c030f0bb5885ef95136237ddc1,net_charge_ph7_4,numeric,false,audit_metric_has_no_monotonic_improvement_direction,audit,elementary_charge,6.066,6.066,0.0,,false,84b315eee2540127958f4bdd545172587eba639a8e4901add7b7f71bf77e057e
fgf2,e43e0b2f55fd95a1420de9ba9e983c7e28604f2dfb54a6d6c4c9a0767761d5cb,masked_substitution,4e1bf9bb322a760e31d005acdf14d6cccad52103bfc3d77fe1a94580b1dfa9a9,primary_parent,dc9964414a1b09672b2c580113f4bf332112d1c030f0bb5885ef95136237ddc1,toxinpred3_hybrid_score,numeric,true,same_frozen_numeric_contract,minimize,dimensionless,0.0,0.0,0.0,-0.0,false,ca7c98bbc7d0f0ec47f765ddd6862e4d6e851a1b6c35dd7250bc05c88c2ce7dc
fgf2,e43e0b2f55fd95a1420de9ba9e983c7e28604f2dfb54a6d6c4c9a0767761d5cb,masked_substitution,4e1bf9bb322a760e31d005acdf14d6cccad52103bfc3d77fe1a94580b1dfa9a9,primary_parent,dc9964414a1b09672b2c580113f4bf332112d1c030f0bb5885ef95136237ddc1,toxinpred3_label,categorical,true,same_frozen_label_contract,audit,label,Non-Toxin,Non-Toxin,,,false,834a35adc4d84515dae5451776f4834d3b1c3eac8bbd2175a060735b10a55f3c
fgf2,24ec92ff3b8dc60787a38297c0b710d86b0bc31a8227b03801db9b5cd9c515c8,masked_substitution,c15d0b60e7dcc669dbb7262bb7c61339a2709754e3a1a205b33103ee7a2a6df4,primary_parent,dc9964414a1b09672b2c580113f4bf332112d1c030f0bb5885ef95136237ddc1,amp_read_log10_mic_um,numeric,true,same_frozen_numeric_contract,minimize,log10(uM),2.5455829971143507,2.3736666520618344,-0.1719163450525163,0.1719163450525163,true,741b11b52a6b08c758e4e0837bb64da33600ee7cda196dcbbfa6b54459ad7530
fgf2,24ec92ff3b8dc60787a38297c0b710d86b0bc31a8227b03801db9b5cd9c515c8,masked_substitution,c15d0b60e7dcc669dbb7262bb7c61339a2709754e3a1a205b33103ee7a2a6df4,primary_parent,dc9964414a1b09672b2c580113f4bf332112d1c030f0bb5885ef95136237ddc1,guruprasad_instability_index,numeric,true,same_frozen_numeric_contract,minimize,index,5.695455,-5.050000000000002,-10.745455000000002,10.745455000000002,true,ee34185dc216b9d5c40c74e6c3fa211df8acfda640afb637d520562f5ca4ac94
fgf2,24ec92ff3b8dc60787a38297c0b710d86b0bc31a8227b03801db9b5cd9c515c8,masked_substitution,c15d0b60e7dcc669dbb7262bb7c61339a2709754e3a1a205b33103ee7a2a6df4,primary_parent,dc9964414a1b09672b2c580113f4bf332112d1c030f0bb5885ef95136237ddc1,hydrophobic_moment_eisenberg,numeric,false,audit_metric_has_no_monotonic_improvement_direction,audit,dimensionless,0.17898144767932164,0.23259028990506436,0.05360884222574272,,true,52c62b91137d7a83a5c37c00928e76705c38acf0185cd1e202384d3d7e2bf9a9
fgf2,24ec92ff3b8dc60787a38297c0b710d86b0bc31a8227b03801db9b5cd9c515c8,masked_substitution,c15d0b60e7dcc669dbb7262bb7c61339a2709754e3a1a205b33103ee7a2a6df4,primary_parent,dc9964414a1b09672b2c580113f4bf332112d1c030f0bb5885ef95136237ddc1,hydrophobic_ratio_modlamp,numeric,false,audit_metric_has_no_monotonic_improvement_direction,audit,fraction,0.045454545454545456,0.045454545454545456,0.0,,false,9f3c8e330076f92d5ff6578ded7f71d1f9bce33c408d921a84a07b197512bb7f
fgf2,24ec92ff3b8dc60787a38297c0b710d86b0bc31a8227b03801db9b5cd9c515c8,masked_substitution,c15d0b60e7dcc669dbb7262bb7c61339a2709754e3a1a205b33103ee7a2a6df4,primary_parent,dc9964414a1b09672b2c580113f4bf332112d1c030f0bb5885ef95136237ddc1,llamp_log10_mic_um,numeric,true,same_frozen_numeric_contract,minimize,log10(uM),0.8619756698608398,1.0246672630310059,0.16269159317016602,-0.16269159317016602,true,5a5f2ac8b55b4e937b09c9bd16d692bbcbaa08838e65569c9ff6996bb23d242e
fgf2,24ec92ff3b8dc60787a38297c0b710d86b0bc31a8227b03801db9b5cd9c515c8,masked_substitution,c15d0b60e7dcc669dbb7262bb7c61339a2709754e3a1a205b33103ee7a2a6df4,primary_parent,dc9964414a1b09672b2c580113f4bf332112d1c030f0bb5885ef95136237ddc1,macrel_amp_probability,numeric,true,same_frozen_numeric_contract,maximize,probability,0.356,0.396,0.040000000000000036,0.040000000000000036,true,413b499aa229b8d566f3ddab76e0a2e07e047857e6155c2538f192a501edf54a
fgf2,24ec92ff3b8dc60787a38297c0b710d86b0bc31a8227b03801db9b5cd9c515c8,masked_substitution,c15d0b60e7dcc669dbb7262bb7c61339a2709754e3a1a205b33103ee7a2a6df4,primary_parent,dc9964414a1b09672b2c580113f4bf332112d1c030f0bb5885ef95136237ddc1,macrel_hemolysis_label,categorical,true,same_frozen_label_contract,audit,label,low,low,,,false,da03286afbfb6f7fda97e236a85e548fc6d86c98413399f04399618941e0ae2e
fgf2,24ec92ff3b8dc60787a38297c0b710d86b0bc31a8227b03801db9b5cd9c515c8,masked_substitution,c15d0b60e7dcc669dbb7262bb7c61339a2709754e3a1a205b33103ee7a2a6df4,primary_parent,dc9964414a1b09672b2c580113f4bf332112d1c030f0bb5885ef95136237ddc1,macrel_hemolysis_probability,numeric,true,same_frozen_numeric_contract,minimize,probability,0.436,0.495,0.059,-0.059,true,9d309258d6d3c399d84dc5ebc8270aca1b71bb568ce4a57236cc293629010b0a
fgf2,24ec92ff3b8dc60787a38297c0b710d86b0bc31a8227b03801db9b5cd9c515c8,masked_substitution,c15d0b60e7dcc669dbb7262bb7c61339a2709754e3a1a205b33103ee7a2a6df4,primary_parent,dc9964414a1b09672b2c580113f4bf332112d1c030f0bb5885ef95136237ddc1,maximum_hydrophobic_run,numeric,true,same_frozen_numeric_contract,minimize,residues,1.0,1.0,0.0,-0.0,false,e8b3d04f9c6382b2864a71cdaab921238df9e6d30fb0a8bfd56e5a61d9af9843
fgf2,24ec92ff3b8dc60787a38297c0b710d86b0bc31a8227b03801db9b5cd9c515c8,masked_substitution,c15d0b60e7dcc669dbb7262bb7c61339a2709754e3a1a205b33103ee7a2a6df4,primary_parent,dc9964414a1b09672b2c580113f4bf332112d1c030f0bb5885ef95136237ddc1,net_charge_ph7_4,numeric,false,audit_metric_has_no_monotonic_improvement_direction,audit,elementary_charge,6.066,6.066,0.0,,false,117c84fab2cd1a63996b845f39fbc16957e0fa94aee99ff16f9e3d5a47510cef
fgf2,24ec92ff3b8dc60787a38297c0b710d86b0bc31a8227b03801db9b5cd9c515c8,masked_substitution,c15d0b60e7dcc669dbb7262bb7c61339a2709754e3a1a205b33103ee7a2a6df4,primary_parent,dc9964414a1b09672b2c580113f4bf332112d1c030f0bb5885ef95136237ddc1,toxinpred3_hybrid_score,numeric,true,same_frozen_numeric_contract,minimize,dimensionless,0.0,0.0,0.0,-0.0,false,08d8a33d98e7edc1062a06352124197616ec22300100e9d113a3b5818c9b02a5
fgf2,24ec92ff3b8dc60787a38297c0b710d86b0bc31a8227b03801db9b5cd9c515c8,masked_substitution,c15d0b60e7dcc669dbb7262bb7c61339a2709754e3a1a205b33103ee7a2a6df4,primary_parent,dc9964414a1b09672b2c580113f4bf332112d1c030f0bb5885ef95136237ddc1,toxinpred3_label,categorical,true,same_frozen_label_contract,audit,label,Non-Toxin,Non-Toxin,,,false,55e345651f8cd0957ee80e72ca17853c99ffd7171ba1f1a1b776bf44fca04f6d
fgf2,2abbc4d9cd99e3d15642c764ca634a2912b1a0e0c92fd68e7827444c34d0cc3e,masked_substitution,52edf9a6f9b930b8e5c8e67808745e89f63dca81e190946ebe94ad5191f6c83c,primary_parent,dc9964414a1b09672b2c580113f4bf332112d1c030f0bb5885ef95136237ddc1,amp_read_log10_mic_um,numeric,true,same_frozen_numeric_contract,minimize,log10(uM),2.5455829971143507,2.489098538285868,-0.05648445882848252,0.05648445882848252,true,6d256dd563f1f43672dcaaa16e0c2a5e68363e8d31cffd302b225acbc7b53a5a
fgf2,2abbc4d9cd99e3d15642c764ca634a2912b1a0e0c92fd68e7827444c34d0cc3e,masked_substitution,52edf9a6f9b930b8e5c8e67808745e89f63dca81e190946ebe94ad5191f6c83c,primary_parent,dc9964414a1b09672b2c580113f4bf332112d1c030f0bb5885ef95136237ddc1,guruprasad_instability_index,numeric,true,same_frozen_numeric_contract,minimize,index,5.695455,-5.050000000000002,-10.745455000000002,10.745455000000002,true,003117cb7b169ddd51e975c19ad58dd440df4fa111e9c5fd9bd6617237508f78
fgf2,2abbc4d9cd99e3d15642c764ca634a2912b1a0e0c92fd68e7827444c34d0cc3e,masked_substitution,52edf9a6f9b930b8e5c8e67808745e89f63dca81e190946ebe94ad5191f6c83c,primary_parent,dc9964414a1b09672b2c580113f4bf332112d1c030f0bb5885ef95136237ddc1,hydrophobic_moment_eisenberg,numeric,false,audit_metric_has_no_monotonic_improvement_direction,audit,dimensionless,0.17898144767932164,0.09829516931185776,-0.08068627836746388,,true,4db5af0e79be0a3bf97c622f94674b266f7bd10357507d3b8b6e28cc5ff463dc
fgf2,2abbc4d9cd99e3d15642c764ca634a2912b1a0e0c92fd68e7827444c34d0cc3e,masked_substitution,52edf9a6f9b930b8e5c8e67808745e89f63dca81e190946ebe94ad5191f6c83c,primary_parent,dc9964414a1b09672b2c580113f4bf332112d1c030f0bb5885ef95136237ddc1,hydrophobic_ratio_modlamp,numeric,false,audit_metric_has_no_monotonic_improvement_direction,audit,fraction,0.045454545454545456,0.045454545454545456,0.0,,false,7426d4d8ed6765714778021c6f935d5becade3e8ef10af8c00f51e26d46e72a7
fgf2,2abbc4d9cd99e3d15642c764ca634a2912b1a0e0c92fd68e7827444c34d0cc3e,masked_substitution,52edf9a6f9b930b8e5c8e67808745e89f63dca81e190946ebe94ad5191f6c83c,primary_parent,dc9964414a1b09672b2c580113f4bf332112d1c030f0bb5885ef95136237ddc1,llamp_log10_mic_um,numeric,true,same_frozen_numeric_contract,minimize,log10(uM),0.8619756698608398,1.142905592918396,0.28092992305755615,-0.28092992305755615,true,957b7ebf793fcca67f5ae983ec30fe09030a873a9b2e1ddeb27379c872568a9d
fgf2,2abbc4d9cd99e3d15642c764ca634a2912b1a0e0c92fd68e7827444c34d0cc3e,masked_substitution,52edf9a6f9b930b8e5c8e67808745e89f63dca81e190946ebe94ad5191f6c83c,primary_parent,dc9964414a1b09672b2c580113f4bf332112d1c030f0bb5885ef95136237ddc1,macrel_amp_probability,numeric,true,same_frozen_numeric_contract,maximize,probability,0.356,0.386,0.030000000000000027,0.030000000000000027,true,343c94226b87cf8fe8b99687524cb0d519149a928e66be0147ad02a62cb907da
fgf2,2abbc4d9cd99e3d15642c764ca634a2912b1a0e0c92fd68e7827444c34d0cc3e,masked_substitution,52edf9a6f9b930b8e5c8e67808745e89f63dca81e190946ebe94ad5191f6c83c,primary_parent,dc9964414a1b09672b2c580113f4bf332112d1c030f0bb5885ef95136237ddc1,macrel_hemolysis_label,categorical,true,same_frozen_label_contract,audit,label,low,low,,,false,1ce26c3f381dc41aaecd04b5e8bafd5d78f65b49ad1171f0495a3f12ad57bd28
fgf2,2abbc4d9cd99e3d15642c764ca634a2912b1a0e0c92fd68e7827444c34d0cc3e,masked_substitution,52edf9a6f9b930b8e5c8e67808745e89f63dca81e190946ebe94ad5191f6c83c,primary_parent,dc9964414a1b09672b2c580113f4bf332112d1c030f0bb5885ef95136237ddc1,macrel_hemolysis_probability,numeric,true,same_frozen_numeric_contract,minimize,probability,0.436,0.485,0.04899999999999999,-0.04899999999999999,true,d818a8e5554024867ea3369ef4d9789f97184b8cde858878ab0a702dfbf87437
fgf2,2abbc4d9cd99e3d15642c764ca634a2912b1a0e0c92fd68e7827444c34d0cc3e,masked_substitution,52edf9a6f9b930b8e5c8e67808745e89f63dca81e190946ebe94ad5191f6c83c,primary_parent,dc9964414a1b09672b2c580113f4bf332112d1c030f0bb5885ef95136237ddc1,maximum_hydrophobic_run,numeric,true,same_frozen_numeric_contract,minimize,residues,1.0,1.0,0.0,-0.0,false,9654aef2b3e436787f2157277ecc21ce4c52a7a19abea333340a1296cc07e833
fgf2,2abbc4d9cd99e3d15642c764ca634a2912b1a0e0c92fd68e7827444c34d0cc3e,masked_substitution,52edf9a6f9b930b8e5c8e67808745e89f63dca81e190946ebe94ad5191f6c83c,primary_parent,dc9964414a1b09672b2c580113f4bf332112d1c030f0bb5885ef95136237ddc1,net_charge_ph7_4,numeric,false,audit_metric_has_no_monotonic_improvement_direction,audit,elementary_charge,6.066,5.067,-0.9989999999999997,,true,57827e8646ce17a75a9511a2b8eda8aeecd9a419f702658945b29b2680230781
fgf2,2abbc4d9cd99e3d15642c764ca634a2912b1a0e0c92fd68e7827444c34d0cc3e,masked_substitution,52edf9a6f9b930b8e5c8e67808745e89f63dca81e190946ebe94ad5191f6c83c,primary_parent,dc9964414a1b09672b2c580113f4bf332112d1c030f0bb5885ef95136237ddc1,toxinpred3_hybrid_score,numeric,true,same_frozen_numeric_contract,minimize,dimensionless,0.0,0.0,0.0,-0.0,false,6d05004ac4b9c1ceb27b7b9534f9b8fa9970939953347bccd0b9fe3897ec2d1d
fgf2,2abbc4d9cd99e3d15642c764ca634a2912b1a0e0c92fd68e7827444c34d0cc3e,masked_substitution,52edf9a6f9b930b8e5c8e67808745e89f63dca81e190946ebe94ad5191f6c83c,primary_parent,dc9964414a1b09672b2c580113f4bf332112d1c030f0bb5885ef95136237ddc1,toxinpred3_label,categorical,true,same_frozen_label_contract,audit,label,Non-Toxin,Non-Toxin,,,false,0f01c7161926951ec67eccb207e10094bb8abdf67e6a51b295f74412a1e7d75d
fgf2,5b51a77841269494c0b44740d41220298b275c0c7b99ebe50b8af8d83f3f1937,masked_substitution,c97b3753297e99872e0d716cc0dad6ca414e5c149ee7271a5516f1455346851d,primary_parent,dc9964414a1b09672b2c580113f4bf332112d1c030f0bb5885ef95136237ddc1,amp_read_log10_mic_um,numeric,true,same_frozen_numeric_contract,minimize,log10(uM),2.5455829971143507,2.3657094451164986,-0.17987355199785204,0.17987355199785204,true,547c4f41c66e96fe7a88d54d3d81271feb159f933ac045074ca3e5fb8374d281
fgf2,5b51a77841269494c0b44740d41220298b275c0c7b99ebe50b8af8d83f3f1937,masked_substitution,c97b3753297e99872e0d716cc0dad6ca414e5c149ee7271a5516f1455346851d,primary_parent,dc9964414a1b09672b2c580113f4bf332112d1c030f0bb5885ef95136237ddc1,guruprasad_instability_index,numeric,true,same_frozen_numeric_contract,minimize,index,5.695455,-5.050000000000002,-10.745455000000002,10.745455000000002,true,e8ee0e666ad185763f5a9f982c7f4aac81bf46b12284f2a1a8e62277f30f4f34
fgf2,5b51a77841269494c0b44740d41220298b275c0c7b99ebe50b8af8d83f3f1937,masked_substitution,c97b3753297e99872e0d716cc0dad6ca414e5c149ee7271a5516f1455346851d,primary_parent,dc9964414a1b09672b2c580113f4bf332112d1c030f0bb5885ef95136237ddc1,hydrophobic_moment_eisenberg,numeric,false,audit_metric_has_no_monotonic_improvement_direction,audit,dimensionless,0.17898144767932164,0.17141563282920055,-0.007565814850121089,,true,5df86652983dc68e740061b4cabaa2c262c0b250f7eaf62bcb66ff1741629c68
fgf2,5b51a77841269494c0b44740d41220298b275c0c7b99ebe50b8af8d83f3f1937,masked_substitution,c97b3753297e99872e0d716cc0dad6ca414e5c149ee7271a5516f1455346851d,primary_parent,dc9964414a1b09672b2c580113f4bf332112d1c030f0bb5885ef95136237ddc1,hydrophobic_ratio_modlamp,numeric,false,audit_metric_has_no_monotonic_improvement_direction,audit,fraction,0.045454545454545456,0.09090909090909091,0.045454545454545456,,true,2275a03c71081d4e4d0fc35296c468a8a6711f5c3c233f2bf1377b33f00c0c06
fgf2,5b51a77841269494c0b44740d41220298b275c0c7b99ebe50b8af8d83f3f1937,masked_substitution,c97b3753297e99872e0d716cc0dad6ca414e5c149ee7271a5516f1455346851d,primary_parent,dc9964414a1b09672b2c580113f4bf332112d1c030f0bb5885ef95136237ddc1,llamp_log10_mic_um,numeric,true,same_frozen_numeric_contract,minimize,log10(uM),0.8619756698608398,0.9795202016830444,0.11754453182220459,-0.11754453182220459,true,10cd053c5d0e8ede1f00b87758089fed3b09a786369339525185b14e6de115e1
fgf2,5b51a77841269494c0b44740d41220298b275c0c7b99ebe50b8af8d83f3f1937,masked_substitution,c97b3753297e99872e0d716cc0dad6ca414e5c149ee7271a5516f1455346851d,primary_parent,dc9964414a1b09672b2c580113f4bf332112d1c030f0bb5885ef95136237ddc1,macrel_amp_probability,numeric,true,same_frozen_numeric_contract,maximize,probability,0.356,0.257,-0.09899999999999998,-0.09899999999999998,true,73dfc0e4f7efd7008a2613c6610498c8558cdeb96532a4a94eda599189fad83a
fgf2,5b51a77841269494c0b44740d41220298b275c0c7b99ebe50b8af8d83f3f1937,masked_substitution,c97b3753297e99872e0d716cc0dad6ca414e5c149ee7271a5516f1455346851d,primary_parent,dc9964414a1b09672b2c580113f4bf332112d1c030f0bb5885ef95136237ddc1,macrel_hemolysis_label,categorical,true,same_frozen_label_contract,audit,label,low,low,,,false,da4d241ee786791c721f59d5a9fd5a71b456e05ce82fe013fa5b6235fc3ba790
fgf2,5b51a77841269494c0b44740d41220298b275c0c7b99ebe50b8af8d83f3f1937,masked_substitution,c97b3753297e99872e0d716cc0dad6ca414e5c149ee7271a5516f1455346851d,primary_parent,dc9964414a1b09672b2c580113f4bf332112d1c030f0bb5885ef95136237ddc1,macrel_hemolysis_probability,numeric,true,same_frozen_numeric_contract,minimize,probability,0.436,0.426,-0.010000000000000009,0.010000000000000009,true,a216c9c3a22afe2be4780d5114c22cd230f10f47af7d7493e1a799785d33f619
fgf2,5b51a77841269494c0b44740d41220298b275c0c7b99ebe50b8af8d83f3f1937,masked_substitution,c97b3753297e99872e0d716cc0dad6ca414e5c149ee7271a5516f1455346851d,primary_parent,dc9964414a1b09672b2c580113f4bf332112d1c030f0bb5885ef95136237ddc1,maximum_hydrophobic_run,numeric,true,same_frozen_numeric_contract,minimize,residues,1.0,1.0,0.0,-0.0,false,9b5a0ccc387168b79a6401086283813130d34d7f2450dc0a4b7c7097d939eee1
fgf2,5b51a77841269494c0b44740d41220298b275c0c7b99ebe50b8af8d83f3f1937,masked_substitution,c97b3753297e99872e0d716cc0dad6ca414e5c149ee7271a5516f1455346851d,primary_parent,dc9964414a1b09672b2c580113f4bf332112d1c030f0bb5885ef95136237ddc1,net_charge_ph7_4,numeric,false,audit_metric_has_no_monotonic_improvement_direction,audit,elementary_charge,6.066,6.066,0.0,,false,4cbb58b0fea6feb65496e642adac05b74938539b2de9991e605114a931adfe15
fgf2,5b51a77841269494c0b44740d41220298b275c0c7b99ebe50b8af8d83f3f1937,masked_substitution,c97b3753297e99872e0d716cc0dad6ca414e5c149ee7271a5516f1455346851d,primary_parent,dc9964414a1b09672b2c580113f4bf332112d1c030f0bb5885ef95136237ddc1,toxinpred3_hybrid_score,numeric,true,same_frozen_numeric_contract,minimize,dimensionless,0.0,0.0,0.0,-0.0,false,4efb359b0b1e2380f7bf209205c3d082a8edcb79e6f5452209e432ae3e628f8a
fgf2,5b51a77841269494c0b44740d41220298b275c0c7b99ebe50b8af8d83f3f1937,masked_substitution,c97b3753297e99872e0d716cc0dad6ca414e5c149ee7271a5516f1455346851d,primary_parent,dc9964414a1b09672b2c580113f4bf332112d1c030f0bb5885ef95136237ddc1,toxinpred3_label,categorical,true,same_frozen_label_contract,audit,label,Non-Toxin,Non-Toxin,,,false,ba3a9d5eea21e605542f2f01de65949844266e210e05f601dc26e0e287e4c94a
fgf2,1fc93e786fdbffc0b6c394f077fdf6e4bc9f2e7a40f9ab35f86dd2cb4869110e,masked_substitution,a7dbef51e739740a517eb1ca9a575819d50fb400ae049c5814ec6a5346348b5d,primary_parent,dc9964414a1b09672b2c580113f4bf332112d1c030f0bb5885ef95136237ddc1,amp_read_log10_mic_um,numeric,true,same_frozen_numeric_contract,minimize,log10(uM),2.5455829971143507,2.466203418916299,-0.07937957819805153,0.07937957819805153,true,a132cc8797a40586d474a839cc138183ff51323ed9b20a926a0f8d3d0ed35494
fgf2,1fc93e786fdbffc0b6c394f077fdf6e4bc9f2e7a40f9ab35f86dd2cb4869110e,masked_substitution,a7dbef51e739740a517eb1ca9a575819d50fb400ae049c5814ec6a5346348b5d,primary_parent,dc9964414a1b09672b2c580113f4bf332112d1c030f0bb5885ef95136237ddc1,guruprasad_instability_index,numeric,true,same_frozen_numeric_contract,minimize,index,5.695455,-10.21818181818182,-15.913636818181821,15.913636818181821,true,0ddc288fbef135771e6bed877a97ee2e6c94c44588bb1fba1e86b868fa01abd3
fgf2,1fc93e786fdbffc0b6c394f077fdf6e4bc9f2e7a40f9ab35f86dd2cb4869110e,masked_substitution,a7dbef51e739740a517eb1ca9a575819d50fb400ae049c5814ec6a5346348b5d,primary_parent,dc9964414a1b09672b2c580113f4bf332112d1c030f0bb5885ef95136237ddc1,hydrophobic_moment_eisenberg,numeric,false,audit_metric_has_no_monotonic_improvement_direction,audit,dimensionless,0.17898144767932164,0.17450374765577648,-0.004477700023545167,,true,45a921efbaf938efeee6cc6df8de6613b1beef2597934deddd45416ae3867b88
fgf2,1fc93e786fdbffc0b6c394f077fdf6e4bc9f2e7a40f9ab35f86dd2cb4869110e,masked_substitution,a7dbef51e739740a517eb1ca9a575819d50fb400ae049c5814ec6a5346348b5d,primary_parent,dc9964414a1b09672b2c580113f4bf332112d1c030f0bb5885ef95136237ddc1,hydrophobic_ratio_modlamp,numeric,false,audit_metric_has_no_monotonic_improvement_direction,audit,fraction,0.045454545454545456,0.09090909090909091,0.045454545454545456,,true,7cb9dea07d583ddf4fe6f5eb067d7509220706dd03366f2d74605ab045001d24
fgf2,1fc93e786fdbffc0b6c394f077fdf6e4bc9f2e7a40f9ab35f86dd2cb4869110e,masked_substitution,a7dbef51e739740a517eb1ca9a575819d50fb400ae049c5814ec6a5346348b5d,primary_parent,dc9964414a1b09672b2c580113f4bf332112d1c030f0bb5885ef95136237ddc1,llamp_log10_mic_um,numeric,true,same_frozen_numeric_contract,minimize,log10(uM),0.8619756698608398,0.9623386859893799,0.10036301612854004,-0.10036301612854004,true,570cd83d317fe9a5d084655f4fac8e82b8f3e542ed339df6d341da3ef97b7a3a
fgf2,1fc93e786fdbffc0b6c394f077fdf6e4bc9f2e7a40f9ab35f86dd2cb4869110e,masked_substitution,a7dbef51e739740a517eb1ca9a575819d50fb400ae049c5814ec6a5346348b5d,primary_parent,dc9964414a1b09672b2c580113f4bf332112d1c030f0bb5885ef95136237ddc1,macrel_amp_probability,numeric,true,same_frozen_numeric_contract,maximize,probability,0.356,0.277,-0.07899999999999996,-0.07899999999999996,true,477210a537126b7585bcd8de8f2217bc1e4b1bedc97f427575246c41ac19b556
fgf2,1fc93e786fdbffc0b6c394f077fdf6e4bc9f2e7a40f9ab35f86dd2cb4869110e,masked_substitution,a7dbef51e739740a517eb1ca9a575819d50fb400ae049c5814ec6a5346348b5d,primary_parent,dc9964414a1b09672b2c580113f4bf332112d1c030f0bb5885ef95136237ddc1,macrel_hemolysis_label,categorical,true,same_frozen_label_contract,audit,label,low,low,,,false,1c1b05dd7de576c70f99c91295896810f1949875b02b6f87d6eadddbc477d614
fgf2,1fc93e786fdbffc0b6c394f077fdf6e4bc9f2e7a40f9ab35f86dd2cb4869110e,masked_substitution,a7dbef51e739740a517eb1ca9a575819d50fb400ae049c5814ec6a5346348b5d,primary_parent,dc9964414a1b09672b2c580113f4bf332112d1c030f0bb5885ef95136237ddc1,macrel_hemolysis_probability,numeric,true,same_frozen_numeric_contract,minimize,probability,0.436,0.436,0.0,-0.0,false,a20c6385e60179bfbedcc0f9f255a5e64f37f19a43e238442a1fdf843b0dadac
fgf2,1fc93e786fdbffc0b6c394f077fdf6e4bc9f2e7a40f9ab35f86dd2cb4869110e,masked_substitution,a7dbef51e739740a517eb1ca9a575819d50fb400ae049c5814ec6a5346348b5d,primary_parent,dc9964414a1b09672b2c580113f4bf332112d1c030f0bb5885ef95136237ddc1,maximum_hydrophobic_run,numeric,true,same_frozen_numeric_contract,minimize,residues,1.0,1.0,0.0,-0.0,false,342ee2e9e67bbb14a2dd171f84effe89fec13a8979b6e5eeaa70a55225410fac
fgf2,1fc93e786fdbffc0b6c394f077fdf6e4bc9f2e7a40f9ab35f86dd2cb4869110e,masked_substitution,a7dbef51e739740a517eb1ca9a575819d50fb400ae049c5814ec6a5346348b5d,primary_parent,dc9964414a1b09672b2c580113f4bf332112d1c030f0bb5885ef95136237ddc1,net_charge_ph7_4,numeric,false,audit_metric_has_no_monotonic_improvement_direction,audit,elementary_charge,6.066,6.066,0.0,,false,640d06919561e5701d1d40be0f7778bf22b12197c45c9b4527dffb54f0b3923b
fgf2,1fc93e786fdbffc0b6c394f077fdf6e4bc9f2e7a40f9ab35f86dd2cb4869110e,masked_substitution,a7dbef51e739740a517eb1ca9a575819d50fb400ae049c5814ec6a5346348b5d,primary_parent,dc9964414a1b09672b2c580113f4bf332112d1c030f0bb5885ef95136237ddc1,toxinpred3_hybrid_score,numeric,true,same_frozen_numeric_contract,minimize,dimensionless,0.0,0.0,0.0,-0.0,false,bef5f44550299f0b9e860a68781eec72d4b517529f0b796b217f292a5ddb318d
fgf2,1fc93e786fdbffc0b6c394f077fdf6e4bc9f2e7a40f9ab35f86dd2cb4869110e,masked_substitution,a7dbef51e739740a517eb1ca9a575819d50fb400ae049c5814ec6a5346348b5d,primary_parent,dc9964414a1b09672b2c580113f4bf332112d1c030f0bb5885ef95136237ddc1,toxinpred3_label,categorical,true,same_frozen_label_contract,audit,label,Non-Toxin,Non-Toxin,,,false,86149bae0e9ed18ae18c58fa6e59d320d4fd58683b4940f8bf36f223a2c30c97
fgf2,0246e2f510ec668dd953344ce1854e28568d5d506fa4f692060b68cec484cc0b,masked_substitution,0d9641f6d7ff1b5c95ce68724d1ca03758d7c43ff13594e33e728064fec849e8,primary_parent,dc9964414a1b09672b2c580113f4bf332112d1c030f0bb5885ef95136237ddc1,amp_read_log10_mic_um,numeric,true,same_frozen_numeric_contract,minimize,log10(uM),2.5455829971143507,2.2903961288109693,-0.25518686830338133,0.25518686830338133,true,4f3f2accffaf32a4ad499bd3fcf76ad8027228404e0dd29f290975b965127372
fgf2,0246e2f510ec668dd953344ce1854e28568d5d506fa4f692060b68cec484cc0b,masked_substitution,0d9641f6d7ff1b5c95ce68724d1ca03758d7c43ff13594e33e728064fec849e8,primary_parent,dc9964414a1b09672b2c580113f4bf332112d1c030f0bb5885ef95136237ddc1,guruprasad_instability_index,numeric,true,same_frozen_numeric_contract,minimize,index,5.695455,-5.050000000000002,-10.745455000000002,10.745455000000002,true,6c07c266733b1f240fc473ff098c4d4474e4ba59d1d7b7783c57dba2dd6ccbca
fgf2,0246e2f510ec668dd953344ce1854e28568d5d506fa4f692060b68cec484cc0b,masked_substitution,0d9641f6d7ff1b5c95ce68724d1ca03758d7c43ff13594e33e728064fec849e8,primary_parent,dc9964414a1b09672b2c580113f4bf332112d1c030f0bb5885ef95136237ddc1,hydrophobic_moment_eisenberg,numeric,false,audit_metric_has_no_monotonic_improvement_direction,audit,dimensionless,0.17898144767932164,0.17231459809091518,-0.006666849588406465,,true,c9470835ceb21e3eb8fc9ee48b07484c7f8bb327eaf42f3d3b0d10371db3ae3e
fgf2,0246e2f510ec668dd953344ce1854e28568d5d506fa4f692060b68cec484cc0b,masked_substitution,0d9641f6d7ff1b5c95ce68724d1ca03758d7c43ff13594e33e728064fec849e8,primary_parent,dc9964414a1b09672b2c580113f4bf332112d1c030f0bb5885ef95136237ddc1,hydrophobic_ratio_modlamp,numeric,false,audit_metric_has_no_monotonic_improvement_direction,audit,fraction,0.045454545454545456,0.045454545454545456,0.0,,false,6619907fa086410e280d463ff645a539033e9f7a490a59b78dee36b1392998fe
fgf2,0246e2f510ec668dd953344ce1854e28568d5d506fa4f692060b68cec484cc0b,masked_substitution,0d9641f6d7ff1b5c95ce68724d1ca03758d7c43ff13594e33e728064fec849e8,primary_parent,dc9964414a1b09672b2c580113f4bf332112d1c030f0bb5885ef95136237ddc1,llamp_log10_mic_um,numeric,true,same_frozen_numeric_contract,minimize,log10(uM),0.8619756698608398,1.0360811948776245,0.17410552501678467,-0.17410552501678467,true,51d1a128eb841657aca9a15752f22bbca718cd95e5714d6858490bdebfdbdafc
fgf2,0246e2f510ec668dd953344ce1854e28568d5d506fa4f692060b68cec484cc0b,masked_substitution,0d9641f6d7ff1b5c95ce68724d1ca03758d7c43ff13594e33e728064fec849e8,primary_parent,dc9964414a1b09672b2c580113f4bf332112d1c030f0bb5885ef95136237ddc1,macrel_amp_probability,numeric,true,same_frozen_numeric_contract,maximize,probability,0.356,0.386,0.030000000000000027,0.030000000000000027,true,cc7e71fb6a866e2b4111e49a1191a76b7436278c0c34548fd3e0e0514ec69eb4
fgf2,0246e2f510ec668dd953344ce1854e28568d5d506fa4f692060b68cec484cc0b,masked_substitution,0d9641f6d7ff1b5c95ce68724d1ca03758d7c43ff13594e33e728064fec849e8,primary_parent,dc9964414a1b09672b2c580113f4bf332112d1c030f0bb5885ef95136237ddc1,macrel_hemolysis_label,categorical,true,same_frozen_label_contract,audit,label,low,low,,,false,f4817a69afb4f74c0676a58eefbe92f09718f7669efbb1721392b8f64493ebc7
fgf2,0246e2f510ec668dd953344ce1854e28568d5d506fa4f692060b68cec484cc0b,masked_substitution,0d9641f6d7ff1b5c95ce68724d1ca03758d7c43ff13594e33e728064fec849e8,primary_parent,dc9964414a1b09672b2c580113f4bf332112d1c030f0bb5885ef95136237ddc1,macrel_hemolysis_probability,numeric,true,same_frozen_numeric_contract,minimize,probability,0.436,0.436,0.0,-0.0,false,1f99bb86c664e038cff29d537e28ac3f1f2c43288eab46c3c4b3553955df6801
fgf2,0246e2f510ec668dd953344ce1854e28568d5d506fa4f692060b68cec484cc0b,masked_substitution,0d9641f6d7ff1b5c95ce68724d1ca03758d7c43ff13594e33e728064fec849e8,primary_parent,dc9964414a1b09672b2c580113f4bf332112d1c030f0bb5885ef95136237ddc1,maximum_hydrophobic_run,numeric,true,same_frozen_numeric_contract,minimize,residues,1.0,1.0,0.0,-0.0,false,f11aecdc807915e5a0651e640f03d21db28ead5a2515841dab3bc28901fde809
fgf2,0246e2f510ec668dd953344ce1854e28568d5d506fa4f692060b68cec484cc0b,masked_substitution,0d9641f6d7ff1b5c95ce68724d1ca03758d7c43ff13594e33e728064fec849e8,primary_parent,dc9964414a1b09672b2c580113f4bf332112d1c030f0bb5885ef95136237ddc1,net_charge_ph7_4,numeric,false,audit_metric_has_no_monotonic_improvement_direction,audit,elementary_charge,6.066,6.066,0.0,,false,b75a17d0898a484323793e5aa4367353c969ff6302113f7e7f23b745416d6c7a
fgf2,0246e2f510ec668dd953344ce1854e28568d5d506fa4f692060b68cec484cc0b,masked_substitution,0d9641f6d7ff1b5c95ce68724d1ca03758d7c43ff13594e33e728064fec849e8,primary_parent,dc9964414a1b09672b2c580113f4bf332112d1c030f0bb5885ef95136237ddc1,toxinpred3_hybrid_score,numeric,true,same_frozen_numeric_contract,minimize,dimensionless,0.0,0.0,0.0,-0.0,false,ed07f0af7af4c0b3f76d3e63ec0c205cb223a9ae638eebb3289508500ca10908
fgf2,0246e2f510ec668dd953344ce1854e28568d5d506fa4f692060b68cec484cc0b,masked_substitution,0d9641f6d7ff1b5c95ce68724d1ca03758d7c43ff13594e33e728064fec849e8,primary_parent,dc9964414a1b09672b2c580113f4bf332112d1c030f0bb5885ef95136237ddc1,toxinpred3_label,categorical,true,same_frozen_label_contract,audit,label,Non-Toxin,Non-Toxin,,,false,a78bec569062a1ca6591d50cebacf5624bb4b372a5db58624902383839cd3e3d
fgf2,d13f05150962b04f63045da638ebd2c967ce619f413d68bbf68122038383046e,masked_substitution,6d5bad1c232900e5a6075451c4c0ec593814ba54876bacecb438b195742046e6,primary_parent,dc9964414a1b09672b2c580113f4bf332112d1c030f0bb5885ef95136237ddc1,amp_read_log10_mic_um,numeric,true,same_frozen_numeric_contract,minimize,log10(uM),2.5455829971143507,2.227922776346431,-0.31766022076791955,0.31766022076791955,true,1c884b996f614af751cf26aa270df303c3b26acd7b115052e6f5de30d25e8f7b
fgf2,d13f05150962b04f63045da638ebd2c967ce619f413d68bbf68122038383046e,masked_substitution,6d5bad1c232900e5a6075451c4c0ec593814ba54876bacecb438b195742046e6,primary_parent,dc9964414a1b09672b2c580113f4bf332112d1c030f0bb5885ef95136237ddc1,guruprasad_instability_index,numeric,true,same_frozen_numeric_contract,minimize,index,5.695455,-5.050000000000002,-10.745455000000002,10.745455000000002,true,b7076e0768ed6b8f8190b696034fb25d9a5baf51482cb0cbe1fdba125aa52654
fgf2,d13f05150962b04f63045da638ebd2c967ce619f413d68bbf68122038383046e,masked_substitution,6d5bad1c232900e5a6075451c4c0ec593814ba54876bacecb438b195742046e6,primary_parent,dc9964414a1b09672b2c580113f4bf332112d1c030f0bb5885ef95136237ddc1,hydrophobic_moment_eisenberg,numeric,false,audit_metric_has_no_monotonic_improvement_direction,audit,dimensionless,0.17898144767932164,0.1709003612954295,-0.008081086383892155,,true,52cde58ff7756a15e36cfce2f3d4d8bae5ea3a2d08667ef5246e091e1914c792
fgf2,d13f05150962b04f63045da638ebd2c967ce619f413d68bbf68122038383046e,masked_substitution,6d5bad1c232900e5a6075451c4c0ec593814ba54876bacecb438b195742046e6,primary_parent,dc9964414a1b09672b2c580113f4bf332112d1c030f0bb5885ef95136237ddc1,hydrophobic_ratio_modlamp,numeric,false,audit_metric_has_no_monotonic_improvement_direction,audit,fraction,0.045454545454545456,0.045454545454545456,0.0,,false,069abe8102a80e6708b34f0bbb608889ae03eab73bee79d96952f37c46adcec5
fgf2,d13f05150962b04f63045da638ebd2c967ce619f413d68bbf68122038383046e,masked_substitution,6d5bad1c232900e5a6075451c4c0ec593814ba54876bacecb438b195742046e6,primary_parent,dc9964414a1b09672b2c580113f4bf332112d1c030f0bb5885ef95136237ddc1,llamp_log10_mic_um,numeric,true,same_frozen_numeric_contract,minimize,log10(uM),0.8619756698608398,0.8642799854278564,0.0023043155670166016,-0.0023043155670166016,true,4e43212a26b023309f482e84ffc8318a033caa602542087512196860e7568736
fgf2,d13f05150962b04f63045da638ebd2c967ce619f413d68bbf68122038383046e,masked_substitution,6d5bad1c232900e5a6075451c4c0ec593814ba54876bacecb438b195742046e6,primary_parent,dc9964414a1b09672b2c580113f4bf332112d1c030f0bb5885ef95136237ddc1,macrel_amp_probability,numeric,true,same_frozen_numeric_contract,maximize,probability,0.356,0.356,0.0,0.0,false,914f873aa5cff00e246928505831e1d339cf3b2fa3c02c7477521982c13c74ef
fgf2,d13f05150962b04f63045da638ebd2c967ce619f413d68bbf68122038383046e,masked_substitution,6d5bad1c232900e5a6075451c4c0ec593814ba54876bacecb438b195742046e6,primary_parent,dc9964414a1b09672b2c580113f4bf332112d1c030f0bb5885ef95136237ddc1,macrel_hemolysis_label,categorical,true,same_frozen_label_contract,audit,label,low,low,,,false,a4683019b77fe6ed180bb3c414631e832cff4867f087e27f04c60ffc9f583ad0
fgf2,d13f05150962b04f63045da638ebd2c967ce619f413d68bbf68122038383046e,masked_substitution,6d5bad1c232900e5a6075451c4c0ec593814ba54876bacecb438b195742046e6,primary_parent,dc9964414a1b09672b2c580113f4bf332112d1c030f0bb5885ef95136237ddc1,macrel_hemolysis_probability,numeric,true,same_frozen_numeric_contract,minimize,probability,0.436,0.446,0.010000000000000009,-0.010000000000000009,true,94316678a9ac7b2455ca336e77c7c32af9c89e01805d7a384dd32ac7ab019fa9
fgf2,d13f05150962b04f63045da638ebd2c967ce619f413d68bbf68122038383046e,masked_substitution,6d5bad1c232900e5a6075451c4c0ec593814ba54876bacecb438b195742046e6,primary_parent,dc9964414a1b09672b2c580113f4bf332112d1c030f0bb5885ef95136237ddc1,maximum_hydrophobic_run,numeric,true,same_frozen_numeric_contract,minimize,residues,1.0,1.0,0.0,-0.0,false,0a820b44a529a85865a3b88473741983bef109b109c030b240655a87500696b5
fgf2,d13f05150962b04f63045da638ebd2c967ce619f413d68bbf68122038383046e,masked_substitution,6d5bad1c232900e5a6075451c4c0ec593814ba54876bacecb438b195742046e6,primary_parent,dc9964414a1b09672b2c580113f4bf332112d1c030f0bb5885ef95136237ddc1,net_charge_ph7_4,numeric,false,audit_metric_has_no_monotonic_improvement_direction,audit,elementary_charge,6.066,6.064,-0.0019999999999997797,,true,e972f9a0ecaef28b427bd2f3536a1bd4f2d7be1c6e93660cc2e334d0b45d1086
fgf2,d13f05150962b04f63045da638ebd2c967ce619f413d68bbf68122038383046e,masked_substitution,6d5bad1c232900e5a6075451c4c0ec593814ba54876bacecb438b195742046e6,primary_parent,dc9964414a1b09672b2c580113f4bf332112d1c030f0bb5885ef95136237ddc1,toxinpred3_hybrid_score,numeric,true,same_frozen_numeric_contract,minimize,dimensionless,0.0,0.0,0.0,-0.0,false,5a59bc01e5673fd4da10f5a3e2c9058dce511945504f92ec86bb7b81cc9c853a
fgf2,d13f05150962b04f63045da638ebd2c967ce619f413d68bbf68122038383046e,masked_substitution,6d5bad1c232900e5a6075451c4c0ec593814ba54876bacecb438b195742046e6,primary_parent,dc9964414a1b09672b2c580113f4bf332112d1c030f0bb5885ef95136237ddc1,toxinpred3_label,categorical,true,same_frozen_label_contract,audit,label,Non-Toxin,Non-Toxin,,,false,5261f96e97b7be0dd24f4adbe7bf2a6e4a7d1bdd8df0bebcee2b7c98b39186e7
fgf2,72c6b0929bcf47d0640faa9d1c22bffed3de6265fae36bd30269bb9cade128ab,masked_substitution,01243295622a9f6db57d49b700716f07fb0e525bcc7d83054c7b78be4aed00c8,primary_parent,dc9964414a1b09672b2c580113f4bf332112d1c030f0bb5885ef95136237ddc1,amp_read_log10_mic_um,numeric,true,same_frozen_numeric_contract,minimize,log10(uM),2.5455829971143507,2.3896054957109163,-0.15597750140343436,0.15597750140343436,true,eec4bc02e7e61ee45c4996064524a94468a6ae31d71e4939a87d2c7345be277e
fgf2,72c6b0929bcf47d0640faa9d1c22bffed3de6265fae36bd30269bb9cade128ab,masked_substitution,01243295622a9f6db57d49b700716f07fb0e525bcc7d83054c7b78be4aed00c8,primary_parent,dc9964414a1b09672b2c580113f4bf332112d1c030f0bb5885ef95136237ddc1,guruprasad_instability_index,numeric,true,same_frozen_numeric_contract,minimize,index,5.695455,12.599999999999998,6.904544999999998,-6.904544999999998,true,25d1f2da7462a248ab2ef5de630e5fcd2436ff8b804bd18b587cb622e8ac083b
fgf2,72c6b0929bcf47d0640faa9d1c22bffed3de6265fae36bd30269bb9cade128ab,masked_substitution,01243295622a9f6db57d49b700716f07fb0e525bcc7d83054c7b78be4aed00c8,primary_parent,dc9964414a1b09672b2c580113f4bf332112d1c030f0bb5885ef95136237ddc1,hydrophobic_moment_eisenberg,numeric,false,audit_metric_has_no_monotonic_improvement_direction,audit,dimensionless,0.17898144767932164,0.11773337393792241,-0.061248073741399234,,true,397fc4087c837195242c83e6cba19fccdf1f300126c064e4f57c57a48a83c2e5
fgf2,72c6b0929bcf47d0640faa9d1c22bffed3de6265fae36bd30269bb9cade128ab,masked_substitution,01243295622a9f6db57d49b700716f07fb0e525bcc7d83054c7b78be4aed00c8,primary_parent,dc9964414a1b09672b2c580113f4bf332112d1c030f0bb5885ef95136237ddc1,hydrophobic_ratio_modlamp,numeric,false,audit_metric_has_no_monotonic_improvement_direction,audit,fraction,0.045454545454545456,0.09090909090909091,0.045454545454545456,,true,cc915ea950458976e95a54652d8b01b9d9825adefc9d66d7b636e03502c389c8
fgf2,72c6b0929bcf47d0640faa9d1c22bffed3de6265fae36bd30269bb9cade128ab,masked_substitution,01243295622a9f6db57d49b700716f07fb0e525bcc7d83054c7b78be4aed00c8,primary_parent,dc9964414a1b09672b2c580113f4bf332112d1c030f0bb5885ef95136237ddc1,llamp_log10_mic_um,numeric,true,same_frozen_numeric_contract,minimize,log10(uM),0.8619756698608398,0.8792092800140381,0.017233610153198242,-0.017233610153198242,true,30815f3776373a5e9d9928b491bb290c50a98cf3e44fd2ce725c964c85fa050b
fgf2,72c6b0929bcf47d0640faa9d1c22bffed3de6265fae36bd30269bb9cade128ab,masked_substitution,01243295622a9f6db57d49b700716f07fb0e525bcc7d83054c7b78be4aed00c8,primary_parent,dc9964414a1b09672b2c580113f4bf332112d1c030f0bb5885ef95136237ddc1,macrel_amp_probability,numeric,true,same_frozen_numeric_contract,maximize,probability,0.356,0.297,-0.059,-0.059,true,b952ab5b36127eb06acd0617f6c37bca32c4a7db78cb8adbfacf86efcd29aaa9
fgf2,72c6b0929bcf47d0640faa9d1c22bffed3de6265fae36bd30269bb9cade128ab,masked_substitution,01243295622a9f6db57d49b700716f07fb0e525bcc7d83054c7b78be4aed00c8,primary_parent,dc9964414a1b09672b2c580113f4bf332112d1c030f0bb5885ef95136237ddc1,macrel_hemolysis_label,categorical,true,same_frozen_label_contract,audit,label,low,low,,,false,5f1c5e253b45fcd3444d78471639852aebbf13ac2be34ab0188a2b84fa747286
fgf2,72c6b0929bcf47d0640faa9d1c22bffed3de6265fae36bd30269bb9cade128ab,masked_substitution,01243295622a9f6db57d49b700716f07fb0e525bcc7d83054c7b78be4aed00c8,primary_parent,dc9964414a1b09672b2c580113f4bf332112d1c030f0bb5885ef95136237ddc1,macrel_hemolysis_probability,numeric,true,same_frozen_numeric_contract,minimize,probability,0.436,0.446,0.010000000000000009,-0.010000000000000009,true,8a1ae2629cd2ed044bd92e1d4f338dfdd1e7a039657761352491b330e39bc4a9
fgf2,72c6b0929bcf47d0640faa9d1c22bffed3de6265fae36bd30269bb9cade128ab,masked_substitution,01243295622a9f6db57d49b700716f07fb0e525bcc7d83054c7b78be4aed00c8,primary_parent,dc9964414a1b09672b2c580113f4bf332112d1c030f0bb5885ef95136237ddc1,maximum_hydrophobic_run,numeric,true,same_frozen_numeric_contract,minimize,residues,1.0,2.0,1.0,-1.0,true,202a2ea73766807c6d8f7b64e826f36ff1ac7ead0a93103a78f95d52397e1af4
fgf2,72c6b0929bcf47d0640faa9d1c22bffed3de6265fae36bd30269bb9cade128ab,masked_substitution,01243295622a9f6db57d49b700716f07fb0e525bcc7d83054c7b78be4aed00c8,primary_parent,dc9964414a1b09672b2c580113f4bf332112d1c030f0bb5885ef95136237ddc1,net_charge_ph7_4,numeric,false,audit_metric_has_no_monotonic_improvement_direction,audit,elementary_charge,6.066,6.066,0.0,,false,41c2847c44e2053523c6e2b2122e1159e36a0d45c0665b14b46459adab430072
fgf2,72c6b0929bcf47d0640faa9d1c22bffed3de6265fae36bd30269bb9cade128ab,masked_substitution,01243295622a9f6db57d49b700716f07fb0e525bcc7d83054c7b78be4aed00c8,primary_parent,dc9964414a1b09672b2c580113f4bf332112d1c030f0bb5885ef95136237ddc1,toxinpred3_hybrid_score,numeric,true,same_frozen_numeric_contract,minimize,dimensionless,0.0,0.0,0.0,-0.0,false,1d5320e144a1b122d1656ce65c71c571d66dd8f88c46e158223cabd819cb5486
fgf2,72c6b0929bcf47d0640faa9d1c22bffed3de6265fae36bd30269bb9cade128ab,masked_substitution,01243295622a9f6db57d49b700716f07fb0e525bcc7d83054c7b78be4aed00c8,primary_parent,dc9964414a1b09672b2c580113f4bf332112d1c030f0bb5885ef95136237ddc1,toxinpred3_label,categorical,true,same_frozen_label_contract,audit,label,Non-Toxin,Non-Toxin,,,false,10dce954e92838935112dc0f6dd25557e6cd635787fa605f313eb2b05e047669
fgf2,561866bf36c66d505d89a46f0feb234ca994f1c0912d164a4c087fc294a9cd43,masked_substitution,27f0b82f8ee79dc18783cb681458c9a6b01991af69f9fa882918ef03ad0ba479,primary_parent,dc9964414a1b09672b2c580113f4bf332112d1c030f0bb5885ef95136237ddc1,amp_read_log10_mic_um,numeric,true,same_frozen_numeric_contract,minimize,log10(uM),2.5455829971143507,2.390155819109285,-0.15542717800506578,0.15542717800506578,true,12f401e25293d7bc980de1d353a45f2170a8a33a6f2f0184b8fd9cecfe5a54bb
fgf2,561866bf36c66d505d89a46f0feb234ca994f1c0912d164a4c087fc294a9cd43,masked_substitution,27f0b82f8ee79dc18783cb681458c9a6b01991af69f9fa882918ef03ad0ba479,primary_parent,dc9964414a1b09672b2c580113f4bf332112d1c030f0bb5885ef95136237ddc1,guruprasad_instability_index,numeric,true,same_frozen_numeric_contract,minimize,index,5.695455,11.304545454545453,5.609090454545453,-5.609090454545453,true,7867867a8e7ac50215be063ed1ae2b8f09847c72ab02935bcae3089844a79226
fgf2,561866bf36c66d505d89a46f0feb234ca994f1c0912d164a4c087fc294a9cd43,masked_substitution,27f0b82f8ee79dc18783cb681458c9a6b01991af69f9fa882918ef03ad0ba479,primary_parent,dc9964414a1b09672b2c580113f4bf332112d1c030f0bb5885ef95136237ddc1,hydrophobic_moment_eisenberg,numeric,false,audit_metric_has_no_monotonic_improvement_direction,audit,dimensionless,0.17898144767932164,0.08514279550450979,-0.09383865217481185,,true,ea3589f3150049f7ccc705ad9ecbc8129bcdba5ce4eec36f9f075d36c58c9806
fgf2,561866bf36c66d505d89a46f0feb234ca994f1c0912d164a4c087fc294a9cd43,masked_substitution,27f0b82f8ee79dc18783cb681458c9a6b01991af69f9fa882918ef03ad0ba479,primary_parent,dc9964414a1b09672b2c580113f4bf332112d1c030f0bb5885ef95136237ddc1,hydrophobic_ratio_modlamp,numeric,false,audit_metric_has_no_monotonic_improvement_direction,audit,fraction,0.045454545454545456,0.09090909090909091,0.045454545454545456,,true,f4805b8097e2fdbde7715e5adac2dbfb13f9e7f94771e7a933b43016748153c7
fgf2,561866bf36c66d505d89a46f0feb234ca994f1c0912d164a4c087fc294a9cd43,masked_substitution,27f0b82f8ee79dc18783cb681458c9a6b01991af69f9fa882918ef03ad0ba479,primary_parent,dc9964414a1b09672b2c580113f4bf332112d1c030f0bb5885ef95136237ddc1,llamp_log10_mic_um,numeric,true,same_frozen_numeric_contract,minimize,log10(uM),0.8619756698608398,0.9741438627243042,0.11216819286346436,-0.11216819286346436,true,65ed20365f46586d5cf0091f65e64794a89e2a4ca91c61359ba0090deca5160d
fgf2,561866bf36c66d505d89a46f0feb234ca994f1c0912d164a4c087fc294a9cd43,masked_substitution,27f0b82f8ee79dc18783cb681458c9a6b01991af69f9fa882918ef03ad0ba479,primary_parent,dc9964414a1b09672b2c580113f4bf332112d1c030f0bb5885ef95136237ddc1,macrel_amp_probability,numeric,true,same_frozen_numeric_contract,maximize,probability,0.356,0.307,-0.04899999999999999,-0.04899999999999999,true,5433590a0fe785b22ce3720c400d0c4287f060f621c5bb9e2bd1df26fa342836
fgf2,561866bf36c66d505d89a46f0feb234ca994f1c0912d164a4c087fc294a9cd43,masked_substitution,27f0b82f8ee79dc18783cb681458c9a6b01991af69f9fa882918ef03ad0ba479,primary_parent,dc9964414a1b09672b2c580113f4bf332112d1c030f0bb5885ef95136237ddc1,macrel_hemolysis_label,categorical,true,same_frozen_label_contract,audit,label,low,low,,,false,543c691055789ab7dab2299078ec443a50b14456f47d2da8ee35ca02bcb3a5d6
fgf2,561866bf36c66d505d89a46f0feb234ca994f1c0912d164a4c087fc294a9cd43,masked_substitution,27f0b82f8ee79dc18783cb681458c9a6b01991af69f9fa882918ef03ad0ba479,primary_parent,dc9964414a1b09672b2c580113f4bf332112d1c030f0bb5885ef95136237ddc1,macrel_hemolysis_probability,numeric,true,same_frozen_numeric_contract,minimize,probability,0.436,0.485,0.04899999999999999,-0.04899999999999999,true,cfd39150c0e230fb9c9c232cd0865a66efe645747a050b2e815e7bc6b5579be0
fgf2,561866bf36c66d505d89a46f0feb234ca994f1c0912d164a4c087fc294a9cd43,masked_substitution,27f0b82f8ee79dc18783cb681458c9a6b01991af69f9fa882918ef03ad0ba479,primary_parent,dc9964414a1b09672b2c580113f4bf332112d1c030f0bb5885ef95136237ddc1,maximum_hydrophobic_run,numeric,true,same_frozen_numeric_contract,minimize,residues,1.0,2.0,1.0,-1.0,true,39a17bd547de8a89ca2055d652357073acc5df0474392833f241c06e5f72f1e4
fgf2,561866bf36c66d505d89a46f0feb234ca994f1c0912d164a4c087fc294a9cd43,masked_substitution,27f0b82f8ee79dc18783cb681458c9a6b01991af69f9fa882918ef03ad0ba479,primary_parent,dc9964414a1b09672b2c580113f4bf332112d1c030f0bb5885ef95136237ddc1,net_charge_ph7_4,numeric,false,audit_metric_has_no_monotonic_improvement_direction,audit,elementary_charge,6.066,6.066,0.0,,false,023e121350a03f136635d6a6e4af6527e2c581f71ac083c20c06233124edc195
fgf2,561866bf36c66d505d89a46f0feb234ca994f1c0912d164a4c087fc294a9cd43,masked_substitution,27f0b82f8ee79dc18783cb681458c9a6b01991af69f9fa882918ef03ad0ba479,primary_parent,dc9964414a1b09672b2c580113f4bf332112d1c030f0bb5885ef95136237ddc1,toxinpred3_hybrid_score,numeric,true,same_frozen_numeric_contract,minimize,dimensionless,0.0,0.0,0.0,-0.0,false,c4a94129cd8906a8aa9ff0eabf1f5f6423738474f98d40af04b636d341846b9a
fgf2,561866bf36c66d505d89a46f0feb234ca994f1c0912d164a4c087fc294a9cd43,masked_substitution,27f0b82f8ee79dc18783cb681458c9a6b01991af69f9fa882918ef03ad0ba479,primary_parent,dc9964414a1b09672b2c580113f4bf332112d1c030f0bb5885ef95136237ddc1,toxinpred3_label,categorical,true,same_frozen_label_contract,audit,label,Non-Toxin,Non-Toxin,,,false,b41b0380c613302cb0f95346647d88bef604d8bb2296a36b8299b76e5aaf7cfd
fgf2,274382a031183e0d6dffe06617097029b25460b61c63eae4ea61ccaa58c55425,masked_substitution,a69193f4ab3787902bee39536920c50249af52c94c66a8b59a438821c5578ccb,primary_parent,dc9964414a1b09672b2c580113f4bf332112d1c030f0bb5885ef95136237ddc1,amp_read_log10_mic_um,numeric,true,same_frozen_numeric_contract,minimize,log10(uM),2.5455829971143507,2.3491159193070175,-0.1964670778073332,0.1964670778073332,true,fc326fa632c0c274ef9ab4dee97a9eb003d614843d59e6332705d80b7a28f911
fgf2,274382a031183e0d6dffe06617097029b25460b61c63eae4ea61ccaa58c55425,masked_substitution,a69193f4ab3787902bee39536920c50249af52c94c66a8b59a438821c5578ccb,primary_parent,dc9964414a1b09672b2c580113f4bf332112d1c030f0bb5885ef95136237ddc1,guruprasad_instability_index,numeric,true,same_frozen_numeric_contract,minimize,index,5.695455,5.695454545454544,-4.545454554971684e-07,4.545454554971684e-07,true,b8169d5a2d1e01a70ac188de664c96724668842055210d947daf36b2e1931bb6
fgf2,274382a031183e0d6dffe06617097029b25460b61c63eae4ea61ccaa58c55425,masked_substitution,a69193f4ab3787902bee39536920c50249af52c94c66a8b59a438821c5578ccb,primary_parent,dc9964414a1b09672b2c580113f4bf332112d1c030f0bb5885ef95136237ddc1,hydrophobic_moment_eisenberg,numeric,false,audit_metric_has_no_monotonic_improvement_direction,audit,dimensionless,0.17898144767932164,0.09744123795694834,-0.0815402097223733,,true,957fc15e72b84c961d4c367cf61135a60938b7ac99a5ed2fe0d85802fe1ebf84
fgf2,274382a031183e0d6dffe06617097029b25460b61c63eae4ea61ccaa58c55425,masked_substitution,a69193f4ab3787902bee39536920c50249af52c94c66a8b59a438821c5578ccb,primary_parent,dc9964414a1b09672b2c580113f4bf332112d1c030f0bb5885ef95136237ddc1,hydrophobic_ratio_modlamp,numeric,false,audit_metric_has_no_monotonic_improvement_direction,audit,fraction,0.045454545454545456,0.09090909090909091,0.045454545454545456,,true,bc81bb58a7ef00d965bf90d8780bfd7cdd800ca59a3a8232783c6eeb2b7a286c
fgf2,274382a031183e0d6dffe06617097029b25460b61c63eae4ea61ccaa58c55425,masked_substitution,a69193f4ab3787902bee39536920c50249af52c94c66a8b59a438821c5578ccb,primary_parent,dc9964414a1b09672b2c580113f4bf332112d1c030f0bb5885ef95136237ddc1,llamp_log10_mic_um,numeric,true,same_frozen_numeric_contract,minimize,log10(uM),0.8619756698608398,1.0334519147872925,0.17147624492645264,-0.17147624492645264,true,39b5ca484a4ed7d18d3ff4b957670355002fa012ea8e32efb2de82bd02392e42
fgf2,274382a031183e0d6dffe06617097029b25460b61c63eae4ea61ccaa58c55425,masked_substitution,a69193f4ab3787902bee39536920c50249af52c94c66a8b59a438821c5578ccb,primary_parent,dc9964414a1b09672b2c580113f4bf332112d1c030f0bb5885ef95136237ddc1,macrel_amp_probability,numeric,true,same_frozen_numeric_contract,maximize,probability,0.356,0.317,-0.03899999999999998,-0.03899999999999998,true,75bc7fe908e2d4ed58a381dca8ebc7ec8ba1f86b797f3ea6206a00dfb527f7e3
fgf2,274382a031183e0d6dffe06617097029b25460b61c63eae4ea61ccaa58c55425,masked_substitution,a69193f4ab3787902bee39536920c50249af52c94c66a8b59a438821c5578ccb,primary_parent,dc9964414a1b09672b2c580113f4bf332112d1c030f0bb5885ef95136237ddc1,macrel_hemolysis_label,categorical,true,same_frozen_label_contract,audit,label,low,low,,,false,5cebf328a555d040df4d4b28c98a520e0b24aafd1ec1a5d5221f245698903d52
fgf2,274382a031183e0d6dffe06617097029b25460b61c63eae4ea61ccaa58c55425,masked_substitution,a69193f4ab3787902bee39536920c50249af52c94c66a8b59a438821c5578ccb,primary_parent,dc9964414a1b09672b2c580113f4bf332112d1c030f0bb5885ef95136237ddc1,macrel_hemolysis_probability,numeric,true,same_frozen_numeric_contract,minimize,probability,0.436,0.495,0.059,-0.059,true,3579cb9c6ba0c845be6346a47a4c805fdfd15ff5c39a1b90c589093b0af0f37f
fgf2,274382a031183e0d6dffe06617097029b25460b61c63eae4ea61ccaa58c55425,masked_substitution,a69193f4ab3787902bee39536920c50249af52c94c66a8b59a438821c5578ccb,primary_parent,dc9964414a1b09672b2c580113f4bf332112d1c030f0bb5885ef95136237ddc1,maximum_hydrophobic_run,numeric,true,same_frozen_numeric_contract,minimize,residues,1.0,2.0,1.0,-1.0,true,5f3d9eeae439d4f7c6403147576d13857b437f4b4ead3144c66a7af219c92c7f
fgf2,274382a031183e0d6dffe06617097029b25460b61c63eae4ea61ccaa58c55425,masked_substitution,a69193f4ab3787902bee39536920c50249af52c94c66a8b59a438821c5578ccb,primary_parent,dc9964414a1b09672b2c580113f4bf332112d1c030f0bb5885ef95136237ddc1,net_charge_ph7_4,numeric,false,audit_metric_has_no_monotonic_improvement_direction,audit,elementary_charge,6.066,6.066,0.0,,false,14a26e95993c4551008ec2cf1d21a92093a7a57adbccaf0703fba82ad6bc9e63
fgf2,274382a031183e0d6dffe06617097029b25460b61c63eae4ea61ccaa58c55425,masked_substitution,a69193f4ab3787902bee39536920c50249af52c94c66a8b59a438821c5578ccb,primary_parent,dc9964414a1b09672b2c580113f4bf332112d1c030f0bb5885ef95136237ddc1,toxinpred3_hybrid_score,numeric,true,same_frozen_numeric_contract,minimize,dimensionless,0.0,0.0,0.0,-0.0,false,a2548a31ff2c34a7bdeb26a0bba6834a8ea7e60db3d3904678a51f085f1fbd33
fgf2,274382a031183e0d6dffe06617097029b25460b61c63eae4ea61ccaa58c55425,masked_substitution,a69193f4ab3787902bee39536920c50249af52c94c66a8b59a438821c5578ccb,primary_parent,dc9964414a1b09672b2c580113f4bf332112d1c030f0bb5885ef95136237ddc1,toxinpred3_label,categorical,true,same_frozen_label_contract,audit,label,Non-Toxin,Non-Toxin,,,false,618bb89da46f7a6fa3bed9b3dcb4f5a2fe532e28d520aaad884811e0783bf6a9
fgf2,2ef0d1c169d49197c97b4fe14bd7dcb9c7714846d5d004f3998bf6c7ef590f60,masked_substitution,e5cd00905333ee13ab2d852429e4c74f16cac43c178103376174b04b391da66a,primary_parent,dc9964414a1b09672b2c580113f4bf332112d1c030f0bb5885ef95136237ddc1,amp_read_log10_mic_um,numeric,true,same_frozen_numeric_contract,minimize,log10(uM),2.5455829971143507,2.3828803484530376,-0.162702648661313,0.162702648661313,true,3d17711db1eee3d7268c9962759ed03a1504b5057c5e22cf9a797c5bc38501f2
fgf2,2ef0d1c169d49197c97b4fe14bd7dcb9c7714846d5d004f3998bf6c7ef590f60,masked_substitution,e5cd00905333ee13ab2d852429e4c74f16cac43c178103376174b04b391da66a,primary_parent,dc9964414a1b09672b2c580113f4bf332112d1c030f0bb5885ef95136237ddc1,guruprasad_instability_index,numeric,true,same_frozen_numeric_contract,minimize,index,5.695455,5.695454545454544,-4.545454554971684e-07,4.545454554971684e-07,true,e3e5dca8be39e00050d6a893f0caee1686fe50428f33b248d51217bc34044ebe
fgf2,2ef0d1c169d49197c97b4fe14bd7dcb9c7714846d5d004f3998bf6c7ef590f60,masked_substitution,e5cd00905333ee13ab2d852429e4c74f16cac43c178103376174b04b391da66a,primary_parent,dc9964414a1b09672b2c580113f4bf332112d1c030f0bb5885ef95136237ddc1,hydrophobic_moment_eisenberg,numeric,false,audit_metric_has_no_monotonic_improvement_direction,audit,dimensionless,0.17898144767932164,0.09744123795694834,-0.0815402097223733,,true,3b122533c9f78e3c95406be8a1e8be3a7a3105a38ec56cf6790141f6f51886c1
fgf2,2ef0d1c169d49197c97b4fe14bd7dcb9c7714846d5d004f3998bf6c7ef590f60,masked_substitution,e5cd00905333ee13ab2d852429e4c74f16cac43c178103376174b04b391da66a,primary_parent,dc9964414a1b09672b2c580113f4bf332112d1c030f0bb5885ef95136237ddc1,hydrophobic_ratio_modlamp,numeric,false,audit_metric_has_no_monotonic_improvement_direction,audit,fraction,0.045454545454545456,0.09090909090909091,0.045454545454545456,,true,387c08a0682cebf903823f69f03843f400fca602b9ab6e135c29934e9ec9d3bf
fgf2,2ef0d1c169d49197c97b4fe14bd7dcb9c7714846d5d004f3998bf6c7ef590f60,masked_substitution,e5cd00905333ee13ab2d852429e4c74f16cac43c178103376174b04b391da66a,primary_parent,dc9964414a1b09672b2c580113f4bf332112d1c030f0bb5885ef95136237ddc1,llamp_log10_mic_um,numeric,true,same_frozen_numeric_contract,minimize,log10(uM),0.8619756698608398,1.0221703052520752,0.16019463539123535,-0.16019463539123535,true,78a503ba594e89827cc9257b162c3a5c0fecf5aac86a4fd699afd4b1d73c130b
fgf2,2ef0d1c169d49197c97b4fe14bd7dcb9c7714846d5d004f3998bf6c7ef590f60,masked_substitution,e5cd00905333ee13ab2d852429e4c74f16cac43c178103376174b04b391da66a,primary_parent,dc9964414a1b09672b2c580113f4bf332112d1c030f0bb5885ef95136237ddc1,macrel_amp_probability,numeric,true,same_frozen_numeric_contract,maximize,probability,0.356,0.297,-0.059,-0.059,true,4039bad41f5cde22faf47a1267c7dccf1a89ec007a1dc7222e02b829ec41f3e1
fgf2,2ef0d1c169d49197c97b4fe14bd7dcb9c7714846d5d004f3998bf6c7ef590f60,masked_substitution,e5cd00905333ee13ab2d852429e4c74f16cac43c178103376174b04b391da66a,primary_parent,dc9964414a1b09672b2c580113f4bf332112d1c030f0bb5885ef95136237ddc1,macrel_hemolysis_label,categorical,true,same_frozen_label_contract,audit,label,low,low,,,false,ba687272f76ad3de7f315b61b6cbf87b00ee216f5fad7fce789f71f43a5f9144
fgf2,2ef0d1c169d49197c97b4fe14bd7dcb9c7714846d5d004f3998bf6c7ef590f60,masked_substitution,e5cd00905333ee13ab2d852429e4c74f16cac43c178103376174b04b391da66a,primary_parent,dc9964414a1b09672b2c580113f4bf332112d1c030f0bb5885ef95136237ddc1,macrel_hemolysis_probability,numeric,true,same_frozen_numeric_contract,minimize,probability,0.436,0.446,0.010000000000000009,-0.010000000000000009,true,f3f3044cde777902b3e5174e307eeda548da78b7cca52207ebbd0b9c6174b9b9
fgf2,2ef0d1c169d49197c97b4fe14bd7dcb9c7714846d5d004f3998bf6c7ef590f60,masked_substitution,e5cd00905333ee13ab2d852429e4c74f16cac43c178103376174b04b391da66a,primary_parent,dc9964414a1b09672b2c580113f4bf332112d1c030f0bb5885ef95136237ddc1,maximum_hydrophobic_run,numeric,true,same_frozen_numeric_contract,minimize,residues,1.0,2.0,1.0,-1.0,true,f210735b0ee215918e5eebed594cbb6828ac0641b31e37bcd8c100226a85e28a
fgf2,2ef0d1c169d49197c97b4fe14bd7dcb9c7714846d5d004f3998bf6c7ef590f60,masked_substitution,e5cd00905333ee13ab2d852429e4c74f16cac43c178103376174b04b391da66a,primary_parent,dc9964414a1b09672b2c580113f4bf332112d1c030f0bb5885ef95136237ddc1,net_charge_ph7_4,numeric,false,audit_metric_has_no_monotonic_improvement_direction,audit,elementary_charge,6.066,6.066,0.0,,false,a741dfbe1f49472e24bf70f4e10194bab2ebe88df34a68fe599014141f5f518e
fgf2,2ef0d1c169d49197c97b4fe14bd7dcb9c7714846d5d004f3998bf6c7ef590f60,masked_substitution,e5cd00905333ee13ab2d852429e4c74f16cac43c178103376174b04b391da66a,primary_parent,dc9964414a1b09672b2c580113f4bf332112d1c030f0bb5885ef95136237ddc1,toxinpred3_hybrid_score,numeric,true,same_frozen_numeric_contract,minimize,dimensionless,0.0,0.0,0.0,-0.0,false,1244908dfc539409e3d073c9763b8c1427daf816b09f91ff5080c694e0da99ae
fgf2,2ef0d1c169d49197c97b4fe14bd7dcb9c7714846d5d004f3998bf6c7ef590f60,masked_substitution,e5cd00905333ee13ab2d852429e4c74f16cac43c178103376174b04b391da66a,primary_parent,dc9964414a1b09672b2c580113f4bf332112d1c030f0bb5885ef95136237ddc1,toxinpred3_label,categorical,true,same_frozen_label_contract,audit,label,Non-Toxin,Non-Toxin,,,false,7106aacebba1cff88dc1c478425c15392b2cc1dad329bf2fdad58ca092677754
fgf2,22849754d82b0e6cb525b0ae7254ef51cffe29df44c7f3bcfb6572345752aed1,masked_substitution,3cb6cf1cd8e6f3bcdaebde0a39dbab16392479ae411b51a11434aac12f04fd18,primary_parent,dc9964414a1b09672b2c580113f4bf332112d1c030f0bb5885ef95136237ddc1,amp_read_log10_mic_um,numeric,true,same_frozen_numeric_contract,minimize,log10(uM),2.5455829971143507,2.280944950596416,-0.26463804651793454,0.26463804651793454,true,fcc7db4811e5134ab98d9887608353b6d254593cacf1dd615289c1f950ad921f
fgf2,22849754d82b0e6cb525b0ae7254ef51cffe29df44c7f3bcfb6572345752aed1,masked_substitution,3cb6cf1cd8e6f3bcdaebde0a39dbab16392479ae411b51a11434aac12f04fd18,primary_parent,dc9964414a1b09672b2c580113f4bf332112d1c030f0bb5885ef95136237ddc1,guruprasad_instability_index,numeric,true,same_frozen_numeric_contract,minimize,index,5.695455,5.695454545454544,-4.545454554971684e-07,4.545454554971684e-07,true,00e714f09b3309d80efaabcf0742d8441e4b7dbb358c927f2a7961d5ad07097c
fgf2,22849754d82b0e6cb525b0ae7254ef51cffe29df44c7f3bcfb6572345752aed1,masked_substitution,3cb6cf1cd8e6f3bcdaebde0a39dbab16392479ae411b51a11434aac12f04fd18,primary_parent,dc9964414a1b09672b2c580113f4bf332112d1c030f0bb5885ef95136237ddc1,hydrophobic_moment_eisenberg,numeric,false,audit_metric_has_no_monotonic_improvement_direction,audit,dimensionless,0.17898144767932164,0.09330044371695001,-0.08568100396237163,,true,b60767ce75e5a58688e370f15048671f19f361ff93ddfed6413d2fa795bd405c
fgf2,22849754d82b0e6cb525b0ae7254ef51cffe29df44c7f3bcfb6572345752aed1,masked_substitution,3cb6cf1cd8e6f3bcdaebde0a39dbab16392479ae411b51a11434aac12f04fd18,primary_parent,dc9964414a1b09672b2c580113f4bf332112d1c030f0bb5885ef95136237ddc1,hydrophobic_ratio_modlamp,numeric,false,audit_metric_has_no_monotonic_improvement_direction,audit,fraction,0.045454545454545456,0.09090909090909091,0.045454545454545456,,true,0e0e155b7566b37ea79af66f5e3583354052af6f9d4fa11efbc0cd44018a0afb
fgf2,22849754d82b0e6cb525b0ae7254ef51cffe29df44c7f3bcfb6572345752aed1,masked_substitution,3cb6cf1cd8e6f3bcdaebde0a39dbab16392479ae411b51a11434aac12f04fd18,primary_parent,dc9964414a1b09672b2c580113f4bf332112d1c030f0bb5885ef95136237ddc1,llamp_log10_mic_um,numeric,true,same_frozen_numeric_contract,minimize,log10(uM),0.8619756698608398,0.9894533157348633,0.12747764587402344,-0.12747764587402344,true,e6962e484ba3c68e647b6ec4cdb0237bc69327f7a7c3aa4b3ce879596ae0ab43
fgf2,22849754d82b0e6cb525b0ae7254ef51cffe29df44c7f3bcfb6572345752aed1,masked_substitution,3cb6cf1cd8e6f3bcdaebde0a39dbab16392479ae411b51a11434aac12f04fd18,primary_parent,dc9964414a1b09672b2c580113f4bf332112d1c030f0bb5885ef95136237ddc1,macrel_amp_probability,numeric,true,same_frozen_numeric_contract,maximize,probability,0.356,0.426,0.07,0.07,true,5713cc626462c9c42599b8ef9c5986013718cd4a1b1f21ba06815e55e0511a1e
fgf2,22849754d82b0e6cb525b0ae7254ef51cffe29df44c7f3bcfb6572345752aed1,masked_substitution,3cb6cf1cd8e6f3bcdaebde0a39dbab16392479ae411b51a11434aac12f04fd18,primary_parent,dc9964414a1b09672b2c580113f4bf332112d1c030f0bb5885ef95136237ddc1,macrel_hemolysis_label,categorical,true,same_frozen_label_contract,audit,label,low,low,,,false,c04c80ca02950f7f8ef6ff10b51500550d5cb4a3c78d0268cf419a09138dc603
fgf2,22849754d82b0e6cb525b0ae7254ef51cffe29df44c7f3bcfb6572345752aed1,masked_substitution,3cb6cf1cd8e6f3bcdaebde0a39dbab16392479ae411b51a11434aac12f04fd18,primary_parent,dc9964414a1b09672b2c580113f4bf332112d1c030f0bb5885ef95136237ddc1,macrel_hemolysis_probability,numeric,true,same_frozen_numeric_contract,minimize,probability,0.436,0.495,0.059,-0.059,true,0f2fa08433e6960eb7ffae6061522a55dbc189054bbcd27b83344b233509f731
fgf2,22849754d82b0e6cb525b0ae7254ef51cffe29df44c7f3bcfb6572345752aed1,masked_substitution,3cb6cf1cd8e6f3bcdaebde0a39dbab16392479ae411b51a11434aac12f04fd18,primary_parent,dc9964414a1b09672b2c580113f4bf332112d1c030f0bb5885ef95136237ddc1,maximum_hydrophobic_run,numeric,true,same_frozen_numeric_contract,minimize,residues,1.0,2.0,1.0,-1.0,true,9238a6c85ea50730d23c8d4486626fba83fa41e8599743786bd56d4cf7c08a7f
fgf2,22849754d82b0e6cb525b0ae7254ef51cffe29df44c7f3bcfb6572345752aed1,masked_substitution,3cb6cf1cd8e6f3bcdaebde0a39dbab16392479ae411b51a11434aac12f04fd18,primary_parent,dc9964414a1b09672b2c580113f4bf332112d1c030f0bb5885ef95136237ddc1,net_charge_ph7_4,numeric,false,audit_metric_has_no_monotonic_improvement_direction,audit,elementary_charge,6.066,6.066,0.0,,false,f73a6299ca1ff109c2e796dfb37678800857a68eed5dbeb27b89b1a005f64512
fgf2,22849754d82b0e6cb525b0ae7254ef51cffe29df44c7f3bcfb6572345752aed1,masked_substitution,3cb6cf1cd8e6f3bcdaebde0a39dbab16392479ae411b51a11434aac12f04fd18,primary_parent,dc9964414a1b09672b2c580113f4bf332112d1c030f0bb5885ef95136237ddc1,toxinpred3_hybrid_score,numeric,true,same_frozen_numeric_contract,minimize,dimensionless,0.0,0.0,0.0,-0.0,false,c6e54d9049a29cb540e34331351b4cba4f8fd950acac8947d12e39eb21c1104e
fgf2,22849754d82b0e6cb525b0ae7254ef51cffe29df44c7f3bcfb6572345752aed1,masked_substitution,3cb6cf1cd8e6f3bcdaebde0a39dbab16392479ae411b51a11434aac12f04fd18,primary_parent,dc9964414a1b09672b2c580113f4bf332112d1c030f0bb5885ef95136237ddc1,toxinpred3_label,categorical,true,same_frozen_label_contract,audit,label,Non-Toxin,Non-Toxin,,,false,a28acd2c04ebfe91b328657ea2258a1248b9faabd9f6ca7d052501f6b8fd175b
fgf2,183ae8584b0740d986d22e46e6104e52b92dda023af840a7a6f3b8a53b89c2d5,masked_substitution,c9234f1f140fe34285b3555d8dcc890a8b1f41695c880f8e02abc0e3653704ee,primary_parent,dc9964414a1b09672b2c580113f4bf332112d1c030f0bb5885ef95136237ddc1,amp_read_log10_mic_um,numeric,true,same_frozen_numeric_contract,minimize,log10(uM),2.5455829971143507,2.2795485976113823,-0.26603439950296837,0.26603439950296837,true,022f1a696f6c6dfef1e67477530ebaad4c12e26e52aaad21466ca8fbe2084f4d
fgf2,183ae8584b0740d986d22e46e6104e52b92dda023af840a7a6f3b8a53b89c2d5,masked_substitution,c9234f1f140fe34285b3555d8dcc890a8b1f41695c880f8e02abc0e3653704ee,primary_parent,dc9964414a1b09672b2c580113f4bf332112d1c030f0bb5885ef95136237ddc1,guruprasad_instability_index,numeric,true,same_frozen_numeric_contract,minimize,index,5.695455,11.745454545454544,6.049999545454544,-6.049999545454544,true,e9fef6e20a4e49bd17f4f98093c49fce7c5d84cc8b995f30b2a531d58c1c8e0a
fgf2,183ae8584b0740d986d22e46e6104e52b92dda023af840a7a6f3b8a53b89c2d5,masked_substitution,c9234f1f140fe34285b3555d8dcc890a8b1f41695c880f8e02abc0e3653704ee,primary_parent,dc9964414a1b09672b2c580113f4bf332112d1c030f0bb5885ef95136237ddc1,hydrophobic_moment_eisenberg,numeric,false,audit_metric_has_no_monotonic_improvement_direction,audit,dimensionless,0.17898144767932164,0.10963100157009138,-0.06935044610923026,,true,51d237d7966ed1503733815ac994c2183679baf228a8d4ac83bed250c294864c
fgf2,183ae8584b0740d986d22e46e6104e52b92dda023af840a7a6f3b8a53b89c2d5,masked_substitution,c9234f1f140fe34285b3555d8dcc890a8b1f41695c880f8e02abc0e3653704ee,primary_parent,dc9964414a1b09672b2c580113f4bf332112d1c030f0bb5885ef95136237ddc1,hydrophobic_ratio_modlamp,numeric,false,audit_metric_has_no_monotonic_improvement_direction,audit,fraction,0.045454545454545456,0.045454545454545456,0.0,,false,f95011b1edd716470686a07ef6815798381ba0984c25ecbd8b983939d328745a
fgf2,183ae8584b0740d986d22e46e6104e52b92dda023af840a7a6f3b8a53b89c2d5,masked_substitution,c9234f1f140fe34285b3555d8dcc890a8b1f41695c880f8e02abc0e3653704ee,primary_parent,dc9964414a1b09672b2c580113f4bf332112d1c030f0bb5885ef95136237ddc1,llamp_log10_mic_um,numeric,true,same_frozen_numeric_contract,minimize,log10(uM),0.8619756698608398,1.0343213081359863,0.17234563827514648,-0.17234563827514648,true,706f4ac21bb8bf6294477761ef5830e482e40a534e9ddeeac3640f7d1d04104d
fgf2,183ae8584b0740d986d22e46e6104e52b92dda023af840a7a6f3b8a53b89c2d5,masked_substitution,c9234f1f140fe34285b3555d8dcc890a8b1f41695c880f8e02abc0e3653704ee,primary_parent,dc9964414a1b09672b2c580113f4bf332112d1c030f0bb5885ef95136237ddc1,macrel_amp_probability,numeric,true,same_frozen_numeric_contract,maximize,probability,0.356,0.416,0.06,0.06,true,2bdfe3319b29c37672a7c228727894324368ef550483e8d74e61dbef249de56f
fgf2,183ae8584b0740d986d22e46e6104e52b92dda023af840a7a6f3b8a53b89c2d5,masked_substitution,c9234f1f140fe34285b3555d8dcc890a8b1f41695c880f8e02abc0e3653704ee,primary_parent,dc9964414a1b09672b2c580113f4bf332112d1c030f0bb5885ef95136237ddc1,macrel_hemolysis_label,categorical,true,same_frozen_label_contract,audit,label,low,low,,,false,f352e538ba80e682ec6b7cb2bcbba22b5e352854c492e71d2eb5c1d192a40963
fgf2,183ae8584b0740d986d22e46e6104e52b92dda023af840a7a6f3b8a53b89c2d5,masked_substitution,c9234f1f140fe34285b3555d8dcc890a8b1f41695c880f8e02abc0e3653704ee,primary_parent,dc9964414a1b09672b2c580113f4bf332112d1c030f0bb5885ef95136237ddc1,macrel_hemolysis_probability,numeric,true,same_frozen_numeric_contract,minimize,probability,0.436,0.495,0.059,-0.059,true,0c772e3fd7a092a8af966228043132baae86be0c13d691ff854ccb0d00ed9512
fgf2,183ae8584b0740d986d22e46e6104e52b92dda023af840a7a6f3b8a53b89c2d5,masked_substitution,c9234f1f140fe34285b3555d8dcc890a8b1f41695c880f8e02abc0e3653704ee,primary_parent,dc9964414a1b09672b2c580113f4bf332112d1c030f0bb5885ef95136237ddc1,maximum_hydrophobic_run,numeric,true,same_frozen_numeric_contract,minimize,residues,1.0,2.0,1.0,-1.0,true,91aca2fb4a178c8ac496be02f7226667c8fca1a361eb7a6c98fde87bad916ed8
fgf2,183ae8584b0740d986d22e46e6104e52b92dda023af840a7a6f3b8a53b89c2d5,masked_substitution,c9234f1f140fe34285b3555d8dcc890a8b1f41695c880f8e02abc0e3653704ee,primary_parent,dc9964414a1b09672b2c580113f4bf332112d1c030f0bb5885ef95136237ddc1,net_charge_ph7_4,numeric,false,audit_metric_has_no_monotonic_improvement_direction,audit,elementary_charge,6.066,6.066,0.0,,false,f364c8a06fb5d87c66ace4f9beb7fc14419d1831498a85bdef5aeacfea713ab2
fgf2,183ae8584b0740d986d22e46e6104e52b92dda023af840a7a6f3b8a53b89c2d5,masked_substitution,c9234f1f140fe34285b3555d8dcc890a8b1f41695c880f8e02abc0e3653704ee,primary_parent,dc9964414a1b09672b2c580113f4bf332112d1c030f0bb5885ef95136237ddc1,toxinpred3_hybrid_score,numeric,true,same_frozen_numeric_contract,minimize,dimensionless,0.0,0.0,0.0,-0.0,false,a79c25c89e9d5e5d426b6d7db82faa40ec6a0181023a26a65cf5c567f1239969
fgf2,183ae8584b0740d986d22e46e6104e52b92dda023af840a7a6f3b8a53b89c2d5,masked_substitution,c9234f1f140fe34285b3555d8dcc890a8b1f41695c880f8e02abc0e3653704ee,primary_parent,dc9964414a1b09672b2c580113f4bf332112d1c030f0bb5885ef95136237ddc1,toxinpred3_label,categorical,true,same_frozen_label_contract,audit,label,Non-Toxin,Non-Toxin,,,false,9a9438d76d9492231b0d4c060f988888065571756325d61f1441f23ad7843289
fgf2,5fede16d8e61bb14fee747165285b78fee5b33476c8cba4d20d6408432a52859,masked_substitution,42ff3c9fe5512267653a4f50cdbe1a3911fed72dac11b3e175e9fe78b2f5a826,primary_parent,dc9964414a1b09672b2c580113f4bf332112d1c030f0bb5885ef95136237ddc1,amp_read_log10_mic_um,numeric,true,same_frozen_numeric_contract,minimize,log10(uM),2.5455829971143507,2.25396603818588,-0.2916169589284707,0.2916169589284707,true,58750ea494c887b8be912f8e12ab7fb072ebbc3795927411ba2d4e57cefb560c
fgf2,5fede16d8e61bb14fee747165285b78fee5b33476c8cba4d20d6408432a52859,masked_substitution,42ff3c9fe5512267653a4f50cdbe1a3911fed72dac11b3e175e9fe78b2f5a826,primary_parent,dc9964414a1b09672b2c580113f4bf332112d1c030f0bb5885ef95136237ddc1,guruprasad_instability_index,numeric,true,same_frozen_numeric_contract,minimize,index,5.695455,16.91363636363636,11.218181363636361,-11.218181363636361,true,602607f758dcce451c13254822352a5aaa008a901cbcdfbcd819beb88541eed2
fgf2,5fede16d8e61bb14fee747165285b78fee5b33476c8cba4d20d6408432a52859,masked_substitution,42ff3c9fe5512267653a4f50cdbe1a3911fed72dac11b3e175e9fe78b2f5a826,primary_parent,dc9964414a1b09672b2c580113f4bf332112d1c030f0bb5885ef95136237ddc1,hydrophobic_moment_eisenberg,numeric,false,audit_metric_has_no_monotonic_improvement_direction,audit,dimensionless,0.17898144767932164,0.13326929537745916,-0.045712152301862485,,true,2b4ab3ccc4b2cd60341b61ebadb0a0f5245d87514c98b6fcc909474b44f0615f
fgf2,5fede16d8e61bb14fee747165285b78fee5b33476c8cba4d20d6408432a52859,masked_substitution,42ff3c9fe5512267653a4f50cdbe1a3911fed72dac11b3e175e9fe78b2f5a826,primary_parent,dc9964414a1b09672b2c580113f4bf332112d1c030f0bb5885ef95136237ddc1,hydrophobic_ratio_modlamp,numeric,false,audit_metric_has_no_monotonic_improvement_direction,audit,fraction,0.045454545454545456,0.045454545454545456,0.0,,false,38a78b295f006b79ccc602bc12da0144e515cfce5a3dd25d132e275d2ef71fdd
fgf2,5fede16d8e61bb14fee747165285b78fee5b33476c8cba4d20d6408432a52859,masked_substitution,42ff3c9fe5512267653a4f50cdbe1a3911fed72dac11b3e175e9fe78b2f5a826,primary_parent,dc9964414a1b09672b2c580113f4bf332112d1c030f0bb5885ef95136237ddc1,llamp_log10_mic_um,numeric,true,same_frozen_numeric_contract,minimize,log10(uM),0.8619756698608398,1.000704050064087,0.13872838020324707,-0.13872838020324707,true,2475563d2378121660ba4c78ed1bd34cfd9839e7d974378499b12b5a17d68e5a
fgf2,5fede16d8e61bb14fee747165285b78fee5b33476c8cba4d20d6408432a52859,masked_substitution,42ff3c9fe5512267653a4f50cdbe1a3911fed72dac11b3e175e9fe78b2f5a826,primary_parent,dc9964414a1b09672b2c580113f4bf332112d1c030f0bb5885ef95136237ddc1,macrel_amp_probability,numeric,true,same_frozen_numeric_contract,maximize,probability,0.356,0.416,0.06,0.06,true,98341d6693c9a418512253f1835cea4c20b7df3ef074305cfd5b38a8ce892744
fgf2,5fede16d8e61bb14fee747165285b78fee5b33476c8cba4d20d6408432a52859,masked_substitution,42ff3c9fe5512267653a4f50cdbe1a3911fed72dac11b3e175e9fe78b2f5a826,primary_parent,dc9964414a1b09672b2c580113f4bf332112d1c030f0bb5885ef95136237ddc1,macrel_hemolysis_label,categorical,true,same_frozen_label_contract,audit,label,low,low,,,false,0a043dc1ee18621dccb41ed3f67762de15a61371306133a601b1888e4f722f00
fgf2,5fede16d8e61bb14fee747165285b78fee5b33476c8cba4d20d6408432a52859,masked_substitution,42ff3c9fe5512267653a4f50cdbe1a3911fed72dac11b3e175e9fe78b2f5a826,primary_parent,dc9964414a1b09672b2c580113f4bf332112d1c030f0bb5885ef95136237ddc1,macrel_hemolysis_probability,numeric,true,same_frozen_numeric_contract,minimize,probability,0.436,0.475,0.03899999999999998,-0.03899999999999998,true,ed7c5c5af63880f26777613cc70748d2586eab83550293900d3b546bd79d7a63
fgf2,5fede16d8e61bb14fee747165285b78fee5b33476c8cba4d20d6408432a52859,masked_substitution,42ff3c9fe5512267653a4f50cdbe1a3911fed72dac11b3e175e9fe78b2f5a826,primary_parent,dc9964414a1b09672b2c580113f4bf332112d1c030f0bb5885ef95136237ddc1,maximum_hydrophobic_run,numeric,true,same_frozen_numeric_contract,minimize,residues,1.0,2.0,1.0,-1.0,true,e5267085fa0cb9b75bba5de70f8560df16d56f93d228352fa75c063406deab84
fgf2,5fede16d8e61bb14fee747165285b78fee5b33476c8cba4d20d6408432a52859,masked_substitution,42ff3c9fe5512267653a4f50cdbe1a3911fed72dac11b3e175e9fe78b2f5a826,primary_parent,dc9964414a1b09672b2c580113f4bf332112d1c030f0bb5885ef95136237ddc1,net_charge_ph7_4,numeric,false,audit_metric_has_no_monotonic_improvement_direction,audit,elementary_charge,6.066,6.064,-0.0019999999999997797,,true,404fbcab68dee9c4115e7262bf960910def8acf246d5c84f3efab9602e98480f
fgf2,5fede16d8e61bb14fee747165285b78fee5b33476c8cba4d20d6408432a52859,masked_substitution,42ff3c9fe5512267653a4f50cdbe1a3911fed72dac11b3e175e9fe78b2f5a826,primary_parent,dc9964414a1b09672b2c580113f4bf332112d1c030f0bb5885ef95136237ddc1,toxinpred3_hybrid_score,numeric,true,same_frozen_numeric_contract,minimize,dimensionless,0.0,0.0,0.0,-0.0,false,179fdcb022cf5ae42ccbb453a780fbf876bb795f3e34d28dbc44633cdb7359a9
fgf2,5fede16d8e61bb14fee747165285b78fee5b33476c8cba4d20d6408432a52859,masked_substitution,42ff3c9fe5512267653a4f50cdbe1a3911fed72dac11b3e175e9fe78b2f5a826,primary_parent,dc9964414a1b09672b2c580113f4bf332112d1c030f0bb5885ef95136237ddc1,toxinpred3_label,categorical,true,same_frozen_label_contract,audit,label,Non-Toxin,Non-Toxin,,,false,cf084fe59fa89dab91b1984370272faa1d353bebe1eaf57edc348ba19b943256
fgf2,b20ce349ffd43b150c5bef47c35b02460bce6fbda462da03787197f870807c0f,masked_substitution,aa22b66bbf435a102be11c9faddc084d73035343a43165e90c40a93d9a7a0620,primary_parent,dc9964414a1b09672b2c580113f4bf332112d1c030f0bb5885ef95136237ddc1,amp_read_log10_mic_um,numeric,true,same_frozen_numeric_contract,minimize,log10(uM),2.5455829971143507,2.481508446344216,-0.06407455077013458,0.06407455077013458,true,14c40b862c970992df98ef9ed6b9f7a810d043c22a2ed79cad3a721e48178788
fgf2,b20ce349ffd43b150c5bef47c35b02460bce6fbda462da03787197f870807c0f,masked_substitution,aa22b66bbf435a102be11c9faddc084d73035343a43165e90c40a93d9a7a0620,primary_parent,dc9964414a1b09672b2c580113f4bf332112d1c030f0bb5885ef95136237ddc1,guruprasad_instability_index,numeric,true,same_frozen_numeric_contract,minimize,index,5.695455,7.004545454545453,1.3090904545454531,-1.3090904545454531,true,30387664bc26a605ae9c75ccdeef317889e7826ec6b13de444554e16ddabb639
fgf2,b20ce349ffd43b150c5bef47c35b02460bce6fbda462da03787197f870807c0f,masked_substitution,aa22b66bbf435a102be11c9faddc084d73035343a43165e90c40a93d9a7a0620,primary_parent,dc9964414a1b09672b2c580113f4bf332112d1c030f0bb5885ef95136237ddc1,hydrophobic_moment_eisenberg,numeric,false,audit_metric_has_no_monotonic_improvement_direction,audit,dimensionless,0.17898144767932164,0.20146123601086927,0.022479788331547623,,true,f368cc2becce689a4d68808b832b698f62acbc855fa7cd78b10717f84ca12364
fgf2,b20ce349ffd43b150c5bef47c35b02460bce6fbda462da03787197f870807c0f,masked_substitution,aa22b66bbf435a102be11c9faddc084d73035343a43165e90c40a93d9a7a0620,primary_parent,dc9964414a1b09672b2c580113f4bf332112d1c030f0bb5885ef95136237ddc1,hydrophobic_ratio_modlamp,numeric,false,audit_metric_has_no_monotonic_improvement_direction,audit,fraction,0.045454545454545456,0.09090909090909091,0.045454545454545456,,true,6f677738d4e463c687251dbd2a0ca113e779b707de41dab59e28a111aa995923
fgf2,b20ce349ffd43b150c5bef47c35b02460bce6fbda462da03787197f870807c0f,masked_substitution,aa22b66bbf435a102be11c9faddc084d73035343a43165e90c40a93d9a7a0620,primary_parent,dc9964414a1b09672b2c580113f4bf332112d1c030f0bb5885ef95136237ddc1,llamp_log10_mic_um,numeric,true,same_frozen_numeric_contract,minimize,log10(uM),0.8619756698608398,0.9943457841873169,0.13237011432647705,-0.13237011432647705,true,9bd7128e32a3ea872545cfc135a42802b566005f5311203e6e041fc7753ef664
fgf2,b20ce349ffd43b150c5bef47c35b02460bce6fbda462da03787197f870807c0f,masked_substitution,aa22b66bbf435a102be11c9faddc084d73035343a43165e90c40a93d9a7a0620,primary_parent,dc9964414a1b09672b2c580113f4bf332112d1c030f0bb5885ef95136237ddc1,macrel_amp_probability,numeric,true,same_frozen_numeric_contract,maximize,probability,0.356,0.218,-0.13799999999999998,-0.13799999999999998,true,f1943d2db4ad08640fa0043212b34acda64f9279dbdae2abc8c78360b3322733
fgf2,b20ce349ffd43b150c5bef47c35b02460bce6fbda462da03787197f870807c0f,masked_substitution,aa22b66bbf435a102be11c9faddc084d73035343a43165e90c40a93d9a7a0620,primary_parent,dc9964414a1b09672b2c580113f4bf332112d1c030f0bb5885ef95136237ddc1,macrel_hemolysis_label,categorical,true,same_frozen_label_contract,audit,label,low,low,,,false,8aa5d0c42dd2d8d89f15bcd2af02ae6b967872aa75d6f465527d0e4a16d2e5eb
fgf2,b20ce349ffd43b150c5bef47c35b02460bce6fbda462da03787197f870807c0f,masked_substitution,aa22b66bbf435a102be11c9faddc084d73035343a43165e90c40a93d9a7a0620,primary_parent,dc9964414a1b09672b2c580113f4bf332112d1c030f0bb5885ef95136237ddc1,macrel_hemolysis_probability,numeric,true,same_frozen_numeric_contract,minimize,probability,0.436,0.426,-0.010000000000000009,0.010000000000000009,true,dc08b06c888210ada42040397fc99af218b6cca4cd9ab973b4378af27759056f
fgf2,b20ce349ffd43b150c5bef47c35b02460bce6fbda462da03787197f870807c0f,masked_substitution,aa22b66bbf435a102be11c9faddc084d73035343a43165e90c40a93d9a7a0620,primary_parent,dc9964414a1b09672b2c580113f4bf332112d1c030f0bb5885ef95136237ddc1,maximum_hydrophobic_run,numeric,true,same_frozen_numeric_contract,minimize,residues,1.0,2.0,1.0,-1.0,true,e4233bbe33ec7edbffb669c687e27c6eedc578645e9edd04631e6c0b2a3d9414
fgf2,b20ce349ffd43b150c5bef47c35b02460bce6fbda462da03787197f870807c0f,masked_substitution,aa22b66bbf435a102be11c9faddc084d73035343a43165e90c40a93d9a7a0620,primary_parent,dc9964414a1b09672b2c580113f4bf332112d1c030f0bb5885ef95136237ddc1,net_charge_ph7_4,numeric,false,audit_metric_has_no_monotonic_improvement_direction,audit,elementary_charge,6.066,6.024,-0.041999999999999815,,true,31b9cd0c5a82fb57d299891e4439e59b8a237a588e2d7a8bd13717e8a18d8498
fgf2,b20ce349ffd43b150c5bef47c35b02460bce6fbda462da03787197f870807c0f,masked_substitution,aa22b66bbf435a102be11c9faddc084d73035343a43165e90c40a93d9a7a0620,primary_parent,dc9964414a1b09672b2c580113f4bf332112d1c030f0bb5885ef95136237ddc1,toxinpred3_hybrid_score,numeric,true,same_frozen_numeric_contract,minimize,dimensionless,0.0,0.0,0.0,-0.0,false,8793bb7a3cb4c58398ec1279631095ce544049a709cc29693a31447b19e5f622
fgf2,b20ce349ffd43b150c5bef47c35b02460bce6fbda462da03787197f870807c0f,masked_substitution,aa22b66bbf435a102be11c9faddc084d73035343a43165e90c40a93d9a7a0620,primary_parent,dc9964414a1b09672b2c580113f4bf332112d1c030f0bb5885ef95136237ddc1,toxinpred3_label,categorical,true,same_frozen_label_contract,audit,label,Non-Toxin,Non-Toxin,,,false,bae0aad60887c7d055c2e40e59696bd7ed3183549eff2e8c55d2e893a93c38a6
fgf2,2f2e1268846e6a9de7d22003a9e8d3336320e97534bceed7586b02c2b140d307,masked_substitution,da3d878a840f42810415e7c8e74b6327b3526a69f0f113ace480d96c7652f0f6,primary_parent,dc9964414a1b09672b2c580113f4bf332112d1c030f0bb5885ef95136237ddc1,amp_read_log10_mic_um,numeric,true,same_frozen_numeric_contract,minimize,log10(uM),2.5455829971143507,2.368439105655718,-0.17714389145863274,0.17714389145863274,true,062602a31f9ed61295593c5d58e513a613d058df81ba19de271f0bb4f547ce00
fgf2,2f2e1268846e6a9de7d22003a9e8d3336320e97534bceed7586b02c2b140d307,masked_substitution,da3d878a840f42810415e7c8e74b6327b3526a69f0f113ace480d96c7652f0f6,primary_parent,dc9964414a1b09672b2c580113f4bf332112d1c030f0bb5885ef95136237ddc1,guruprasad_instability_index,numeric,true,same_frozen_numeric_contract,minimize,index,5.695455,26.977272727272723,21.281817727272724,-21.281817727272724,true,216d64865f2dd7bfd50401cb6b725ff0b3ea49c8df46f1af2b09fcb43f9c4326
fgf2,2f2e1268846e6a9de7d22003a9e8d3336320e97534bceed7586b02c2b140d307,masked_substitution,da3d878a840f42810415e7c8e74b6327b3526a69f0f113ace480d96c7652f0f6,primary_parent,dc9964414a1b09672b2c580113f4bf332112d1c030f0bb5885ef95136237ddc1,hydrophobic_moment_eisenberg,numeric,false,audit_metric_has_no_monotonic_improvement_direction,audit,dimensionless,0.17898144767932164,0.22366812022221633,0.044686672542894684,,true,b88bd5f81f156f88931a68679b48e86d3614156967499cdf76b8357a0aeeebdb
fgf2,2f2e1268846e6a9de7d22003a9e8d3336320e97534bceed7586b02c2b140d307,masked_substitution,da3d878a840f42810415e7c8e74b6327b3526a69f0f113ace480d96c7652f0f6,primary_parent,dc9964414a1b09672b2c580113f4bf332112d1c030f0bb5885ef95136237ddc1,hydrophobic_ratio_modlamp,numeric,false,audit_metric_has_no_monotonic_improvement_direction,audit,fraction,0.045454545454545456,0.09090909090909091,0.045454545454545456,,true,1e2c090e6cadcbc5974021a868ac42896ffbb20a838becf92961bedbf9be90ab
fgf2,2f2e1268846e6a9de7d22003a9e8d3336320e97534bceed7586b02c2b140d307,masked_substitution,da3d878a840f42810415e7c8e74b6327b3526a69f0f113ace480d96c7652f0f6,primary_parent,dc9964414a1b09672b2c580113f4bf332112d1c030f0bb5885ef95136237ddc1,llamp_log10_mic_um,numeric,true,same_frozen_numeric_contract,minimize,log10(uM),0.8619756698608398,0.9609285593032837,0.09895288944244385,-0.09895288944244385,true,ab65db6c485dec1f40a42b6a0120ecfd1abeaa31b7a89c119428b3cd683034be
fgf2,2f2e1268846e6a9de7d22003a9e8d3336320e97534bceed7586b02c2b140d307,masked_substitution,da3d878a840f42810415e7c8e74b6327b3526a69f0f113ace480d96c7652f0f6,primary_parent,dc9964414a1b09672b2c580113f4bf332112d1c030f0bb5885ef95136237ddc1,macrel_amp_probability,numeric,true,same_frozen_numeric_contract,maximize,probability,0.356,0.267,-0.08899999999999997,-0.08899999999999997,true,d3b78a0cf3e8c3f83509485b2813996f4cbfeff06420dc5bce9b89671ac3c087
fgf2,2f2e1268846e6a9de7d22003a9e8d3336320e97534bceed7586b02c2b140d307,masked_substitution,da3d878a840f42810415e7c8e74b6327b3526a69f0f113ace480d96c7652f0f6,primary_parent,dc9964414a1b09672b2c580113f4bf332112d1c030f0bb5885ef95136237ddc1,macrel_hemolysis_label,categorical,true,same_frozen_label_contract,audit,label,low,low,,,false,7584b1ecc28edb0f111333e23a1526d7fa0e694a04aa29961d40e5156ead3a35
fgf2,2f2e1268846e6a9de7d22003a9e8d3336320e97534bceed7586b02c2b140d307,masked_substitution,da3d878a840f42810415e7c8e74b6327b3526a69f0f113ace480d96c7652f0f6,primary_parent,dc9964414a1b09672b2c580113f4bf332112d1c030f0bb5885ef95136237ddc1,macrel_hemolysis_probability,numeric,true,same_frozen_numeric_contract,minimize,probability,0.436,0.406,-0.02999999999999997,0.02999999999999997,true,b6f18d7c3cc30074a5234e23073c335ac949737155f8fcbb9adbb66488e858a5
fgf2,2f2e1268846e6a9de7d22003a9e8d3336320e97534bceed7586b02c2b140d307,masked_substitution,da3d878a840f42810415e7c8e74b6327b3526a69f0f113ace480d96c7652f0f6,primary_parent,dc9964414a1b09672b2c580113f4bf332112d1c030f0bb5885ef95136237ddc1,maximum_hydrophobic_run,numeric,true,same_frozen_numeric_contract,minimize,residues,1.0,2.0,1.0,-1.0,true,aac699ee4665983a1bc93bc168e5bc56414a16d2fad1c516efa63fca0004d6fc
fgf2,2f2e1268846e6a9de7d22003a9e8d3336320e97534bceed7586b02c2b140d307,masked_substitution,da3d878a840f42810415e7c8e74b6327b3526a69f0f113ace480d96c7652f0f6,primary_parent,dc9964414a1b09672b2c580113f4bf332112d1c030f0bb5885ef95136237ddc1,net_charge_ph7_4,numeric,false,audit_metric_has_no_monotonic_improvement_direction,audit,elementary_charge,6.066,6.024,-0.041999999999999815,,true,1c9b3ddebf67eb6b1e218970144130e3fe3e59beccd8138ca35178ad29396ef4
fgf2,2f2e1268846e6a9de7d22003a9e8d3336320e97534bceed7586b02c2b140d307,masked_substitution,da3d878a840f42810415e7c8e74b6327b3526a69f0f113ace480d96c7652f0f6,primary_parent,dc9964414a1b09672b2c580113f4bf332112d1c030f0bb5885ef95136237ddc1,toxinpred3_hybrid_score,numeric,true,same_frozen_numeric_contract,minimize,dimensionless,0.0,0.0,0.0,-0.0,false,f6b3f978388c6809f44fd6a8e934bd6c2f16d9baf146d66945a2033c0c852aa5
fgf2,2f2e1268846e6a9de7d22003a9e8d3336320e97534bceed7586b02c2b140d307,masked_substitution,da3d878a840f42810415e7c8e74b6327b3526a69f0f113ace480d96c7652f0f6,primary_parent,dc9964414a1b09672b2c580113f4bf332112d1c030f0bb5885ef95136237ddc1,toxinpred3_label,categorical,true,same_frozen_label_contract,audit,label,Non-Toxin,Non-Toxin,,,false,c75738dc782b5b646ea832133c00a09f161bd87f114424a5979ed53f867378a0
fgf2,b4f20fee6cbaf0e34c7eb4813a7107574257bd3f1b50e2747af268be73b05361,masked_substitution,a31b4144066147fc3dba9664592132e79d72e0761b189c8d2357f4c35687762c,primary_parent,dc9964414a1b09672b2c580113f4bf332112d1c030f0bb5885ef95136237ddc1,amp_read_log10_mic_um,numeric,true,same_frozen_numeric_contract,minimize,log10(uM),2.5455829971143507,2.342072340549762,-0.20351065656458855,0.20351065656458855,true,df4a86c2484d8e21f546df0e894fbda4b5ac171012b7c2c954fdb75452ef9790
fgf2,b4f20fee6cbaf0e34c7eb4813a7107574257bd3f1b50e2747af268be73b05361,masked_substitution,a31b4144066147fc3dba9664592132e79d72e0761b189c8d2357f4c35687762c,primary_parent,dc9964414a1b09672b2c580113f4bf332112d1c030f0bb5885ef95136237ddc1,guruprasad_instability_index,numeric,true,same_frozen_numeric_contract,minimize,index,5.695455,17.768181818181816,12.072726818181817,-12.072726818181817,true,a179fa1cc04cedc56e0248771d75cbd05146f1faf6e5c8aa479ab7f989545102
fgf2,b4f20fee6cbaf0e34c7eb4813a7107574257bd3f1b50e2747af268be73b05361,masked_substitution,a31b4144066147fc3dba9664592132e79d72e0761b189c8d2357f4c35687762c,primary_parent,dc9964414a1b09672b2c580113f4bf332112d1c030f0bb5885ef95136237ddc1,hydrophobic_moment_eisenberg,numeric,false,audit_metric_has_no_monotonic_improvement_direction,audit,dimensionless,0.17898144767932164,0.21470638332204228,0.03572493564272064,,true,7af64be13c0446741b02d5697826a2ea5ac790f46dc237e2e2cae2081ccc8fdc
fgf2,b4f20fee6cbaf0e34c7eb4813a7107574257bd3f1b50e2747af268be73b05361,masked_substitution,a31b4144066147fc3dba9664592132e79d72e0761b189c8d2357f4c35687762c,primary_parent,dc9964414a1b09672b2c580113f4bf332112d1c030f0bb5885ef95136237ddc1,hydrophobic_ratio_modlamp,numeric,false,audit_metric_has_no_monotonic_improvement_direction,audit,fraction,0.045454545454545456,0.09090909090909091,0.045454545454545456,,true,b7cf08f771bc96e9ac179042890de724368073bc804ffd51b0d6ec48930f9ed1
fgf2,b4f20fee6cbaf0e34c7eb4813a7107574257bd3f1b50e2747af268be73b05361,masked_substitution,a31b4144066147fc3dba9664592132e79d72e0761b189c8d2357f4c35687762c,primary_parent,dc9964414a1b09672b2c580113f4bf332112d1c030f0bb5885ef95136237ddc1,llamp_log10_mic_um,numeric,true,same_frozen_numeric_contract,minimize,log10(uM),0.8619756698608398,0.9430036544799805,0.08102798461914062,-0.08102798461914062,true,5a28961b6a772f13a87cb0b45901a73e8bad6274314bd9954f366684aaeeec65
fgf2,b4f20fee6cbaf0e34c7eb4813a7107574257bd3f1b50e2747af268be73b05361,masked_substitution,a31b4144066147fc3dba9664592132e79d72e0761b189c8d2357f4c35687762c,primary_parent,dc9964414a1b09672b2c580113f4bf332112d1c030f0bb5885ef95136237ddc1,macrel_amp_probability,numeric,true,same_frozen_numeric_contract,maximize,probability,0.356,0.267,-0.08899999999999997,-0.08899999999999997,true,982e926568078c884d4c484c9aabfdf3768dd3f0a360d3c68496a01eec5f0552
fgf2,b4f20fee6cbaf0e34c7eb4813a7107574257bd3f1b50e2747af268be73b05361,masked_substitution,a31b4144066147fc3dba9664592132e79d72e0761b189c8d2357f4c35687762c,primary_parent,dc9964414a1b09672b2c580113f4bf332112d1c030f0bb5885ef95136237ddc1,macrel_hemolysis_label,categorical,true,same_frozen_label_contract,audit,label,low,low,,,false,e079d7f0c2450fa2d895b57ee18373fb17175001a7299168f67230d40ee789de
fgf2,b4f20fee6cbaf0e34c7eb4813a7107574257bd3f1b50e2747af268be73b05361,masked_substitution,a31b4144066147fc3dba9664592132e79d72e0761b189c8d2357f4c35687762c,primary_parent,dc9964414a1b09672b2c580113f4bf332112d1c030f0bb5885ef95136237ddc1,macrel_hemolysis_probability,numeric,true,same_frozen_numeric_contract,minimize,probability,0.436,0.426,-0.010000000000000009,0.010000000000000009,true,f1ea6a0e61e14c0b248336cd6c017e8077e9e4dc70790f870ab91b1922aa909a
fgf2,b4f20fee6cbaf0e34c7eb4813a7107574257bd3f1b50e2747af268be73b05361,masked_substitution,a31b4144066147fc3dba9664592132e79d72e0761b189c8d2357f4c35687762c,primary_parent,dc9964414a1b09672b2c580113f4bf332112d1c030f0bb5885ef95136237ddc1,maximum_hydrophobic_run,numeric,true,same_frozen_numeric_contract,minimize,residues,1.0,2.0,1.0,-1.0,true,39cb601a75f75a671c4640ee047c25258d423624aeca8b12f1249c3be9c08db7
fgf2,b4f20fee6cbaf0e34c7eb4813a7107574257bd3f1b50e2747af268be73b05361,masked_substitution,a31b4144066147fc3dba9664592132e79d72e0761b189c8d2357f4c35687762c,primary_parent,dc9964414a1b09672b2c580113f4bf332112d1c030f0bb5885ef95136237ddc1,net_charge_ph7_4,numeric,false,audit_metric_has_no_monotonic_improvement_direction,audit,elementary_charge,6.066,6.024,-0.041999999999999815,,true,af8f04256b6e915eeb151cbe2da74468664f5cf88f88fbcdef3408d1754ea5b9
fgf2,b4f20fee6cbaf0e34c7eb4813a7107574257bd3f1b50e2747af268be73b05361,masked_substitution,a31b4144066147fc3dba9664592132e79d72e0761b189c8d2357f4c35687762c,primary_parent,dc9964414a1b09672b2c580113f4bf332112d1c030f0bb5885ef95136237ddc1,toxinpred3_hybrid_score,numeric,true,same_frozen_numeric_contract,minimize,dimensionless,0.0,0.0,0.0,-0.0,false,dac3a80c53a7ed4696bad5b0bc3796aedd393d233d83b229839d404711a0b254
fgf2,b4f20fee6cbaf0e34c7eb4813a7107574257bd3f1b50e2747af268be73b05361,masked_substitution,a31b4144066147fc3dba9664592132e79d72e0761b189c8d2357f4c35687762c,primary_parent,dc9964414a1b09672b2c580113f4bf332112d1c030f0bb5885ef95136237ddc1,toxinpred3_label,categorical,true,same_frozen_label_contract,audit,label,Non-Toxin,Non-Toxin,,,false,d38a1d710a874bde02133cecb9b4afbf507cefc857ef29ece79174f36e71c836
fgf2,c93552bbc9d5bbbb4e6a2f26bedb8202cfebb16782c6acce7a36128fdbf3aa4a,masked_substitution,7631346f0af06d37621030d61d1a7dce20252a2648a5e4004c0fece7880dd193,primary_parent,dc9964414a1b09672b2c580113f4bf332112d1c030f0bb5885ef95136237ddc1,amp_read_log10_mic_um,numeric,true,same_frozen_numeric_contract,minimize,log10(uM),2.5455829971143507,2.4729703442357254,-0.07261265287862528,0.07261265287862528,true,9811356120f7a4ae21292b55a4a3a326bd3d96c44e7e3d678ab209afe99f29ff
fgf2,c93552bbc9d5bbbb4e6a2f26bedb8202cfebb16782c6acce7a36128fdbf3aa4a,masked_substitution,7631346f0af06d37621030d61d1a7dce20252a2648a5e4004c0fece7880dd193,primary_parent,dc9964414a1b09672b2c580113f4bf332112d1c030f0bb5885ef95136237ddc1,guruprasad_instability_index,numeric,true,same_frozen_numeric_contract,minimize,index,5.695455,7.004545454545453,1.3090904545454531,-1.3090904545454531,true,51296d4542ae83d644f86a1bfe674d8064d3c25e5eb95238b7eab639222fb8ec
fgf2,c93552bbc9d5bbbb4e6a2f26bedb8202cfebb16782c6acce7a36128fdbf3aa4a,masked_substitution,7631346f0af06d37621030d61d1a7dce20252a2648a5e4004c0fece7880dd193,primary_parent,dc9964414a1b09672b2c580113f4bf332112d1c030f0bb5885ef95136237ddc1,hydrophobic_moment_eisenberg,numeric,false,audit_metric_has_no_monotonic_improvement_direction,audit,dimensionless,0.17898144767932164,0.21470638332204228,0.03572493564272064,,true,ae809a2385c4b2d8c692bd8853bc05e9b5f54d38e6b0c7753c9831f972793efd
fgf2,c93552bbc9d5bbbb4e6a2f26bedb8202cfebb16782c6acce7a36128fdbf3aa4a,masked_substitution,7631346f0af06d37621030d61d1a7dce20252a2648a5e4004c0fece7880dd193,primary_parent,dc9964414a1b09672b2c580113f4bf332112d1c030f0bb5885ef95136237ddc1,hydrophobic_ratio_modlamp,numeric,false,audit_metric_has_no_monotonic_improvement_direction,audit,fraction,0.045454545454545456,0.09090909090909091,0.045454545454545456,,true,b3094a6b6f32f6842e8938951e5c0508b2c6ef127bd3939e9259b0262cb6b588
fgf2,c93552bbc9d5bbbb4e6a2f26bedb8202cfebb16782c6acce7a36128fdbf3aa4a,masked_substitution,7631346f0af06d37621030d61d1a7dce20252a2648a5e4004c0fece7880dd193,primary_parent,dc9964414a1b09672b2c580113f4bf332112d1c030f0bb5885ef95136237ddc1,llamp_log10_mic_um,numeric,true,same_frozen_numeric_contract,minimize,log10(uM),0.8619756698608398,0.9473090171813965,0.08533334732055664,-0.08533334732055664,true,81cf93139aa57dfd25f10a683354304a505f6f002ada7003f49642c921778a42
fgf2,c93552bbc9d5bbbb4e6a2f26bedb8202cfebb16782c6acce7a36128fdbf3aa4a,masked_substitution,7631346f0af06d37621030d61d1a7dce20252a2648a5e4004c0fece7880dd193,primary_parent,dc9964414a1b09672b2c580113f4bf332112d1c030f0bb5885ef95136237ddc1,macrel_amp_probability,numeric,true,same_frozen_numeric_contract,maximize,probability,0.356,0.228,-0.12799999999999997,-0.12799999999999997,true,cdab3d8edba4c6254fe2c01441dd7ebaa5ea282802e86855699badfad1e7fef4
fgf2,c93552bbc9d5bbbb4e6a2f26bedb8202cfebb16782c6acce7a36128fdbf3aa4a,masked_substitution,7631346f0af06d37621030d61d1a7dce20252a2648a5e4004c0fece7880dd193,primary_parent,dc9964414a1b09672b2c580113f4bf332112d1c030f0bb5885ef95136237ddc1,macrel_hemolysis_label,categorical,true,same_frozen_label_contract,audit,label,low,low,,,false,95f270424a094f29d64e40b622b5c789f12e55d38634a947094805acf6d9f474
fgf2,c93552bbc9d5bbbb4e6a2f26bedb8202cfebb16782c6acce7a36128fdbf3aa4a,masked_substitution,7631346f0af06d37621030d61d1a7dce20252a2648a5e4004c0fece7880dd193,primary_parent,dc9964414a1b09672b2c580113f4bf332112d1c030f0bb5885ef95136237ddc1,macrel_hemolysis_probability,numeric,true,same_frozen_numeric_contract,minimize,probability,0.436,0.426,-0.010000000000000009,0.010000000000000009,true,1f30081fad65c656cfb961f4209137e908f9af59abcf83955819c3422af852eb
fgf2,c93552bbc9d5bbbb4e6a2f26bedb8202cfebb16782c6acce7a36128fdbf3aa4a,masked_substitution,7631346f0af06d37621030d61d1a7dce20252a2648a5e4004c0fece7880dd193,primary_parent,dc9964414a1b09672b2c580113f4bf332112d1c030f0bb5885ef95136237ddc1,maximum_hydrophobic_run,numeric,true,same_frozen_numeric_contract,minimize,residues,1.0,2.0,1.0,-1.0,true,1c9cb815237cefe64921bc7a5f014f344e3cafac573e5c3ba04944efaf9e86f0
fgf2,c93552bbc9d5bbbb4e6a2f26bedb8202cfebb16782c6acce7a36128fdbf3aa4a,masked_substitution,7631346f0af06d37621030d61d1a7dce20252a2648a5e4004c0fece7880dd193,primary_parent,dc9964414a1b09672b2c580113f4bf332112d1c030f0bb5885ef95136237ddc1,net_charge_ph7_4,numeric,false,audit_metric_has_no_monotonic_improvement_direction,audit,elementary_charge,6.066,6.024,-0.041999999999999815,,true,a0d272bfba7694cb899e4ff84485421a86e18580390a2a0181c562217deeceb7
fgf2,c93552bbc9d5bbbb4e6a2f26bedb8202cfebb16782c6acce7a36128fdbf3aa4a,masked_substitution,7631346f0af06d37621030d61d1a7dce20252a2648a5e4004c0fece7880dd193,primary_parent,dc9964414a1b09672b2c580113f4bf332112d1c030f0bb5885ef95136237ddc1,toxinpred3_hybrid_score,numeric,true,same_frozen_numeric_contract,minimize,dimensionless,0.0,0.0,0.0,-0.0,false,31651aa2306eed0bf32059d444f46cc3ccc427319494275029a299484479d114
fgf2,c93552bbc9d5bbbb4e6a2f26bedb8202cfebb16782c6acce7a36128fdbf3aa4a,masked_substitution,7631346f0af06d37621030d61d1a7dce20252a2648a5e4004c0fece7880dd193,primary_parent,dc9964414a1b09672b2c580113f4bf332112d1c030f0bb5885ef95136237ddc1,toxinpred3_label,categorical,true,same_frozen_label_contract,audit,label,Non-Toxin,Non-Toxin,,,false,acd9b21d7d4d56d50d2d07e4ad1c96d41d6f5ff2171f3bd293ef6ac778d4af8b
fgf2,388dd2b5a2f85e44aa8e28385b34ef53344e36af3260b75ccd87c1f3831b052f,masked_substitution,f7e6d09e0bb27d1505ce9a19c98a3fa4285d7fe55fe0582d5facb9d99557a184,primary_parent,dc9964414a1b09672b2c580113f4bf332112d1c030f0bb5885ef95136237ddc1,amp_read_log10_mic_um,numeric,true,same_frozen_numeric_contract,minimize,log10(uM),2.5455829971143507,2.206213342785625,-0.33936965432872546,0.33936965432872546,true,f320ce9057111df3bcb2c1646c5dd2095dac66c1f9e50ac1cf24aa1394cca144
fgf2,388dd2b5a2f85e44aa8e28385b34ef53344e36af3260b75ccd87c1f3831b052f,masked_substitution,f7e6d09e0bb27d1505ce9a19c98a3fa4285d7fe55fe0582d5facb9d99557a184,primary_parent,dc9964414a1b09672b2c580113f4bf332112d1c030f0bb5885ef95136237ddc1,guruprasad_instability_index,numeric,true,same_frozen_numeric_contract,minimize,index,5.695455,0.17272727272727145,-5.522727727272729,5.522727727272729,true,356bf0467ba7441bc55a3ff2002e59093affa644ba4eabccbd541b77b9daae6f
fgf2,388dd2b5a2f85e44aa8e28385b34ef53344e36af3260b75ccd87c1f3831b052f,masked_substitution,f7e6d09e0bb27d1505ce9a19c98a3fa4285d7fe55fe0582d5facb9d99557a184,primary_parent,dc9964414a1b09672b2c580113f4bf332112d1c030f0bb5885ef95136237ddc1,hydrophobic_moment_eisenberg,numeric,false,audit_metric_has_no_monotonic_improvement_direction,audit,dimensionless,0.17898144767932164,0.21763970466503776,0.03865825698571612,,true,d625b745e3309955591a657f39898b77faa2def6dbadd8b31f448641afcbcffa
fgf2,388dd2b5a2f85e44aa8e28385b34ef53344e36af3260b75ccd87c1f3831b052f,masked_substitution,f7e6d09e0bb27d1505ce9a19c98a3fa4285d7fe55fe0582d5facb9d99557a184,primary_parent,dc9964414a1b09672b2c580113f4bf332112d1c030f0bb5885ef95136237ddc1,hydrophobic_ratio_modlamp,numeric,false,audit_metric_has_no_monotonic_improvement_direction,audit,fraction,0.045454545454545456,0.09090909090909091,0.045454545454545456,,true,7e19208b76c48aae59f2aa96da18474c8048fa3137b6de4f4158ac26ce340e5f
fgf2,388dd2b5a2f85e44aa8e28385b34ef53344e36af3260b75ccd87c1f3831b052f,masked_substitution,f7e6d09e0bb27d1505ce9a19c98a3fa4285d7fe55fe0582d5facb9d99557a184,primary_parent,dc9964414a1b09672b2c580113f4bf332112d1c030f0bb5885ef95136237ddc1,llamp_log10_mic_um,numeric,true,same_frozen_numeric_contract,minimize,log10(uM),0.8619756698608398,1.000694751739502,0.1387190818786621,-0.1387190818786621,true,fa974d3001db0e72bcd89521639cbd812ae2d2d6684740548395f71493a380c1
fgf2,388dd2b5a2f85e44aa8e28385b34ef53344e36af3260b75ccd87c1f3831b052f,masked_substitution,f7e6d09e0bb27d1505ce9a19c98a3fa4285d7fe55fe0582d5facb9d99557a184,primary_parent,dc9964414a1b09672b2c580113f4bf332112d1c030f0bb5885ef95136237ddc1,macrel_amp_probability,numeric,true,same_frozen_numeric_contract,maximize,probability,0.356,0.386,0.030000000000000027,0.030000000000000027,true,7b95302c69d3401e2a6e5bc8c64390d355a0f9e74fc57d745412e55aeb5787f6
fgf2,388dd2b5a2f85e44aa8e28385b34ef53344e36af3260b75ccd87c1f3831b052f,masked_substitution,f7e6d09e0bb27d1505ce9a19c98a3fa4285d7fe55fe0582d5facb9d99557a184,primary_parent,dc9964414a1b09672b2c580113f4bf332112d1c030f0bb5885ef95136237ddc1,macrel_hemolysis_label,categorical,true,same_frozen_label_contract,audit,label,low,low,,,false,ec7a5b50ad9304a0476f2089ef2438f2195ceb38fa254c1ae093f04ae16e6880
fgf2,388dd2b5a2f85e44aa8e28385b34ef53344e36af3260b75ccd87c1f3831b052f,masked_substitution,f7e6d09e0bb27d1505ce9a19c98a3fa4285d7fe55fe0582d5facb9d99557a184,primary_parent,dc9964414a1b09672b2c580113f4bf332112d1c030f0bb5885ef95136237ddc1,macrel_hemolysis_probability,numeric,true,same_frozen_numeric_contract,minimize,probability,0.436,0.436,0.0,-0.0,false,d9167e2335940f62f272ebb61db5a03002ee0330f47c9775033e23e05f605c7b
fgf2,388dd2b5a2f85e44aa8e28385b34ef53344e36af3260b75ccd87c1f3831b052f,masked_substitution,f7e6d09e0bb27d1505ce9a19c98a3fa4285d7fe55fe0582d5facb9d99557a184,primary_parent,dc9964414a1b09672b2c580113f4bf332112d1c030f0bb5885ef95136237ddc1,maximum_hydrophobic_run,numeric,true,same_frozen_numeric_contract,minimize,residues,1.0,2.0,1.0,-1.0,true,435a6c79ec5f9696aa7ce3eaa8d9db66f23d5dcd5c678e6fb26ba06fe9c72451
fgf2,388dd2b5a2f85e44aa8e28385b34ef53344e36af3260b75ccd87c1f3831b052f,masked_substitution,f7e6d09e0bb27d1505ce9a19c98a3fa4285d7fe55fe0582d5facb9d99557a184,primary_parent,dc9964414a1b09672b2c580113f4bf332112d1c030f0bb5885ef95136237ddc1,net_charge_ph7_4,numeric,false,audit_metric_has_no_monotonic_improvement_direction,audit,elementary_charge,6.066,6.024,-0.041999999999999815,,true,06ee1649269b6d30afb99d9fe0365ec53dff4ce67f78e6f93cfd7ac29b279055
fgf2,388dd2b5a2f85e44aa8e28385b34ef53344e36af3260b75ccd87c1f3831b052f,masked_substitution,f7e6d09e0bb27d1505ce9a19c98a3fa4285d7fe55fe0582d5facb9d99557a184,primary_parent,dc9964414a1b09672b2c580113f4bf332112d1c030f0bb5885ef95136237ddc1,toxinpred3_hybrid_score,numeric,true,same_frozen_numeric_contract,minimize,dimensionless,0.0,0.0,0.0,-0.0,false,d7cad588b98842f876816905bdfc56bdf52538418e7e2c15cc23823ccca83b74
fgf2,388dd2b5a2f85e44aa8e28385b34ef53344e36af3260b75ccd87c1f3831b052f,masked_substitution,f7e6d09e0bb27d1505ce9a19c98a3fa4285d7fe55fe0582d5facb9d99557a184,primary_parent,dc9964414a1b09672b2c580113f4bf332112d1c030f0bb5885ef95136237ddc1,toxinpred3_label,categorical,true,same_frozen_label_contract,audit,label,Non-Toxin,Non-Toxin,,,false,4d48bacdb21f2d0fe6e2d5742eebedb5418941e5356bb5df0030ea069b4e21e2
fgf2,c8f8f6cec3fdc1bcad2e3657ae3f4c6797cbf570271055ae91f5f3ad7361c4a0,masked_substitution,a57e9c47452214326835b9628a640f56bc2b7039a6594a0bc6d53f7dc8b3ca4a,primary_parent,dc9964414a1b09672b2c580113f4bf332112d1c030f0bb5885ef95136237ddc1,amp_read_log10_mic_um,numeric,true,same_frozen_numeric_contract,minimize,log10(uM),2.5455829971143507,2.220813799584499,-0.32476919752985145,0.32476919752985145,true,fce8616c906f31059004876f173baf5e5b2cbc4eed8f2b252adb8bd94032065a
fgf2,c8f8f6cec3fdc1bcad2e3657ae3f4c6797cbf570271055ae91f5f3ad7361c4a0,masked_substitution,a57e9c47452214326835b9628a640f56bc2b7039a6594a0bc6d53f7dc8b3ca4a,primary_parent,dc9964414a1b09672b2c580113f4bf332112d1c030f0bb5885ef95136237ddc1,guruprasad_instability_index,numeric,true,same_frozen_numeric_contract,minimize,index,5.695455,2.2909090909090897,-3.4045459090909103,3.4045459090909103,true,fdbb071b84340b8bd4b6abc37afb9b2ae88f6ba9142965732c58b1b597d6d62b
fgf2,c8f8f6cec3fdc1bcad2e3657ae3f4c6797cbf570271055ae91f5f3ad7361c4a0,masked_substitution,a57e9c47452214326835b9628a640f56bc2b7039a6594a0bc6d53f7dc8b3ca4a,primary_parent,dc9964414a1b09672b2c580113f4bf332112d1c030f0bb5885ef95136237ddc1,hydrophobic_moment_eisenberg,numeric,false,audit_metric_has_no_monotonic_improvement_direction,audit,dimensionless,0.17898144767932164,0.20653014236079004,0.027548694681468394,,true,97c2fcde4c7d1583e4da51e1cb623f8b346db23fded44ee424bc24e58bf72c67
fgf2,c8f8f6cec3fdc1bcad2e3657ae3f4c6797cbf570271055ae91f5f3ad7361c4a0,masked_substitution,a57e9c47452214326835b9628a640f56bc2b7039a6594a0bc6d53f7dc8b3ca4a,primary_parent,dc9964414a1b09672b2c580113f4bf332112d1c030f0bb5885ef95136237ddc1,hydrophobic_ratio_modlamp,numeric,false,audit_metric_has_no_monotonic_improvement_direction,audit,fraction,0.045454545454545456,0.045454545454545456,0.0,,false,e7811bfbf5339ca0d53d7ecdc225c935eccc815c75f89f1632a169eb84cd06c0
fgf2,c8f8f6cec3fdc1bcad2e3657ae3f4c6797cbf570271055ae91f5f3ad7361c4a0,masked_substitution,a57e9c47452214326835b9628a640f56bc2b7039a6594a0bc6d53f7dc8b3ca4a,primary_parent,dc9964414a1b09672b2c580113f4bf332112d1c030f0bb5885ef95136237ddc1,llamp_log10_mic_um,numeric,true,same_frozen_numeric_contract,minimize,log10(uM),0.8619756698608398,1.0971217155456543,0.23514604568481445,-0.23514604568481445,true,47f4c172cb1358caead061ba6213d1e3f61f80bf95cb7c91dff7472f450cee77
fgf2,c8f8f6cec3fdc1bcad2e3657ae3f4c6797cbf570271055ae91f5f3ad7361c4a0,masked_substitution,a57e9c47452214326835b9628a640f56bc2b7039a6594a0bc6d53f7dc8b3ca4a,primary_parent,dc9964414a1b09672b2c580113f4bf332112d1c030f0bb5885ef95136237ddc1,macrel_amp_probability,numeric,true,same_frozen_numeric_contract,maximize,probability,0.356,0.376,0.020000000000000018,0.020000000000000018,true,979966ddec94eaf773e862a99754a2f19e3cf2bd6b2ab0c8980176fe1a63a37a
fgf2,c8f8f6cec3fdc1bcad2e3657ae3f4c6797cbf570271055ae91f5f3ad7361c4a0,masked_substitution,a57e9c47452214326835b9628a640f56bc2b7039a6594a0bc6d53f7dc8b3ca4a,primary_parent,dc9964414a1b09672b2c580113f4bf332112d1c030f0bb5885ef95136237ddc1,macrel_hemolysis_label,categorical,true,same_frozen_label_contract,audit,label,low,low,,,false,1fba6c39556b9b35b0e87c63bb9d2733dbfef3177f3b2a37ebce48e29b795bf7
fgf2,c8f8f6cec3fdc1bcad2e3657ae3f4c6797cbf570271055ae91f5f3ad7361c4a0,masked_substitution,a57e9c47452214326835b9628a640f56bc2b7039a6594a0bc6d53f7dc8b3ca4a,primary_parent,dc9964414a1b09672b2c580113f4bf332112d1c030f0bb5885ef95136237ddc1,macrel_hemolysis_probability,numeric,true,same_frozen_numeric_contract,minimize,probability,0.436,0.436,0.0,-0.0,false,37a99dfcda64b3d1389610ce83e65656028c49d9298f8bd7046b0fffa7a75a56
fgf2,c8f8f6cec3fdc1bcad2e3657ae3f4c6797cbf570271055ae91f5f3ad7361c4a0,masked_substitution,a57e9c47452214326835b9628a640f56bc2b7039a6594a0bc6d53f7dc8b3ca4a,primary_parent,dc9964414a1b09672b2c580113f4bf332112d1c030f0bb5885ef95136237ddc1,maximum_hydrophobic_run,numeric,true,same_frozen_numeric_contract,minimize,residues,1.0,2.0,1.0,-1.0,true,81be89a5360b0e67b428a89c33ad58664750e6207b7d83977a471210e565b95b
fgf2,c8f8f6cec3fdc1bcad2e3657ae3f4c6797cbf570271055ae91f5f3ad7361c4a0,masked_substitution,a57e9c47452214326835b9628a640f56bc2b7039a6594a0bc6d53f7dc8b3ca4a,primary_parent,dc9964414a1b09672b2c580113f4bf332112d1c030f0bb5885ef95136237ddc1,net_charge_ph7_4,numeric,false,audit_metric_has_no_monotonic_improvement_direction,audit,elementary_charge,6.066,6.024,-0.041999999999999815,,true,6d7ac17d532a7ba39c3a6e99b675f6c55a539e5b375b72f259c012121fd2e405
fgf2,c8f8f6cec3fdc1bcad2e3657ae3f4c6797cbf570271055ae91f5f3ad7361c4a0,masked_substitution,a57e9c47452214326835b9628a640f56bc2b7039a6594a0bc6d53f7dc8b3ca4a,primary_parent,dc9964414a1b09672b2c580113f4bf332112d1c030f0bb5885ef95136237ddc1,toxinpred3_hybrid_score,numeric,true,same_frozen_numeric_contract,minimize,dimensionless,0.0,0.0,0.0,-0.0,false,a37be9d366a46a2f8a457d228d6b9035420d1578062697319c751cbec8ec1c8c
fgf2,c8f8f6cec3fdc1bcad2e3657ae3f4c6797cbf570271055ae91f5f3ad7361c4a0,masked_substitution,a57e9c47452214326835b9628a640f56bc2b7039a6594a0bc6d53f7dc8b3ca4a,primary_parent,dc9964414a1b09672b2c580113f4bf332112d1c030f0bb5885ef95136237ddc1,toxinpred3_label,categorical,true,same_frozen_label_contract,audit,label,Non-Toxin,Non-Toxin,,,false,2a874a6c2ddd3fd08fcdbf0762d9995e957d1c91a9a8597bb6c2f39e2ba1cc31
fgf2,35a47cc24488bb22e735f5d673203909d0aa7071a53a17a232e340e01e5fec91,masked_substitution,ba3aabd1e58fe8bca29dd88d6f4f965a8281935f54779b0338c0e85d58505b96,primary_parent,dc9964414a1b09672b2c580113f4bf332112d1c030f0bb5885ef95136237ddc1,amp_read_log10_mic_um,numeric,true,same_frozen_numeric_contract,minimize,log10(uM),2.5455829971143507,2.374523652082255,-0.17105934503209586,0.17105934503209586,true,4480739c21587b144d60e9ddff0ba3106482c66520841ee05f950206afc3298b
fgf2,35a47cc24488bb22e735f5d673203909d0aa7071a53a17a232e340e01e5fec91,masked_substitution,ba3aabd1e58fe8bca29dd88d6f4f965a8281935f54779b0338c0e85d58505b96,primary_parent,dc9964414a1b09672b2c580113f4bf332112d1c030f0bb5885ef95136237ddc1,guruprasad_instability_index,numeric,true,same_frozen_numeric_contract,minimize,index,5.695455,2.2909090909090897,-3.4045459090909103,3.4045459090909103,true,f8f37307f659d2831cf224b7421e54494c0400f71502a1d4f84ae7b65bf30214
fgf2,35a47cc24488bb22e735f5d673203909d0aa7071a53a17a232e340e01e5fec91,masked_substitution,ba3aabd1e58fe8bca29dd88d6f4f965a8281935f54779b0338c0e85d58505b96,primary_parent,dc9964414a1b09672b2c580113f4bf332112d1c030f0bb5885ef95136237ddc1,hydrophobic_moment_eisenberg,numeric,false,audit_metric_has_no_monotonic_improvement_direction,audit,dimensionless,0.17898144767932164,0.19255459468759362,0.013573147008271974,,true,3ac3ae274ebccbc50e83db91aba2141e89b97374406d04542c3cb332357dfa81
fgf2,35a47cc24488bb22e735f5d673203909d0aa7071a53a17a232e340e01e5fec91,masked_substitution,ba3aabd1e58fe8bca29dd88d6f4f965a8281935f54779b0338c0e85d58505b96,primary_parent,dc9964414a1b09672b2c580113f4bf332112d1c030f0bb5885ef95136237ddc1,hydrophobic_ratio_modlamp,numeric,false,audit_metric_has_no_monotonic_improvement_direction,audit,fraction,0.045454545454545456,0.045454545454545456,0.0,,false,b2e05c464a2803ec87e69bec7bab617562508930784f66a255b997996771ce13
fgf2,35a47cc24488bb22e735f5d673203909d0aa7071a53a17a232e340e01e5fec91,masked_substitution,ba3aabd1e58fe8bca29dd88d6f4f965a8281935f54779b0338c0e85d58505b96,primary_parent,dc9964414a1b09672b2c580113f4bf332112d1c030f0bb5885ef95136237ddc1,llamp_log10_mic_um,numeric,true,same_frozen_numeric_contract,minimize,log10(uM),0.8619756698608398,0.9949358701705933,0.13296020030975342,-0.13296020030975342,true,3026656a09d43aac655eac9197dd04d34f8c3c711cc1d9788c4e42e804bab7a1
fgf2,35a47cc24488bb22e735f5d673203909d0aa7071a53a17a232e340e01e5fec91,masked_substitution,ba3aabd1e58fe8bca29dd88d6f4f965a8281935f54779b0338c0e85d58505b96,primary_parent,dc9964414a1b09672b2c580113f4bf332112d1c030f0bb5885ef95136237ddc1,macrel_amp_probability,numeric,true,same_frozen_numeric_contract,maximize,probability,0.356,0.356,0.0,0.0,false,49aec1f555de8ee4350b735fe9c14b0c82a91ede0377637e6c9d0cabdad8548b
fgf2,35a47cc24488bb22e735f5d673203909d0aa7071a53a17a232e340e01e5fec91,masked_substitution,ba3aabd1e58fe8bca29dd88d6f4f965a8281935f54779b0338c0e85d58505b96,primary_parent,dc9964414a1b09672b2c580113f4bf332112d1c030f0bb5885ef95136237ddc1,macrel_hemolysis_label,categorical,true,same_frozen_label_contract,audit,label,low,low,,,false,69266627c133c0dff8af701a19d42573a76f41c1bec8e2a7cb0ecc994b168f66
fgf2,35a47cc24488bb22e735f5d673203909d0aa7071a53a17a232e340e01e5fec91,masked_substitution,ba3aabd1e58fe8bca29dd88d6f4f965a8281935f54779b0338c0e85d58505b96,primary_parent,dc9964414a1b09672b2c580113f4bf332112d1c030f0bb5885ef95136237ddc1,macrel_hemolysis_probability,numeric,true,same_frozen_numeric_contract,minimize,probability,0.436,0.446,0.010000000000000009,-0.010000000000000009,true,c95c84beca48461be33f3c064a5450de032641c005f4a4331b771f09e0442a3a
fgf2,35a47cc24488bb22e735f5d673203909d0aa7071a53a17a232e340e01e5fec91,masked_substitution,ba3aabd1e58fe8bca29dd88d6f4f965a8281935f54779b0338c0e85d58505b96,primary_parent,dc9964414a1b09672b2c580113f4bf332112d1c030f0bb5885ef95136237ddc1,maximum_hydrophobic_run,numeric,true,same_frozen_numeric_contract,minimize,residues,1.0,2.0,1.0,-1.0,true,14d3c0e633a97bc3bbd92618962946c57022d4ce3b348390949b4332d69c075f
fgf2,35a47cc24488bb22e735f5d673203909d0aa7071a53a17a232e340e01e5fec91,masked_substitution,ba3aabd1e58fe8bca29dd88d6f4f965a8281935f54779b0338c0e85d58505b96,primary_parent,dc9964414a1b09672b2c580113f4bf332112d1c030f0bb5885ef95136237ddc1,net_charge_ph7_4,numeric,false,audit_metric_has_no_monotonic_improvement_direction,audit,elementary_charge,6.066,6.022,-0.043999999999999595,,true,a08d9f32a9866e4297d079ee9c078c62f8778f4507dd00e0fcdf8b7dd9ce62a6
fgf2,35a47cc24488bb22e735f5d673203909d0aa7071a53a17a232e340e01e5fec91,masked_substitution,ba3aabd1e58fe8bca29dd88d6f4f965a8281935f54779b0338c0e85d58505b96,primary_parent,dc9964414a1b09672b2c580113f4bf332112d1c030f0bb5885ef95136237ddc1,toxinpred3_hybrid_score,numeric,true,same_frozen_numeric_contract,minimize,dimensionless,0.0,0.0,0.0,-0.0,false,bc1dbf0b81d434f69a5eb86869f5780a4e368cc96b17d3c900febaae786b86de
fgf2,35a47cc24488bb22e735f5d673203909d0aa7071a53a17a232e340e01e5fec91,masked_substitution,ba3aabd1e58fe8bca29dd88d6f4f965a8281935f54779b0338c0e85d58505b96,primary_parent,dc9964414a1b09672b2c580113f4bf332112d1c030f0bb5885ef95136237ddc1,toxinpred3_label,categorical,true,same_frozen_label_contract,audit,label,Non-Toxin,Non-Toxin,,,false,ea83b8e5ab3e35154c06d077f6619fe26cf089b1dd02cea066fe60844b5c92aa
fgf2,92deff2c00f27038a64fa60835443d353c373fc03614ecc009c152412931b8d3,masked_substitution,df8707c64378bc6bd3938ec5b04e76692e9e7eb19be760c35e6207f20696c150,primary_parent,dc9964414a1b09672b2c580113f4bf332112d1c030f0bb5885ef95136237ddc1,amp_read_log10_mic_um,numeric,true,same_frozen_numeric_contract,minimize,log10(uM),2.5455829971143507,2.0560821985857283,-0.4895007985286224,0.4895007985286224,true,37100a1bbf55a7560fb6d25b1f0b2a8f0446ba185c2dde0aabdd3794eb4588bd
fgf2,92deff2c00f27038a64fa60835443d353c373fc03614ecc009c152412931b8d3,masked_substitution,df8707c64378bc6bd3938ec5b04e76692e9e7eb19be760c35e6207f20696c150,primary_parent,dc9964414a1b09672b2c580113f4bf332112d1c030f0bb5885ef95136237ddc1,guruprasad_instability_index,numeric,true,same_frozen_numeric_contract,minimize,index,5.695455,-1.1363636363636371,-6.8318186363636375,6.8318186363636375,true,9b2adba07dae83384837649a905fef83c2154027b51e4495af2f2165ecb229e6
fgf2,92deff2c00f27038a64fa60835443d353c373fc03614ecc009c152412931b8d3,masked_substitution,df8707c64378bc6bd3938ec5b04e76692e9e7eb19be760c35e6207f20696c150,primary_parent,dc9964414a1b09672b2c580113f4bf332112d1c030f0bb5885ef95136237ddc1,hydrophobic_moment_eisenberg,numeric,false,audit_metric_has_no_monotonic_improvement_direction,audit,dimensionless,0.17898144767932164,0.1424106700268658,-0.03657077765245584,,true,6d645655842849fe169beab1182ac9bd4465ef74ebf58a454e2fd9d11b5e0c54
fgf2,92deff2c00f27038a64fa60835443d353c373fc03614ecc009c152412931b8d3,masked_substitution,df8707c64378bc6bd3938ec5b04e76692e9e7eb19be760c35e6207f20696c150,primary_parent,dc9964414a1b09672b2c580113f4bf332112d1c030f0bb5885ef95136237ddc1,hydrophobic_ratio_modlamp,numeric,false,audit_metric_has_no_monotonic_improvement_direction,audit,fraction,0.045454545454545456,0.09090909090909091,0.045454545454545456,,true,46316d2409f8273954e334cb5b6ad9551496479f66b68c5e3732e5ad046f2bd0
fgf2,92deff2c00f27038a64fa60835443d353c373fc03614ecc009c152412931b8d3,masked_substitution,df8707c64378bc6bd3938ec5b04e76692e9e7eb19be760c35e6207f20696c150,primary_parent,dc9964414a1b09672b2c580113f4bf332112d1c030f0bb5885ef95136237ddc1,llamp_log10_mic_um,numeric,true,same_frozen_numeric_contract,minimize,log10(uM),0.8619756698608398,0.9032120704650879,0.04123640060424805,-0.04123640060424805,true,2945c5e838401c2d57b012912c5b43edff45ad882508a0b071f1a54e33d98c2e
fgf2,92deff2c00f27038a64fa60835443d353c373fc03614ecc009c152412931b8d3,masked_substitution,df8707c64378bc6bd3938ec5b04e76692e9e7eb19be760c35e6207f20696c150,primary_parent,dc9964414a1b09672b2c580113f4bf332112d1c030f0bb5885ef95136237ddc1,macrel_amp_probability,numeric,true,same_frozen_numeric_contract,maximize,probability,0.356,0.287,-0.069,-0.069,true,2151ec6bf83d60d201d313e64146e94ef0f3b76ca79eba198f3350b0cdc956c2
fgf2,92deff2c00f27038a64fa60835443d353c373fc03614ecc009c152412931b8d3,masked_substitution,df8707c64378bc6bd3938ec5b04e76692e9e7eb19be760c35e6207f20696c150,primary_parent,dc9964414a1b09672b2c580113f4bf332112d1c030f0bb5885ef95136237ddc1,macrel_hemolysis_label,categorical,true,same_frozen_label_contract,audit,label,low,low,,,false,bcd9b293bedfa90e2e9ec9fb9cde0780d236b55ed8397bc8ebc5f516cc1f9735
fgf2,92deff2c00f27038a64fa60835443d353c373fc03614ecc009c152412931b8d3,masked_substitution,df8707c64378bc6bd3938ec5b04e76692e9e7eb19be760c35e6207f20696c150,primary_parent,dc9964414a1b09672b2c580113f4bf332112d1c030f0bb5885ef95136237ddc1,macrel_hemolysis_probability,numeric,true,same_frozen_numeric_contract,minimize,probability,0.436,0.455,0.019000000000000017,-0.019000000000000017,true,1be5eb38ff567edc1730f5e9aeeb03b9dbe5cc40130f3f6e8397515890c61a30
fgf2,92deff2c00f27038a64fa60835443d353c373fc03614ecc009c152412931b8d3,masked_substitution,df8707c64378bc6bd3938ec5b04e76692e9e7eb19be760c35e6207f20696c150,primary_parent,dc9964414a1b09672b2c580113f4bf332112d1c030f0bb5885ef95136237ddc1,maximum_hydrophobic_run,numeric,true,same_frozen_numeric_contract,minimize,residues,1.0,2.0,1.0,-1.0,true,a7b44ac278de4baac3a2ea0f5da0727e3dffffb970b938602015b1b6910db06f
fgf2,92deff2c00f27038a64fa60835443d353c373fc03614ecc009c152412931b8d3,masked_substitution,df8707c64378bc6bd3938ec5b04e76692e9e7eb19be760c35e6207f20696c150,primary_parent,dc9964414a1b09672b2c580113f4bf332112d1c030f0bb5885ef95136237ddc1,net_charge_ph7_4,numeric,false,audit_metric_has_no_monotonic_improvement_direction,audit,elementary_charge,6.066,6.066,0.0,,false,1bf7433a9ee7215819f8acd48a86ea202ddacd3806284baaa987d8b95c5d304c
fgf2,92deff2c00f27038a64fa60835443d353c373fc03614ecc009c152412931b8d3,masked_substitution,df8707c64378bc6bd3938ec5b04e76692e9e7eb19be760c35e6207f20696c150,primary_parent,dc9964414a1b09672b2c580113f4bf332112d1c030f0bb5885ef95136237ddc1,toxinpred3_hybrid_score,numeric,true,same_frozen_numeric_contract,minimize,dimensionless,0.0,0.29,0.29,-0.29,true,630ae5412d5292058f9f5d688a7c2ce002d73151cb86c579347d21c430eb1448
fgf2,92deff2c00f27038a64fa60835443d353c373fc03614ecc009c152412931b8d3,masked_substitution,df8707c64378bc6bd3938ec5b04e76692e9e7eb19be760c35e6207f20696c150,primary_parent,dc9964414a1b09672b2c580113f4bf332112d1c030f0bb5885ef95136237ddc1,toxinpred3_label,categorical,true,same_frozen_label_contract,audit,label,Non-Toxin,Non-Toxin,,,false,47c8cfadb8c60eb180cd228e2f14c3b3a1f4f5f4acdd9c9dea861f781e849852
fgf2,c6e64cbb7b2b02058a2442f7b4c44d7e8aba6a14b5d0fb4066db6342cf45e522,masked_substitution,da522e388cdd5aee24dd0eb5ea804cc5385119908f0117685944163b992ce0f8,primary_parent,dc9964414a1b09672b2c580113f4bf332112d1c030f0bb5885ef95136237ddc1,amp_read_log10_mic_um,numeric,true,same_frozen_numeric_contract,minimize,log10(uM),2.5455829971143507,2.1222380657983493,-0.42334493131600137,0.42334493131600137,true,fc7fd19906dc206a5fa14642aa0be9d10a37d627396cc0727244504a5ded4ab5
fgf2,c6e64cbb7b2b02058a2442f7b4c44d7e8aba6a14b5d0fb4066db6342cf45e522,masked_substitution,da522e388cdd5aee24dd0eb5ea804cc5385119908f0117685944163b992ce0f8,primary_parent,dc9964414a1b09672b2c580113f4bf332112d1c030f0bb5885ef95136237ddc1,guruprasad_instability_index,numeric,true,same_frozen_numeric_contract,minimize,index,5.695455,11.304545454545453,5.609090454545453,-5.609090454545453,true,4437eaf9aa171b03c04de3081fb6b3a8240ffb6bf9ab072daf0dd97c5aebdf2f
fgf2,c6e64cbb7b2b02058a2442f7b4c44d7e8aba6a14b5d0fb4066db6342cf45e522,masked_substitution,da522e388cdd5aee24dd0eb5ea804cc5385119908f0117685944163b992ce0f8,primary_parent,dc9964414a1b09672b2c580113f4bf332112d1c030f0bb5885ef95136237ddc1,hydrophobic_moment_eisenberg,numeric,false,audit_metric_has_no_monotonic_improvement_direction,audit,dimensionless,0.17898144767932164,0.1355610054477241,-0.04342044223159755,,true,4d3d1a7659119022d2e4f8af88a347856842d8cf17fef300183f58eb289fdef1
fgf2,c6e64cbb7b2b02058a2442f7b4c44d7e8aba6a14b5d0fb4066db6342cf45e522,masked_substitution,da522e388cdd5aee24dd0eb5ea804cc5385119908f0117685944163b992ce0f8,primary_parent,dc9964414a1b09672b2c580113f4bf332112d1c030f0bb5885ef95136237ddc1,hydrophobic_ratio_modlamp,numeric,false,audit_metric_has_no_monotonic_improvement_direction,audit,fraction,0.045454545454545456,0.09090909090909091,0.045454545454545456,,true,652b44ec458b9b5aae67a3d5a6ec91adedb9a217e265857dd341944b74eb8b44
fgf2,c6e64cbb7b2b02058a2442f7b4c44d7e8aba6a14b5d0fb4066db6342cf45e522,masked_substitution,da522e388cdd5aee24dd0eb5ea804cc5385119908f0117685944163b992ce0f8,primary_parent,dc9964414a1b09672b2c580113f4bf332112d1c030f0bb5885ef95136237ddc1,llamp_log10_mic_um,numeric,true,same_frozen_numeric_contract,minimize,log10(uM),0.8619756698608398,0.9613255262374878,0.09934985637664795,-0.09934985637664795,true,025c0bab50be652a77a90db516de89e5612f512cde9591ebff9bf0f63c32e915
fgf2,c6e64cbb7b2b02058a2442f7b4c44d7e8aba6a14b5d0fb4066db6342cf45e522,masked_substitution,da522e388cdd5aee24dd0eb5ea804cc5385119908f0117685944163b992ce0f8,primary_parent,dc9964414a1b09672b2c580113f4bf332112d1c030f0bb5885ef95136237ddc1,macrel_amp_probability,numeric,true,same_frozen_numeric_contract,maximize,probability,0.356,0.287,-0.069,-0.069,true,64bbb81010013bd2c2a27a857fd06775ec196ee6b157efa918efe51fd3adab43
fgf2,c6e64cbb7b2b02058a2442f7b4c44d7e8aba6a14b5d0fb4066db6342cf45e522,masked_substitution,da522e388cdd5aee24dd0eb5ea804cc5385119908f0117685944163b992ce0f8,primary_parent,dc9964414a1b09672b2c580113f4bf332112d1c030f0bb5885ef95136237ddc1,macrel_hemolysis_label,categorical,true,same_frozen_label_contract,audit,label,low,low,,,false,3b7d4877cd6ba79d9f09ba753b23c92aaedbf532483e177f35abe075c116bfc8
fgf2,c6e64cbb7b2b02058a2442f7b4c44d7e8aba6a14b5d0fb4066db6342cf45e522,masked_substitution,da522e388cdd5aee24dd0eb5ea804cc5385119908f0117685944163b992ce0f8,primary_parent,dc9964414a1b09672b2c580113f4bf332112d1c030f0bb5885ef95136237ddc1,macrel_hemolysis_probability,numeric,true,same_frozen_numeric_contract,minimize,probability,0.436,0.465,0.029000000000000026,-0.029000000000000026,true,809a87598a117fcbc0910af9740c2e4125e0d6487b8338ff080f0ce50542d41e
fgf2,c6e64cbb7b2b02058a2442f7b4c44d7e8aba6a14b5d0fb4066db6342cf45e522,masked_substitution,da522e388cdd5aee24dd0eb5ea804cc5385119908f0117685944163b992ce0f8,primary_parent,dc9964414a1b09672b2c580113f4bf332112d1c030f0bb5885ef95136237ddc1,maximum_hydrophobic_run,numeric,true,same_frozen_numeric_contract,minimize,residues,1.0,2.0,1.0,-1.0,true,a44fe14a690e2f78f9d438a317a5e8c6f63191423f07ecee0d12ecd28f513394
fgf2,c6e64cbb7b2b02058a2442f7b4c44d7e8aba6a14b5d0fb4066db6342cf45e522,masked_substitution,da522e388cdd5aee24dd0eb5ea804cc5385119908f0117685944163b992ce0f8,primary_parent,dc9964414a1b09672b2c580113f4bf332112d1c030f0bb5885ef95136237ddc1,net_charge_ph7_4,numeric,false,audit_metric_has_no_monotonic_improvement_direction,audit,elementary_charge,6.066,6.066,0.0,,false,de4134be3c75ee6e06499bb1a6bf5e8661f1fe3db10d52b1481498e80b414d88
fgf2,c6e64cbb7b2b02058a2442f7b4c44d7e8aba6a14b5d0fb4066db6342cf45e522,masked_substitution,da522e388cdd5aee24dd0eb5ea804cc5385119908f0117685944163b992ce0f8,primary_parent,dc9964414a1b09672b2c580113f4bf332112d1c030f0bb5885ef95136237ddc1,toxinpred3_hybrid_score,numeric,true,same_frozen_numeric_contract,minimize,dimensionless,0.0,0.31,0.31,-0.31,true,3100e4aade2532f9d1f9a5647307155a1edc98a72d4fe666e5d7b5ef26e7cfba
fgf2,c6e64cbb7b2b02058a2442f7b4c44d7e8aba6a14b5d0fb4066db6342cf45e522,masked_substitution,da522e388cdd5aee24dd0eb5ea804cc5385119908f0117685944163b992ce0f8,primary_parent,dc9964414a1b09672b2c580113f4bf332112d1c030f0bb5885ef95136237ddc1,toxinpred3_label,categorical,true,same_frozen_label_contract,audit,label,Non-Toxin,Non-Toxin,,,false,86ed99179ba0d2e4e674d725dcb31e624867fe7113c073b65d6557bb8f2aaa85
fgf2,5a8b8b437c72fc7f684787ec934306f1388ea171bae7eea49ed91149dd2ed5a3,masked_substitution,e89beaf5bf0ad5c336a9a762509d9bbdc5a2fa1f9c90c5940496bc82e3a2803a,primary_parent,dc9964414a1b09672b2c580113f4bf332112d1c030f0bb5885ef95136237ddc1,amp_read_log10_mic_um,numeric,true,same_frozen_numeric_contract,minimize,log10(uM),2.5455829971143507,2.506190806404797,-0.0393921907095538,0.0393921907095538,true,d32790131507579042e93b043d7b86528a37cceea4b869b1c5e04574646ab696
fgf2,5a8b8b437c72fc7f684787ec934306f1388ea171bae7eea49ed91149dd2ed5a3,masked_substitution,e89beaf5bf0ad5c336a9a762509d9bbdc5a2fa1f9c90c5940496bc82e3a2803a,primary_parent,dc9964414a1b09672b2c580113f4bf332112d1c030f0bb5885ef95136237ddc1,guruprasad_instability_index,numeric,true,same_frozen_numeric_contract,minimize,index,5.695455,1.836363636363635,-3.859091363636365,3.859091363636365,true,53647e9868f73ef55f70b1be1dbcaa0e90056eb31ab0b58e77286b52279bcb13
fgf2,5a8b8b437c72fc7f684787ec934306f1388ea171bae7eea49ed91149dd2ed5a3,masked_substitution,e89beaf5bf0ad5c336a9a762509d9bbdc5a2fa1f9c90c5940496bc82e3a2803a,primary_parent,dc9964414a1b09672b2c580113f4bf332112d1c030f0bb5885ef95136237ddc1,hydrophobic_moment_eisenberg,numeric,false,audit_metric_has_no_monotonic_improvement_direction,audit,dimensionless,0.17898144767932164,0.1355610054477241,-0.04342044223159755,,true,165a150ae2abef67ce49078fff412435726bf34dd731ef26b48a74112696c1ae
fgf2,5a8b8b437c72fc7f684787ec934306f1388ea171bae7eea49ed91149dd2ed5a3,masked_substitution,e89beaf5bf0ad5c336a9a762509d9bbdc5a2fa1f9c90c5940496bc82e3a2803a,primary_parent,dc9964414a1b09672b2c580113f4bf332112d1c030f0bb5885ef95136237ddc1,hydrophobic_ratio_modlamp,numeric,false,audit_metric_has_no_monotonic_improvement_direction,audit,fraction,0.045454545454545456,0.09090909090909091,0.045454545454545456,,true,7d48d47568d271109c0e73fd734d3a9eb77bbfcb4b7363d215fa9e38c9220ccb
fgf2,5a8b8b437c72fc7f684787ec934306f1388ea171bae7eea49ed91149dd2ed5a3,masked_substitution,e89beaf5bf0ad5c336a9a762509d9bbdc5a2fa1f9c90c5940496bc82e3a2803a,primary_parent,dc9964414a1b09672b2c580113f4bf332112d1c030f0bb5885ef95136237ddc1,llamp_log10_mic_um,numeric,true,same_frozen_numeric_contract,minimize,log10(uM),0.8619756698608398,0.9231158494949341,0.06114017963409424,-0.06114017963409424,true,b05fcbbc734cdc099c88d0e27a6d493ab68897c1242b6b20ddb536e06429a342
fgf2,5a8b8b437c72fc7f684787ec934306f1388ea171bae7eea49ed91149dd2ed5a3,masked_substitution,e89beaf5bf0ad5c336a9a762509d9bbdc5a2fa1f9c90c5940496bc82e3a2803a,primary_parent,dc9964414a1b09672b2c580113f4bf332112d1c030f0bb5885ef95136237ddc1,macrel_amp_probability,numeric,true,same_frozen_numeric_contract,maximize,probability,0.356,0.297,-0.059,-0.059,true,e4e2c266ec573ad6e2018abdee8535e853728d5a530d9aff6267a4f6bf441aec
fgf2,5a8b8b437c72fc7f684787ec934306f1388ea171bae7eea49ed91149dd2ed5a3,masked_substitution,e89beaf5bf0ad5c336a9a762509d9bbdc5a2fa1f9c90c5940496bc82e3a2803a,primary_parent,dc9964414a1b09672b2c580113f4bf332112d1c030f0bb5885ef95136237ddc1,macrel_hemolysis_label,categorical,true,same_frozen_label_contract,audit,label,low,low,,,false,91036eb1601b08e5aa44a9d3b3efc17362029898fb09fb420b6dcf8789c79eb8
fgf2,5a8b8b437c72fc7f684787ec934306f1388ea171bae7eea49ed91149dd2ed5a3,masked_substitution,e89beaf5bf0ad5c336a9a762509d9bbdc5a2fa1f9c90c5940496bc82e3a2803a,primary_parent,dc9964414a1b09672b2c580113f4bf332112d1c030f0bb5885ef95136237ddc1,macrel_hemolysis_probability,numeric,true,same_frozen_numeric_contract,minimize,probability,0.436,0.455,0.019000000000000017,-0.019000000000000017,true,559dfc851a53b7da41bc3c10afd8404b8a4bb0be1cc33d09ac7b4e693a1048f9
fgf2,5a8b8b437c72fc7f684787ec934306f1388ea171bae7eea49ed91149dd2ed5a3,masked_substitution,e89beaf5bf0ad5c336a9a762509d9bbdc5a2fa1f9c90c5940496bc82e3a2803a,primary_parent,dc9964414a1b09672b2c580113f4bf332112d1c030f0bb5885ef95136237ddc1,maximum_hydrophobic_run,numeric,true,same_frozen_numeric_contract,minimize,residues,1.0,2.0,1.0,-1.0,true,e9a5f0a03ae14fde1bdfcfa9a942c274491df67e6a8fc29ddb99158de3ac20d9
fgf2,5a8b8b437c72fc7f684787ec934306f1388ea171bae7eea49ed91149dd2ed5a3,masked_substitution,e89beaf5bf0ad5c336a9a762509d9bbdc5a2fa1f9c90c5940496bc82e3a2803a,primary_parent,dc9964414a1b09672b2c580113f4bf332112d1c030f0bb5885ef95136237ddc1,net_charge_ph7_4,numeric,false,audit_metric_has_no_monotonic_improvement_direction,audit,elementary_charge,6.066,6.066,0.0,,false,5cf12d3b60226b4c43d9de9df196d5a29ca46d6a564f0a280075afbaa540fca4
fgf2,5a8b8b437c72fc7f684787ec934306f1388ea171bae7eea49ed91149dd2ed5a3,masked_substitution,e89beaf5bf0ad5c336a9a762509d9bbdc5a2fa1f9c90c5940496bc82e3a2803a,primary_parent,dc9964414a1b09672b2c580113f4bf332112d1c030f0bb5885ef95136237ddc1,toxinpred3_hybrid_score,numeric,true,same_frozen_numeric_contract,minimize,dimensionless,0.0,0.275,0.275,-0.275,true,a5aeb97888e4b083d929518525464e5db316ac32d9f606ae7079596011ade8d6
fgf2,5a8b8b437c72fc7f684787ec934306f1388ea171bae7eea49ed91149dd2ed5a3,masked_substitution,e89beaf5bf0ad5c336a9a762509d9bbdc5a2fa1f9c90c5940496bc82e3a2803a,primary_parent,dc9964414a1b09672b2c580113f4bf332112d1c030f0bb5885ef95136237ddc1,toxinpred3_label,categorical,true,same_frozen_label_contract,audit,label,Non-Toxin,Non-Toxin,,,false,d9949c11e5ac932bed7cb974847f4575680ff898b0597ee96d8b1e58df762023
fgf2,1b548f803637088b7524d84210df7d890c3ed6103d14ede3f794655f364be2c4,masked_substitution,4ca8bab2c00a2874104e981288106284414c8c31c275777dd79e27b83932132d,primary_parent,dc9964414a1b09672b2c580113f4bf332112d1c030f0bb5885ef95136237ddc1,amp_read_log10_mic_um,numeric,true,same_frozen_numeric_contract,minimize,log10(uM),2.5455829971143507,1.8889702796203365,-0.6566127174940142,0.6566127174940142,true,5d72ee481e5888a6daafa02a8e33e8d0b595b8aa18c681281230fad9a1bbdf8b
fgf2,1b548f803637088b7524d84210df7d890c3ed6103d14ede3f794655f364be2c4,masked_substitution,4ca8bab2c00a2874104e981288106284414c8c31c275777dd79e27b83932132d,primary_parent,dc9964414a1b09672b2c580113f4bf332112d1c030f0bb5885ef95136237ddc1,guruprasad_instability_index,numeric,true,same_frozen_numeric_contract,minimize,index,5.695455,5.695454545454544,-4.545454554971684e-07,4.545454554971684e-07,true,811cc1788e49077543913753c67aed33e30e5cfda8262e6a525b2ff5ea08024c
fgf2,1b548f803637088b7524d84210df7d890c3ed6103d14ede3f794655f364be2c4,masked_substitution,4ca8bab2c00a2874104e981288106284414c8c31c275777dd79e27b83932132d,primary_parent,dc9964414a1b09672b2c580113f4bf332112d1c030f0bb5885ef95136237ddc1,hydrophobic_moment_eisenberg,numeric,false,audit_metric_has_no_monotonic_improvement_direction,audit,dimensionless,0.17898144767932164,0.13453606054887995,-0.04444538713044169,,true,71b440c2fb28ab8b741dd0ba96bcc2f4331a151f2d895592fdf13c9e7a7b2956
fgf2,1b548f803637088b7524d84210df7d890c3ed6103d14ede3f794655f364be2c4,masked_substitution,4ca8bab2c00a2874104e981288106284414c8c31c275777dd79e27b83932132d,primary_parent,dc9964414a1b09672b2c580113f4bf332112d1c030f0bb5885ef95136237ddc1,hydrophobic_ratio_modlamp,numeric,false,audit_metric_has_no_monotonic_improvement_direction,audit,fraction,0.045454545454545456,0.09090909090909091,0.045454545454545456,,true,d6010988310fb89f463f6573bbf0bc5db41be76edb41b905815bbbc66a0d289c
fgf2,1b548f803637088b7524d84210df7d890c3ed6103d14ede3f794655f364be2c4,masked_substitution,4ca8bab2c00a2874104e981288106284414c8c31c275777dd79e27b83932132d,primary_parent,dc9964414a1b09672b2c580113f4bf332112d1c030f0bb5885ef95136237ddc1,llamp_log10_mic_um,numeric,true,same_frozen_numeric_contract,minimize,log10(uM),0.8619756698608398,0.9165077209472656,0.05453205108642578,-0.05453205108642578,true,445e4737dbb9a2b53b1bb8a052dd04817e8c4e39b4e09a7ee660444a82ab87bd
fgf2,1b548f803637088b7524d84210df7d890c3ed6103d14ede3f794655f364be2c4,masked_substitution,4ca8bab2c00a2874104e981288106284414c8c31c275777dd79e27b83932132d,primary_parent,dc9964414a1b09672b2c580113f4bf332112d1c030f0bb5885ef95136237ddc1,macrel_amp_probability,numeric,true,same_frozen_numeric_contract,maximize,probability,0.356,0.416,0.06,0.06,true,35aa19e57e8edfe27cb0bde807af1934ecd563651cac92bc4607262e7b52db45
fgf2,1b548f803637088b7524d84210df7d890c3ed6103d14ede3f794655f364be2c4,masked_substitution,4ca8bab2c00a2874104e981288106284414c8c31c275777dd79e27b83932132d,primary_parent,dc9964414a1b09672b2c580113f4bf332112d1c030f0bb5885ef95136237ddc1,macrel_hemolysis_label,categorical,true,same_frozen_label_contract,audit,label,low,low,,,false,f1964516533bec31bde411c21c8a435907ef53a4374ab5e4e6572e24698e23c4
fgf2,1b548f803637088b7524d84210df7d890c3ed6103d14ede3f794655f364be2c4,masked_substitution,4ca8bab2c00a2874104e981288106284414c8c31c275777dd79e27b83932132d,primary_parent,dc9964414a1b09672b2c580113f4bf332112d1c030f0bb5885ef95136237ddc1,macrel_hemolysis_probability,numeric,true,same_frozen_numeric_contract,minimize,probability,0.436,0.455,0.019000000000000017,-0.019000000000000017,true,9a4664f171436fc228d42ec62bddd58fbbc9aa22be7d2426253e2944e5d5e6f1
fgf2,1b548f803637088b7524d84210df7d890c3ed6103d14ede3f794655f364be2c4,masked_substitution,4ca8bab2c00a2874104e981288106284414c8c31c275777dd79e27b83932132d,primary_parent,dc9964414a1b09672b2c580113f4bf332112d1c030f0bb5885ef95136237ddc1,maximum_hydrophobic_run,numeric,true,same_frozen_numeric_contract,minimize,residues,1.0,2.0,1.0,-1.0,true,5acbe25340d3e229ac695860d9429164088786dbfa39ef45b72d2487a9b54020
fgf2,1b548f803637088b7524d84210df7d890c3ed6103d14ede3f794655f364be2c4,masked_substitution,4ca8bab2c00a2874104e981288106284414c8c31c275777dd79e27b83932132d,primary_parent,dc9964414a1b09672b2c580113f4bf332112d1c030f0bb5885ef95136237ddc1,net_charge_ph7_4,numeric,false,audit_metric_has_no_monotonic_improvement_direction,audit,elementary_charge,6.066,6.066,0.0,,false,df802439a9c2d1ef110aa8b95aced5ac860dc0a5ba998f0ecbc681dda6795330
fgf2,1b548f803637088b7524d84210df7d890c3ed6103d14ede3f794655f364be2c4,masked_substitution,4ca8bab2c00a2874104e981288106284414c8c31c275777dd79e27b83932132d,primary_parent,dc9964414a1b09672b2c580113f4bf332112d1c030f0bb5885ef95136237ddc1,toxinpred3_hybrid_score,numeric,true,same_frozen_numeric_contract,minimize,dimensionless,0.0,0.0,0.0,-0.0,false,fef65db34b8b2ad8a2be468a059073f20127711738d3f19b8d9100d2a4ecbc26
fgf2,1b548f803637088b7524d84210df7d890c3ed6103d14ede3f794655f364be2c4,masked_substitution,4ca8bab2c00a2874104e981288106284414c8c31c275777dd79e27b83932132d,primary_parent,dc9964414a1b09672b2c580113f4bf332112d1c030f0bb5885ef95136237ddc1,toxinpred3_label,categorical,true,same_frozen_label_contract,audit,label,Non-Toxin,Non-Toxin,,,false,8c42fb3419e357370457477542e012fcca38a728a8c51d59d74d7f327ca90cf0
fgf2,16337a0eb1445549ee43978a4857e11187e4674a809c14fb2d4b0a1618b5b2f1,masked_substitution,b07d765b0e20ab7cff363e2111061fae64025a496ac29e93b2e7a36a9787a377,primary_parent,dc9964414a1b09672b2c580113f4bf332112d1c030f0bb5885ef95136237ddc1,amp_read_log10_mic_um,numeric,true,same_frozen_numeric_contract,minimize,log10(uM),2.5455829971143507,2.149707407209947,-0.39587558990440375,0.39587558990440375,true,6c8fd8f24d3d625e46b53b96c110e01d230459891c9c7dcf19014db07319cfe4
fgf2,16337a0eb1445549ee43978a4857e11187e4674a809c14fb2d4b0a1618b5b2f1,masked_substitution,b07d765b0e20ab7cff363e2111061fae64025a496ac29e93b2e7a36a9787a377,primary_parent,dc9964414a1b09672b2c580113f4bf332112d1c030f0bb5885ef95136237ddc1,guruprasad_instability_index,numeric,true,same_frozen_numeric_contract,minimize,index,5.695455,5.695454545454544,-4.545454554971684e-07,4.545454554971684e-07,true,8fba48dad3e2ce484611fb776a6c85996675c9d95670a67f4056927dd02dfcd1
fgf2,16337a0eb1445549ee43978a4857e11187e4674a809c14fb2d4b0a1618b5b2f1,masked_substitution,b07d765b0e20ab7cff363e2111061fae64025a496ac29e93b2e7a36a9787a377,primary_parent,dc9964414a1b09672b2c580113f4bf332112d1c030f0bb5885ef95136237ddc1,hydrophobic_moment_eisenberg,numeric,false,audit_metric_has_no_monotonic_improvement_direction,audit,dimensionless,0.17898144767932164,0.13933156229981652,-0.03964988537950512,,true,268eb98efd481ad5d55355227222f18285b63a8d8ff6fc95f4d44bf673665935
fgf2,16337a0eb1445549ee43978a4857e11187e4674a809c14fb2d4b0a1618b5b2f1,masked_substitution,b07d765b0e20ab7cff363e2111061fae64025a496ac29e93b2e7a36a9787a377,primary_parent,dc9964414a1b09672b2c580113f4bf332112d1c030f0bb5885ef95136237ddc1,hydrophobic_ratio_modlamp,numeric,false,audit_metric_has_no_monotonic_improvement_direction,audit,fraction,0.045454545454545456,0.045454545454545456,0.0,,false,8a5ad90ae2d4f0a9277689bf7f193b5ee22571ca702c363254cb2fb9f7e04ee6
fgf2,16337a0eb1445549ee43978a4857e11187e4674a809c14fb2d4b0a1618b5b2f1,masked_substitution,b07d765b0e20ab7cff363e2111061fae64025a496ac29e93b2e7a36a9787a377,primary_parent,dc9964414a1b09672b2c580113f4bf332112d1c030f0bb5885ef95136237ddc1,llamp_log10_mic_um,numeric,true,same_frozen_numeric_contract,minimize,log10(uM),0.8619756698608398,0.9314194917678833,0.06944382190704346,-0.06944382190704346,true,83edc3813c8799db0156ce7be0357026475595f9259e0ef2600b31532093cbd8
fgf2,16337a0eb1445549ee43978a4857e11187e4674a809c14fb2d4b0a1618b5b2f1,masked_substitution,b07d765b0e20ab7cff363e2111061fae64025a496ac29e93b2e7a36a9787a377,primary_parent,dc9964414a1b09672b2c580113f4bf332112d1c030f0bb5885ef95136237ddc1,macrel_amp_probability,numeric,true,same_frozen_numeric_contract,maximize,probability,0.356,0.406,0.050000000000000044,0.050000000000000044,true,92bb7e3452894dd7af215368ee637fee7d70eb83e2c57e779733124e92e5a6b6
fgf2,16337a0eb1445549ee43978a4857e11187e4674a809c14fb2d4b0a1618b5b2f1,masked_substitution,b07d765b0e20ab7cff363e2111061fae64025a496ac29e93b2e7a36a9787a377,primary_parent,dc9964414a1b09672b2c580113f4bf332112d1c030f0bb5885ef95136237ddc1,macrel_hemolysis_label,categorical,true,same_frozen_label_contract,audit,label,low,low,,,false,5f8ab95ed4d19c25262da16e13fdcd4e311c9bd9132804d2eee4ab0a46c11efa
fgf2,16337a0eb1445549ee43978a4857e11187e4674a809c14fb2d4b0a1618b5b2f1,masked_substitution,b07d765b0e20ab7cff363e2111061fae64025a496ac29e93b2e7a36a9787a377,primary_parent,dc9964414a1b09672b2c580113f4bf332112d1c030f0bb5885ef95136237ddc1,macrel_hemolysis_probability,numeric,true,same_frozen_numeric_contract,minimize,probability,0.436,0.455,0.019000000000000017,-0.019000000000000017,true,5f9006d97eb3d89e9189ba1a37319dc4b2fbb0aa68bb60e35303add569023a50
fgf2,16337a0eb1445549ee43978a4857e11187e4674a809c14fb2d4b0a1618b5b2f1,masked_substitution,b07d765b0e20ab7cff363e2111061fae64025a496ac29e93b2e7a36a9787a377,primary_parent,dc9964414a1b09672b2c580113f4bf332112d1c030f0bb5885ef95136237ddc1,maximum_hydrophobic_run,numeric,true,same_frozen_numeric_contract,minimize,residues,1.0,2.0,1.0,-1.0,true,f54a716ae8a9dd1c1f92d6dfc85842a158fbead23159d58441d4f732b5624cb3
fgf2,16337a0eb1445549ee43978a4857e11187e4674a809c14fb2d4b0a1618b5b2f1,masked_substitution,b07d765b0e20ab7cff363e2111061fae64025a496ac29e93b2e7a36a9787a377,primary_parent,dc9964414a1b09672b2c580113f4bf332112d1c030f0bb5885ef95136237ddc1,net_charge_ph7_4,numeric,false,audit_metric_has_no_monotonic_improvement_direction,audit,elementary_charge,6.066,6.066,0.0,,false,dad0bc00c726c6d17f6ded257e7d40f2b1a0998a411d64254a7d69c14116bcb5
fgf2,16337a0eb1445549ee43978a4857e11187e4674a809c14fb2d4b0a1618b5b2f1,masked_substitution,b07d765b0e20ab7cff363e2111061fae64025a496ac29e93b2e7a36a9787a377,primary_parent,dc9964414a1b09672b2c580113f4bf332112d1c030f0bb5885ef95136237ddc1,toxinpred3_hybrid_score,numeric,true,same_frozen_numeric_contract,minimize,dimensionless,0.0,0.33,0.33,-0.33,true,429b15a885f8da7847e4b6b9a7ded6c756c4d6fb0a08b0e17b43411b11c3de97
fgf2,16337a0eb1445549ee43978a4857e11187e4674a809c14fb2d4b0a1618b5b2f1,masked_substitution,b07d765b0e20ab7cff363e2111061fae64025a496ac29e93b2e7a36a9787a377,primary_parent,dc9964414a1b09672b2c580113f4bf332112d1c030f0bb5885ef95136237ddc1,toxinpred3_label,categorical,true,same_frozen_label_contract,audit,label,Non-Toxin,Non-Toxin,,,false,0b000bec9a29f20ff7139e476899bde8205e590356874b1570b2dd5ba2b6d3bc
fgf2,92acd3a52afc275506de04faec759ad17d2c366ed2d295f9b59808c474774cfd,masked_substitution,9d3da64fe2a4151dac4f569c1335b22dba377a89429d4550a4f81bd9338fa3b7,primary_parent,f2ae21e180b652bfebf3d5ddadc548e5a203bc160d1132ebb1cdf640bbc3b27f,amp_read_log10_mic_um,numeric,true,same_frozen_numeric_contract,minimize,log10(uM),2.597941786798904,2.5621990929448684,-0.0357426938540355,0.0357426938540355,true,c307f89bce061477cd6193209db76e09955a1cd692351a2eaa0daa49468a78c1
fgf2,92acd3a52afc275506de04faec759ad17d2c366ed2d295f9b59808c474774cfd,masked_substitution,9d3da64fe2a4151dac4f569c1335b22dba377a89429d4550a4f81bd9338fa3b7,primary_parent,f2ae21e180b652bfebf3d5ddadc548e5a203bc160d1132ebb1cdf640bbc3b27f,guruprasad_instability_index,numeric,true,same_frozen_numeric_contract,minimize,index,29.246154,29.24615384615385,-1.5384615181801564e-07,1.5384615181801564e-07,true,23d1e408d5aa62c8c63f4d9ec897fdc65125c974d3878234a767eb553e833b01
fgf2,92acd3a52afc275506de04faec759ad17d2c366ed2d295f9b59808c474774cfd,masked_substitution,9d3da64fe2a4151dac4f569c1335b22dba377a89429d4550a4f81bd9338fa3b7,primary_parent,f2ae21e180b652bfebf3d5ddadc548e5a203bc160d1132ebb1cdf640bbc3b27f,hydrophobic_moment_eisenberg,numeric,false,audit_metric_has_no_monotonic_improvement_direction,audit,dimensionless,0.24330416982349223,0.22918589663382585,-0.01411827318966638,,true,b80a47919cf250e6838b7d49dbd4ea76e179e071266247546ba6ed941d01d713
fgf2,92acd3a52afc275506de04faec759ad17d2c366ed2d295f9b59808c474774cfd,masked_substitution,9d3da64fe2a4151dac4f569c1335b22dba377a89429d4550a4f81bd9338fa3b7,primary_parent,f2ae21e180b652bfebf3d5ddadc548e5a203bc160d1132ebb1cdf640bbc3b27f,hydrophobic_ratio_modlamp,numeric,false,audit_metric_has_no_monotonic_improvement_direction,audit,fraction,0.07692307692307693,0.11538461538461539,0.038461538461538464,,true,e0213e3c3c885a495f5f8fd612b95eba53bfd1c886101536babb6993a617de4e
fgf2,92acd3a52afc275506de04faec759ad17d2c366ed2d295f9b59808c474774cfd,masked_substitution,9d3da64fe2a4151dac4f569c1335b22dba377a89429d4550a4f81bd9338fa3b7,primary_parent,f2ae21e180b652bfebf3d5ddadc548e5a203bc160d1132ebb1cdf640bbc3b27f,llamp_log10_mic_um,numeric,true,same_frozen_numeric_contract,minimize,log10(uM),1.645182728767395,1.4919283390045166,-0.15325438976287842,0.15325438976287842,true,161d36812772e5961743a45608459f353b1f2bae1970be6fbd95e96edf1cea98
fgf2,92acd3a52afc275506de04faec759ad17d2c366ed2d295f9b59808c474774cfd,masked_substitution,9d3da64fe2a4151dac4f569c1335b22dba377a89429d4550a4f81bd9338fa3b7,primary_parent,f2ae21e180b652bfebf3d5ddadc548e5a203bc160d1132ebb1cdf640bbc3b27f,macrel_amp_probability,numeric,true,same_frozen_numeric_contract,maximize,probability,0.396,0.267,-0.129,-0.129,true,8f4a596d17eeb7826baa1fb76b74d4b06d077172b11ec32226397a921eb309b3
fgf2,92acd3a52afc275506de04faec759ad17d2c366ed2d295f9b59808c474774cfd,masked_substitution,9d3da64fe2a4151dac4f569c1335b22dba377a89429d4550a4f81bd9338fa3b7,primary_parent,f2ae21e180b652bfebf3d5ddadc548e5a203bc160d1132ebb1cdf640bbc3b27f,macrel_hemolysis_label,categorical,true,same_frozen_label_contract,audit,label,low,low,,,false,b7114ad7a457bebc6d428e2bb0de891c3667f558d3619ee5b07795a3dee2b847
fgf2,92acd3a52afc275506de04faec759ad17d2c366ed2d295f9b59808c474774cfd,masked_substitution,9d3da64fe2a4151dac4f569c1335b22dba377a89429d4550a4f81bd9338fa3b7,primary_parent,f2ae21e180b652bfebf3d5ddadc548e5a203bc160d1132ebb1cdf640bbc3b27f,macrel_hemolysis_probability,numeric,true,same_frozen_numeric_contract,minimize,probability,0.416,0.475,0.059,-0.059,true,5090724d3ac609f50b5c4829fd904edb5afdb994dd98eef5bec32c46412e13fd
fgf2,92acd3a52afc275506de04faec759ad17d2c366ed2d295f9b59808c474774cfd,masked_substitution,9d3da64fe2a4151dac4f569c1335b22dba377a89429d4550a4f81bd9338fa3b7,primary_parent,f2ae21e180b652bfebf3d5ddadc548e5a203bc160d1132ebb1cdf640bbc3b27f,maximum_hydrophobic_run,numeric,true,same_frozen_numeric_contract,minimize,residues,1.0,1.0,0.0,-0.0,false,61d9373f729a3d703a207cff12c0b785f01587bac834be569a2223d853a36299
fgf2,92acd3a52afc275506de04faec759ad17d2c366ed2d295f9b59808c474774cfd,masked_substitution,9d3da64fe2a4151dac4f569c1335b22dba377a89429d4550a4f81bd9338fa3b7,primary_parent,f2ae21e180b652bfebf3d5ddadc548e5a203bc160d1132ebb1cdf640bbc3b27f,net_charge_ph7_4,numeric,false,audit_metric_has_no_monotonic_improvement_direction,audit,elementary_charge,7.985,8.985,0.9999999999999991,,true,45c3913edf4b1f2b345f18c01b2602f7a00e6c603d836851bb680f497aab509c
fgf2,92acd3a52afc275506de04faec759ad17d2c366ed2d295f9b59808c474774cfd,masked_substitution,9d3da64fe2a4151dac4f569c1335b22dba377a89429d4550a4f81bd9338fa3b7,primary_parent,f2ae21e180b652bfebf3d5ddadc548e5a203bc160d1132ebb1cdf640bbc3b27f,toxinpred3_hybrid_score,numeric,true,same_frozen_numeric_contract,minimize,dimensionless,0.0,0.0,0.0,-0.0,false,4b49c14c60fd15a130a5a631fffd819ffd9c2d87eefd0bb33a201e2d3e731693
fgf2,92acd3a52afc275506de04faec759ad17d2c366ed2d295f9b59808c474774cfd,masked_substitution,9d3da64fe2a4151dac4f569c1335b22dba377a89429d4550a4f81bd9338fa3b7,primary_parent,f2ae21e180b652bfebf3d5ddadc548e5a203bc160d1132ebb1cdf640bbc3b27f,toxinpred3_label,categorical,true,same_frozen_label_contract,audit,label,Non-Toxin,Non-Toxin,,,false,7fe7e5a509966174949971863f71c79c11968e34f574520c7214ef3943e58093
fgf2,5552232c345ee6672665eae7cc28d84a5c7ef9716399e7f758a7a5be985af3fe,masked_substitution,4b7e48d1e4afbaa2b7fb1022b85bf04b1b625819ae12d976a1d90294e808ecbe,primary_parent,f2ae21e180b652bfebf3d5ddadc548e5a203bc160d1132ebb1cdf640bbc3b27f,amp_read_log10_mic_um,numeric,true,same_frozen_numeric_contract,minimize,log10(uM),2.597941786798904,2.5126728036506627,-0.08526898314824116,0.08526898314824116,true,7675ccce46234e061a77c5fdb1e9142d46a4fbc31924a7b82d033aba27ff9914
fgf2,5552232c345ee6672665eae7cc28d84a5c7ef9716399e7f758a7a5be985af3fe,masked_substitution,4b7e48d1e4afbaa2b7fb1022b85bf04b1b625819ae12d976a1d90294e808ecbe,primary_parent,f2ae21e180b652bfebf3d5ddadc548e5a203bc160d1132ebb1cdf640bbc3b27f,guruprasad_instability_index,numeric,true,same_frozen_numeric_contract,minimize,index,29.246154,31.403846153846157,2.157692153846156,-2.157692153846156,true,71720f9ea9644a8ccc246c9a1d0fd17da86534ff1775c08f84a394595a599cf4
fgf2,5552232c345ee6672665eae7cc28d84a5c7ef9716399e7f758a7a5be985af3fe,masked_substitution,4b7e48d1e4afbaa2b7fb1022b85bf04b1b625819ae12d976a1d90294e808ecbe,primary_parent,f2ae21e180b652bfebf3d5ddadc548e5a203bc160d1132ebb1cdf640bbc3b27f,hydrophobic_moment_eisenberg,numeric,false,audit_metric_has_no_monotonic_improvement_direction,audit,dimensionless,0.24330416982349223,0.22918589663382585,-0.01411827318966638,,true,9388b7441a673d45efa917a634de8798865a6008ecc6a616d4f4a58b852c57d2
fgf2,5552232c345ee6672665eae7cc28d84a5c7ef9716399e7f758a7a5be985af3fe,masked_substitution,4b7e48d1e4afbaa2b7fb1022b85bf04b1b625819ae12d976a1d90294e808ecbe,primary_parent,f2ae21e180b652bfebf3d5ddadc548e5a203bc160d1132ebb1cdf640bbc3b27f,hydrophobic_ratio_modlamp,numeric,false,audit_metric_has_no_monotonic_improvement_direction,audit,fraction,0.07692307692307693,0.11538461538461539,0.038461538461538464,,true,6f1e11c14482d6252f6c3236caded08496f3b9e7b8347acea8f45b2199319f61
fgf2,5552232c345ee6672665eae7cc28d84a5c7ef9716399e7f758a7a5be985af3fe,masked_substitution,4b7e48d1e4afbaa2b7fb1022b85bf04b1b625819ae12d976a1d90294e808ecbe,primary_parent,f2ae21e180b652bfebf3d5ddadc548e5a203bc160d1132ebb1cdf640bbc3b27f,llamp_log10_mic_um,numeric,true,same_frozen_numeric_contract,minimize,log10(uM),1.645182728767395,1.7032427787780762,0.05806005001068115,-0.05806005001068115,true,da6e32f5256d837b0b5fb44d34b8a736bbcbdf554bcd0357fbc78e83f0e158de
fgf2,5552232c345ee6672665eae7cc28d84a5c7ef9716399e7f758a7a5be985af3fe,masked_substitution,4b7e48d1e4afbaa2b7fb1022b85bf04b1b625819ae12d976a1d90294e808ecbe,primary_parent,f2ae21e180b652bfebf3d5ddadc548e5a203bc160d1132ebb1cdf640bbc3b27f,macrel_amp_probability,numeric,true,same_frozen_numeric_contract,maximize,probability,0.396,0.257,-0.139,-0.139,true,269a3496bffdf97a6a5e324cfe96932d1fc90d068dec09e2ad700fcabc0befbd
fgf2,5552232c345ee6672665eae7cc28d84a5c7ef9716399e7f758a7a5be985af3fe,masked_substitution,4b7e48d1e4afbaa2b7fb1022b85bf04b1b625819ae12d976a1d90294e808ecbe,primary_parent,f2ae21e180b652bfebf3d5ddadc548e5a203bc160d1132ebb1cdf640bbc3b27f,macrel_hemolysis_label,categorical,true,same_frozen_label_contract,audit,label,low,low,,,false,1a1ed2d23778ba1f883df0834d4c913ddf11be91dd13cc956af3c4f27ad85762
fgf2,5552232c345ee6672665eae7cc28d84a5c7ef9716399e7f758a7a5be985af3fe,masked_substitution,4b7e48d1e4afbaa2b7fb1022b85bf04b1b625819ae12d976a1d90294e808ecbe,primary_parent,f2ae21e180b652bfebf3d5ddadc548e5a203bc160d1132ebb1cdf640bbc3b27f,macrel_hemolysis_probability,numeric,true,same_frozen_numeric_contract,minimize,probability,0.416,0.426,0.010000000000000009,-0.010000000000000009,true,34533fdb601de1b6bbe35a3fe82ba2d7329d21a49d8894adc3af8724504e6ad9
fgf2,5552232c345ee6672665eae7cc28d84a5c7ef9716399e7f758a7a5be985af3fe,masked_substitution,4b7e48d1e4afbaa2b7fb1022b85bf04b1b625819ae12d976a1d90294e808ecbe,primary_parent,f2ae21e180b652bfebf3d5ddadc548e5a203bc160d1132ebb1cdf640bbc3b27f,maximum_hydrophobic_run,numeric,true,same_frozen_numeric_contract,minimize,residues,1.0,1.0,0.0,-0.0,false,d712b50d35873989217491af6df8b94f0ff6b6686db281781a7eba4e5e3e11e7
fgf2,5552232c345ee6672665eae7cc28d84a5c7ef9716399e7f758a7a5be985af3fe,masked_substitution,4b7e48d1e4afbaa2b7fb1022b85bf04b1b625819ae12d976a1d90294e808ecbe,primary_parent,f2ae21e180b652bfebf3d5ddadc548e5a203bc160d1132ebb1cdf640bbc3b27f,net_charge_ph7_4,numeric,false,audit_metric_has_no_monotonic_improvement_direction,audit,elementary_charge,7.985,8.985,0.9999999999999991,,true,6a8103780bd5bc9f555b7d3b431dbb653c91ab756a4caba26c8b6fa4d1fbb58f
fgf2,5552232c345ee6672665eae7cc28d84a5c7ef9716399e7f758a7a5be985af3fe,masked_substitution,4b7e48d1e4afbaa2b7fb1022b85bf04b1b625819ae12d976a1d90294e808ecbe,primary_parent,f2ae21e180b652bfebf3d5ddadc548e5a203bc160d1132ebb1cdf640bbc3b27f,toxinpred3_hybrid_score,numeric,true,same_frozen_numeric_contract,minimize,dimensionless,0.0,0.0,0.0,-0.0,false,f66eff69fc0eae7d0e104c324c9ea231c72ac8edc9a01c0b6cca539f15a70d5e
fgf2,5552232c345ee6672665eae7cc28d84a5c7ef9716399e7f758a7a5be985af3fe,masked_substitution,4b7e48d1e4afbaa2b7fb1022b85bf04b1b625819ae12d976a1d90294e808ecbe,primary_parent,f2ae21e180b652bfebf3d5ddadc548e5a203bc160d1132ebb1cdf640bbc3b27f,toxinpred3_label,categorical,true,same_frozen_label_contract,audit,label,Non-Toxin,Non-Toxin,,,false,493fb375f7baccd7b3e4a0cb6565f14815d0cfac04cf68b6beed55775f2fbee0
fgf2,bba27f90ff9d705ff64643c7f2bf3c5963048ef23c77d627b1368070b9238ff6,masked_substitution,06267bdd0d41439175a5bc3f0313d8b9f13f2744ed340b112f97f7a1dc77a961,primary_parent,f2ae21e180b652bfebf3d5ddadc548e5a203bc160d1132ebb1cdf640bbc3b27f,amp_read_log10_mic_um,numeric,true,same_frozen_numeric_contract,minimize,log10(uM),2.597941786798904,2.316025339570224,-0.2819164472286797,0.2819164472286797,true,130eecd188261c6279a26105023b388de325e05cb231cd2b2d4f3ffdbd1704e0
fgf2,bba27f90ff9d705ff64643c7f2bf3c5963048ef23c77d627b1368070b9238ff6,masked_substitution,06267bdd0d41439175a5bc3f0313d8b9f13f2744ed340b112f97f7a1dc77a961,primary_parent,f2ae21e180b652bfebf3d5ddadc548e5a203bc160d1132ebb1cdf640bbc3b27f,guruprasad_instability_index,numeric,true,same_frozen_numeric_contract,minimize,index,29.246154,32.511538461538464,3.2653844615384635,-3.2653844615384635,true,b019718da6cf5133ef01a02610e7b8b35565c980fbe254661e160db2638fa881
fgf2,bba27f90ff9d705ff64643c7f2bf3c5963048ef23c77d627b1368070b9238ff6,masked_substitution,06267bdd0d41439175a5bc3f0313d8b9f13f2744ed340b112f97f7a1dc77a961,primary_parent,f2ae21e180b652bfebf3d5ddadc548e5a203bc160d1132ebb1cdf640bbc3b27f,hydrophobic_moment_eisenberg,numeric,false,audit_metric_has_no_monotonic_improvement_direction,audit,dimensionless,0.24330416982349223,0.2296951309685359,-0.013609038854956346,,true,9021755d84a0cf28cc354b46f2e6c3c9b004bf7359208d30cf8982cbb7633a55
fgf2,bba27f90ff9d705ff64643c7f2bf3c5963048ef23c77d627b1368070b9238ff6,masked_substitution,06267bdd0d41439175a5bc3f0313d8b9f13f2744ed340b112f97f7a1dc77a961,primary_parent,f2ae21e180b652bfebf3d5ddadc548e5a203bc160d1132ebb1cdf640bbc3b27f,hydrophobic_ratio_modlamp,numeric,false,audit_metric_has_no_monotonic_improvement_direction,audit,fraction,0.07692307692307693,0.07692307692307693,0.0,,false,79fbfbcc9bb45d6e5888957f54f521d92e1362ec5e9dd44f1b8e0e4f7d9bd6bb
fgf2,bba27f90ff9d705ff64643c7f2bf3c5963048ef23c77d627b1368070b9238ff6,masked_substitution,06267bdd0d41439175a5bc3f0313d8b9f13f2744ed340b112f97f7a1dc77a961,primary_parent,f2ae21e180b652bfebf3d5ddadc548e5a203bc160d1132ebb1cdf640bbc3b27f,llamp_log10_mic_um,numeric,true,same_frozen_numeric_contract,minimize,log10(uM),1.645182728767395,1.4327031373977661,-0.2124795913696289,0.2124795913696289,true,d4f0d709722b3e2e6b0c9c353185f62adeb69c89fa58fe2d0d638d268d21ff90
fgf2,bba27f90ff9d705ff64643c7f2bf3c5963048ef23c77d627b1368070b9238ff6,masked_substitution,06267bdd0d41439175a5bc3f0313d8b9f13f2744ed340b112f97f7a1dc77a961,primary_parent,f2ae21e180b652bfebf3d5ddadc548e5a203bc160d1132ebb1cdf640bbc3b27f,macrel_amp_probability,numeric,true,same_frozen_numeric_contract,maximize,probability,0.396,0.307,-0.08900000000000002,-0.08900000000000002,true,3bab7d5ac3d4b60ebb2cab099fcdeb4d73e0bdc98d620afce4b56b47b3b12c35
fgf2,bba27f90ff9d705ff64643c7f2bf3c5963048ef23c77d627b1368070b9238ff6,masked_substitution,06267bdd0d41439175a5bc3f0313d8b9f13f2744ed340b112f97f7a1dc77a961,primary_parent,f2ae21e180b652bfebf3d5ddadc548e5a203bc160d1132ebb1cdf640bbc3b27f,macrel_hemolysis_label,categorical,true,same_frozen_label_contract,audit,label,low,low,,,false,645c72771abb74eb32222fe4f9279f5d3cc16a3195fbc99c2c1c650b81f191a9
fgf2,bba27f90ff9d705ff64643c7f2bf3c5963048ef23c77d627b1368070b9238ff6,masked_substitution,06267bdd0d41439175a5bc3f0313d8b9f13f2744ed340b112f97f7a1dc77a961,primary_parent,f2ae21e180b652bfebf3d5ddadc548e5a203bc160d1132ebb1cdf640bbc3b27f,macrel_hemolysis_probability,numeric,true,same_frozen_numeric_contract,minimize,probability,0.416,0.485,0.069,-0.069,true,1ad8699f1afb333e12d0317e51256021ae75e7e429a7e642d9ce47beedd2d8ae
fgf2,bba27f90ff9d705ff64643c7f2bf3c5963048ef23c77d627b1368070b9238ff6,masked_substitution,06267bdd0d41439175a5bc3f0313d8b9f13f2744ed340b112f97f7a1dc77a961,primary_parent,f2ae21e180b652bfebf3d5ddadc548e5a203bc160d1132ebb1cdf640bbc3b27f,maximum_hydrophobic_run,numeric,true,same_frozen_numeric_contract,minimize,residues,1.0,1.0,0.0,-0.0,false,f95f68cc236ad3ac02d26382f413d037241c4d74e8784e7072be4ebe83b264d2
fgf2,bba27f90ff9d705ff64643c7f2bf3c5963048ef23c77d627b1368070b9238ff6,masked_substitution,06267bdd0d41439175a5bc3f0313d8b9f13f2744ed340b112f97f7a1dc77a961,primary_parent,f2ae21e180b652bfebf3d5ddadc548e5a203bc160d1132ebb1cdf640bbc3b27f,net_charge_ph7_4,numeric,false,audit_metric_has_no_monotonic_improvement_direction,audit,elementary_charge,7.985,8.985,0.9999999999999991,,true,6d28036665ea10f3cc4420fe541876634dcd765e2395f7a0c6d51c4108f5eb8d
fgf2,bba27f90ff9d705ff64643c7f2bf3c5963048ef23c77d627b1368070b9238ff6,masked_substitution,06267bdd0d41439175a5bc3f0313d8b9f13f2744ed340b112f97f7a1dc77a961,primary_parent,f2ae21e180b652bfebf3d5ddadc548e5a203bc160d1132ebb1cdf640bbc3b27f,toxinpred3_hybrid_score,numeric,true,same_frozen_numeric_contract,minimize,dimensionless,0.0,0.0,0.0,-0.0,false,65b5c2f3c164f9a1ed25069e53536c33ab829cc94e78c4a7697cda14084a3536
fgf2,bba27f90ff9d705ff64643c7f2bf3c5963048ef23c77d627b1368070b9238ff6,masked_substitution,06267bdd0d41439175a5bc3f0313d8b9f13f2744ed340b112f97f7a1dc77a961,primary_parent,f2ae21e180b652bfebf3d5ddadc548e5a203bc160d1132ebb1cdf640bbc3b27f,toxinpred3_label,categorical,true,same_frozen_label_contract,audit,label,Non-Toxin,Non-Toxin,,,false,13746277f6eb3fc3f1103db58288010559ef4fbf38c51bc22fd9bc450d24940f
fgf2,ee298543d7fe013618623afd44bee7e11370819155d98632777e82f15b534063,masked_substitution,6566b705a5d973e59de3354052eb77bf6e549777608e913e3568c5577934ed93,primary_parent,f2ae21e180b652bfebf3d5ddadc548e5a203bc160d1132ebb1cdf640bbc3b27f,amp_read_log10_mic_um,numeric,true,same_frozen_numeric_contract,minimize,log10(uM),2.597941786798904,2.3916840630161462,-0.20625772378275764,0.20625772378275764,true,8b34f4c1ecf035ac108c065c6e986dba2c569336e626c525023ac70b3489f527
fgf2,ee298543d7fe013618623afd44bee7e11370819155d98632777e82f15b534063,masked_substitution,6566b705a5d973e59de3354052eb77bf6e549777608e913e3568c5577934ed93,primary_parent,f2ae21e180b652bfebf3d5ddadc548e5a203bc160d1132ebb1cdf640bbc3b27f,guruprasad_instability_index,numeric,true,same_frozen_numeric_contract,minimize,index,29.246154,32.511538461538464,3.2653844615384635,-3.2653844615384635,true,5727028e99b41192af952aefdc1655cbea3c4feffc2d2c3d90233241fbe37124
fgf2,ee298543d7fe013618623afd44bee7e11370819155d98632777e82f15b534063,masked_substitution,6566b705a5d973e59de3354052eb77bf6e549777608e913e3568c5577934ed93,primary_parent,f2ae21e180b652bfebf3d5ddadc548e5a203bc160d1132ebb1cdf640bbc3b27f,hydrophobic_moment_eisenberg,numeric,false,audit_metric_has_no_monotonic_improvement_direction,audit,dimensionless,0.24330416982349223,0.1770981199790957,-0.06620604984439654,,true,521bc6c44a16656c9b3c75dde47512bfa9d50d5db7c3580f3ad12f1e9601b849
fgf2,ee298543d7fe013618623afd44bee7e11370819155d98632777e82f15b534063,masked_substitution,6566b705a5d973e59de3354052eb77bf6e549777608e913e3568c5577934ed93,primary_parent,f2ae21e180b652bfebf3d5ddadc548e5a203bc160d1132ebb1cdf640bbc3b27f,hydrophobic_ratio_modlamp,numeric,false,audit_metric_has_no_monotonic_improvement_direction,audit,fraction,0.07692307692307693,0.11538461538461539,0.038461538461538464,,true,fac9534a398da619b5142d377a3db877f96072218a9effd9bf5c5d397c879138
fgf2,ee298543d7fe013618623afd44bee7e11370819155d98632777e82f15b534063,masked_substitution,6566b705a5d973e59de3354052eb77bf6e549777608e913e3568c5577934ed93,primary_parent,f2ae21e180b652bfebf3d5ddadc548e5a203bc160d1132ebb1cdf640bbc3b27f,llamp_log10_mic_um,numeric,true,same_frozen_numeric_contract,minimize,log10(uM),1.645182728767395,2.141540050506592,0.4963573217391968,-0.4963573217391968,true,46bc5326af8e2c7ada782f2b01950cd0fca10268b15a496af81fcd3c7c66aed6
fgf2,ee298543d7fe013618623afd44bee7e11370819155d98632777e82f15b534063,masked_substitution,6566b705a5d973e59de3354052eb77bf6e549777608e913e3568c5577934ed93,primary_parent,f2ae21e180b652bfebf3d5ddadc548e5a203bc160d1132ebb1cdf640bbc3b27f,macrel_amp_probability,numeric,true,same_frozen_numeric_contract,maximize,probability,0.396,0.218,-0.17800000000000002,-0.17800000000000002,true,a8b6aeccf1276ff6091e259d7cb39d33c3b29a885ce39c784b5e4136a86a9d11
fgf2,ee298543d7fe013618623afd44bee7e11370819155d98632777e82f15b534063,masked_substitution,6566b705a5d973e59de3354052eb77bf6e549777608e913e3568c5577934ed93,primary_parent,f2ae21e180b652bfebf3d5ddadc548e5a203bc160d1132ebb1cdf640bbc3b27f,macrel_hemolysis_label,categorical,true,same_frozen_label_contract,audit,label,low,low,,,false,bdf48fbc2b5ac5d1efdf5310d3802a5bcff6bee3ffeab98e39b6fd3f97d1a98f
fgf2,ee298543d7fe013618623afd44bee7e11370819155d98632777e82f15b534063,masked_substitution,6566b705a5d973e59de3354052eb77bf6e549777608e913e3568c5577934ed93,primary_parent,f2ae21e180b652bfebf3d5ddadc548e5a203bc160d1132ebb1cdf640bbc3b27f,macrel_hemolysis_probability,numeric,true,same_frozen_numeric_contract,minimize,probability,0.416,0.317,-0.09899999999999998,0.09899999999999998,true,1135a69b68bb52e9602efa78f0de516a7a72705b5432e4c1d9109bce57d37abe
fgf2,ee298543d7fe013618623afd44bee7e11370819155d98632777e82f15b534063,masked_substitution,6566b705a5d973e59de3354052eb77bf6e549777608e913e3568c5577934ed93,primary_parent,f2ae21e180b652bfebf3d5ddadc548e5a203bc160d1132ebb1cdf640bbc3b27f,maximum_hydrophobic_run,numeric,true,same_frozen_numeric_contract,minimize,residues,1.0,1.0,0.0,-0.0,false,df60c567fafd5308f69004862edbca373f92e6bcfdef0707212b5151d053d15e
fgf2,ee298543d7fe013618623afd44bee7e11370819155d98632777e82f15b534063,masked_substitution,6566b705a5d973e59de3354052eb77bf6e549777608e913e3568c5577934ed93,primary_parent,f2ae21e180b652bfebf3d5ddadc548e5a203bc160d1132ebb1cdf640bbc3b27f,net_charge_ph7_4,numeric,false,audit_metric_has_no_monotonic_improvement_direction,audit,elementary_charge,7.985,6.985,-1.0,,true,3d3e92776d48e2b17c951110ce20752b570dec51763effb0cd404cf8af948dac
fgf2,ee298543d7fe013618623afd44bee7e11370819155d98632777e82f15b534063,masked_substitution,6566b705a5d973e59de3354052eb77bf6e549777608e913e3568c5577934ed93,primary_parent,f2ae21e180b652bfebf3d5ddadc548e5a203bc160d1132ebb1cdf640bbc3b27f,toxinpred3_hybrid_score,numeric,true,same_frozen_numeric_contract,minimize,dimensionless,0.0,0.0,0.0,-0.0,false,a2fb81364ce66b2bfe75ba16cf4fcde0e4d053d9812fbbf4b8456966f72b1857
fgf2,ee298543d7fe013618623afd44bee7e11370819155d98632777e82f15b534063,masked_substitution,6566b705a5d973e59de3354052eb77bf6e549777608e913e3568c5577934ed93,primary_parent,f2ae21e180b652bfebf3d5ddadc548e5a203bc160d1132ebb1cdf640bbc3b27f,toxinpred3_label,categorical,true,same_frozen_label_contract,audit,label,Non-Toxin,Non-Toxin,,,false,c2ee57f07079256643db788a8d295c1a700de5d565434106305c66ecb49964f4
fgf2,319b30fdc9f7927c8643f872a0387bd74e7f4f1d349249ff0c826a17a23cd314,masked_substitution,a4a7848a95d970ab2e4d7eb78b1d20435e1dafdefa80146f77d6cae55deff847,primary_parent,f2ae21e180b652bfebf3d5ddadc548e5a203bc160d1132ebb1cdf640bbc3b27f,amp_read_log10_mic_um,numeric,true,same_frozen_numeric_contract,minimize,log10(uM),2.597941786798904,2.3844939502742895,-0.2134478365246144,0.2134478365246144,true,c7fadafe74ea0b439cd213c2d2b50fefe87c15340944962a01846fa23a636e76
fgf2,319b30fdc9f7927c8643f872a0387bd74e7f4f1d349249ff0c826a17a23cd314,masked_substitution,a4a7848a95d970ab2e4d7eb78b1d20435e1dafdefa80146f77d6cae55deff847,primary_parent,f2ae21e180b652bfebf3d5ddadc548e5a203bc160d1132ebb1cdf640bbc3b27f,guruprasad_instability_index,numeric,true,same_frozen_numeric_contract,minimize,index,29.246154,29.24615384615385,-1.5384615181801564e-07,1.5384615181801564e-07,true,3808fba82ee2ccb1de4555cfaaeeb6eb7471eee16c1b4a78d2d3fee1c1908f74
fgf2,319b30fdc9f7927c8643f872a0387bd74e7f4f1d349249ff0c826a17a23cd314,masked_substitution,a4a7848a95d970ab2e4d7eb78b1d20435e1dafdefa80146f77d6cae55deff847,primary_parent,f2ae21e180b652bfebf3d5ddadc548e5a203bc160d1132ebb1cdf640bbc3b27f,hydrophobic_moment_eisenberg,numeric,false,audit_metric_has_no_monotonic_improvement_direction,audit,dimensionless,0.24330416982349223,0.1564269483830136,-0.08687722144047863,,true,d3c987fdc5eb76c3bd4401eb6b9d190a224c9337ab9e791806ca778c89bb13d3
fgf2,319b30fdc9f7927c8643f872a0387bd74e7f4f1d349249ff0c826a17a23cd314,masked_substitution,a4a7848a95d970ab2e4d7eb78b1d20435e1dafdefa80146f77d6cae55deff847,primary_parent,f2ae21e180b652bfebf3d5ddadc548e5a203bc160d1132ebb1cdf640bbc3b27f,hydrophobic_ratio_modlamp,numeric,false,audit_metric_has_no_monotonic_improvement_direction,audit,fraction,0.07692307692307693,0.11538461538461539,0.038461538461538464,,true,2803c80004ded49182bad21c8bed0ebc5ccbdf0f6cf5ef5d10983c2ded9121de
fgf2,319b30fdc9f7927c8643f872a0387bd74e7f4f1d349249ff0c826a17a23cd314,masked_substitution,a4a7848a95d970ab2e4d7eb78b1d20435e1dafdefa80146f77d6cae55deff847,primary_parent,f2ae21e180b652bfebf3d5ddadc548e5a203bc160d1132ebb1cdf640bbc3b27f,llamp_log10_mic_um,numeric,true,same_frozen_numeric_contract,minimize,log10(uM),1.645182728767395,1.7760635614395142,0.13088083267211914,-0.13088083267211914,true,4f0573783c796a728ecc5ac00ff4dfe7c8dda3d8f49f36c06e2be1f290e27403
fgf2,319b30fdc9f7927c8643f872a0387bd74e7f4f1d349249ff0c826a17a23cd314,masked_substitution,a4a7848a95d970ab2e4d7eb78b1d20435e1dafdefa80146f77d6cae55deff847,primary_parent,f2ae21e180b652bfebf3d5ddadc548e5a203bc160d1132ebb1cdf640bbc3b27f,macrel_amp_probability,numeric,true,same_frozen_numeric_contract,maximize,probability,0.396,0.218,-0.17800000000000002,-0.17800000000000002,true,d55620948e7ea693945cef22fe4781e02d3b8399d905adc15e64669bd0c0b9f3
fgf2,319b30fdc9f7927c8643f872a0387bd74e7f4f1d349249ff0c826a17a23cd314,masked_substitution,a4a7848a95d970ab2e4d7eb78b1d20435e1dafdefa80146f77d6cae55deff847,primary_parent,f2ae21e180b652bfebf3d5ddadc548e5a203bc160d1132ebb1cdf640bbc3b27f,macrel_hemolysis_label,categorical,true,same_frozen_label_contract,audit,label,low,low,,,false,340bee34d485249b58cfc1a22defc9d1014c088731705980e69021d41a28a3f1
fgf2,319b30fdc9f7927c8643f872a0387bd74e7f4f1d349249ff0c826a17a23cd314,masked_substitution,a4a7848a95d970ab2e4d7eb78b1d20435e1dafdefa80146f77d6cae55deff847,primary_parent,f2ae21e180b652bfebf3d5ddadc548e5a203bc160d1132ebb1cdf640bbc3b27f,macrel_hemolysis_probability,numeric,true,same_frozen_numeric_contract,minimize,probability,0.416,0.337,-0.07899999999999996,0.07899999999999996,true,45364bc04b59cc48485c4001b536d458ca5fc6dddd0a023825550d2b7bee2b87
fgf2,319b30fdc9f7927c8643f872a0387bd74e7f4f1d349249ff0c826a17a23cd314,masked_substitution,a4a7848a95d970ab2e4d7eb78b1d20435e1dafdefa80146f77d6cae55deff847,primary_parent,f2ae21e180b652bfebf3d5ddadc548e5a203bc160d1132ebb1cdf640bbc3b27f,maximum_hydrophobic_run,numeric,true,same_frozen_numeric_contract,minimize,residues,1.0,1.0,0.0,-0.0,false,b23bf02f790f14fe2fb129e3e0c327e6e03f6e8ed35e1ab41e14abe4ae2adfae
fgf2,319b30fdc9f7927c8643f872a0387bd74e7f4f1d349249ff0c826a17a23cd314,masked_substitution,a4a7848a95d970ab2e4d7eb78b1d20435e1dafdefa80146f77d6cae55deff847,primary_parent,f2ae21e180b652bfebf3d5ddadc548e5a203bc160d1132ebb1cdf640bbc3b27f,net_charge_ph7_4,numeric,false,audit_metric_has_no_monotonic_improvement_direction,audit,elementary_charge,7.985,6.985,-1.0,,true,fa8090ba0a902c405b71777e488a942bb2f5279b687608fc38a1e70bfe954efa
fgf2,319b30fdc9f7927c8643f872a0387bd74e7f4f1d349249ff0c826a17a23cd314,masked_substitution,a4a7848a95d970ab2e4d7eb78b1d20435e1dafdefa80146f77d6cae55deff847,primary_parent,f2ae21e180b652bfebf3d5ddadc548e5a203bc160d1132ebb1cdf640bbc3b27f,toxinpred3_hybrid_score,numeric,true,same_frozen_numeric_contract,minimize,dimensionless,0.0,0.0,0.0,-0.0,false,8b6ac0f82ddb2661ca3fcac5015f0c4dd5669b393602ef8706b76c70fd6458c8
fgf2,319b30fdc9f7927c8643f872a0387bd74e7f4f1d349249ff0c826a17a23cd314,masked_substitution,a4a7848a95d970ab2e4d7eb78b1d20435e1dafdefa80146f77d6cae55deff847,primary_parent,f2ae21e180b652bfebf3d5ddadc548e5a203bc160d1132ebb1cdf640bbc3b27f,toxinpred3_label,categorical,true,same_frozen_label_contract,audit,label,Non-Toxin,Non-Toxin,,,false,d084985bb37e02050acdfd6a76a6d4a59b1491fa783e961a93c11a5961d9f3f6
fgf2,7e0f31902b152519a3d858db9179c908e7d64cf9ea042cddd214dff8715355d6,masked_substitution,8046a299365b02c459fe9751676ce85f78e209d8ad9ad8b08c7bf0e78c06197f,primary_parent,f2ae21e180b652bfebf3d5ddadc548e5a203bc160d1132ebb1cdf640bbc3b27f,amp_read_log10_mic_um,numeric,true,same_frozen_numeric_contract,minimize,log10(uM),2.597941786798904,2.413896946238581,-0.18404484056032278,0.18404484056032278,true,e8c2c28391ba8b49ad02f789cc7734503c9ab87bcd4de2e4b9ece6fb78088a9d
fgf2,7e0f31902b152519a3d858db9179c908e7d64cf9ea042cddd214dff8715355d6,masked_substitution,8046a299365b02c459fe9751676ce85f78e209d8ad9ad8b08c7bf0e78c06197f,primary_parent,f2ae21e180b652bfebf3d5ddadc548e5a203bc160d1132ebb1cdf640bbc3b27f,guruprasad_instability_index,numeric,true,same_frozen_numeric_contract,minimize,index,29.246154,29.24615384615385,-1.5384615181801564e-07,1.5384615181801564e-07,true,32aa88edaee4477783b17c7307334eece39b939b3e1146885e8eb189728e7147
fgf2,7e0f31902b152519a3d858db9179c908e7d64cf9ea042cddd214dff8715355d6,masked_substitution,8046a299365b02c459fe9751676ce85f78e209d8ad9ad8b08c7bf0e78c06197f,primary_parent,f2ae21e180b652bfebf3d5ddadc548e5a203bc160d1132ebb1cdf640bbc3b27f,hydrophobic_moment_eisenberg,numeric,false,audit_metric_has_no_monotonic_improvement_direction,audit,dimensionless,0.24330416982349223,0.16403672458765403,-0.0792674452358382,,true,10de51c38eac70575fe4bd2277be590562e8cdef89166864e0e13f628e0b9b23
fgf2,7e0f31902b152519a3d858db9179c908e7d64cf9ea042cddd214dff8715355d6,masked_substitution,8046a299365b02c459fe9751676ce85f78e209d8ad9ad8b08c7bf0e78c06197f,primary_parent,f2ae21e180b652bfebf3d5ddadc548e5a203bc160d1132ebb1cdf640bbc3b27f,hydrophobic_ratio_modlamp,numeric,false,audit_metric_has_no_monotonic_improvement_direction,audit,fraction,0.07692307692307693,0.11538461538461539,0.038461538461538464,,true,dc493a910731a125a980a76255f1b536549f179aa6d7b70929af1810b90c84f2
fgf2,7e0f31902b152519a3d858db9179c908e7d64cf9ea042cddd214dff8715355d6,masked_substitution,8046a299365b02c459fe9751676ce85f78e209d8ad9ad8b08c7bf0e78c06197f,primary_parent,f2ae21e180b652bfebf3d5ddadc548e5a203bc160d1132ebb1cdf640bbc3b27f,llamp_log10_mic_um,numeric,true,same_frozen_numeric_contract,minimize,log10(uM),1.645182728767395,1.9866853952407837,0.34150266647338867,-0.34150266647338867,true,6cb4702813591071c0526e9f0d979bd99c28fde02e43c6196525c689be485a73
fgf2,7e0f31902b152519a3d858db9179c908e7d64cf9ea042cddd214dff8715355d6,masked_substitution,8046a299365b02c459fe9751676ce85f78e209d8ad9ad8b08c7bf0e78c06197f,primary_parent,f2ae21e180b652bfebf3d5ddadc548e5a203bc160d1132ebb1cdf640bbc3b27f,macrel_amp_probability,numeric,true,same_frozen_numeric_contract,maximize,probability,0.396,0.218,-0.17800000000000002,-0.17800000000000002,true,a39f1c6fa5e7872ef3b041b152ed7a3a757352c5a948e6663e05a396d0fb0933
fgf2,7e0f31902b152519a3d858db9179c908e7d64cf9ea042cddd214dff8715355d6,masked_substitution,8046a299365b02c459fe9751676ce85f78e209d8ad9ad8b08c7bf0e78c06197f,primary_parent,f2ae21e180b652bfebf3d5ddadc548e5a203bc160d1132ebb1cdf640bbc3b27f,macrel_hemolysis_label,categorical,true,same_frozen_label_contract,audit,label,low,low,,,false,0de9c62bbcbaa3113d49c279e5717b6d3df8b0b7fb1206dfc20d45969e900959
fgf2,7e0f31902b152519a3d858db9179c908e7d64cf9ea042cddd214dff8715355d6,masked_substitution,8046a299365b02c459fe9751676ce85f78e209d8ad9ad8b08c7bf0e78c06197f,primary_parent,f2ae21e180b652bfebf3d5ddadc548e5a203bc160d1132ebb1cdf640bbc3b27f,macrel_hemolysis_probability,numeric,true,same_frozen_numeric_contract,minimize,probability,0.416,0.347,-0.069,0.069,true,e66bd8943a8de4f137804feab88704accc30206098a4bab27537e8114837990c
fgf2,7e0f31902b152519a3d858db9179c908e7d64cf9ea042cddd214dff8715355d6,masked_substitution,8046a299365b02c459fe9751676ce85f78e209d8ad9ad8b08c7bf0e78c06197f,primary_parent,f2ae21e180b652bfebf3d5ddadc548e5a203bc160d1132ebb1cdf640bbc3b27f,maximum_hydrophobic_run,numeric,true,same_frozen_numeric_contract,minimize,residues,1.0,1.0,0.0,-0.0,false,9bafc0c51f5dde52d8dacc2568aab15b864439e0cfc1f77cec6a0c9a6d9940a9
fgf2,7e0f31902b152519a3d858db9179c908e7d64cf9ea042cddd214dff8715355d6,masked_substitution,8046a299365b02c459fe9751676ce85f78e209d8ad9ad8b08c7bf0e78c06197f,primary_parent,f2ae21e180b652bfebf3d5ddadc548e5a203bc160d1132ebb1cdf640bbc3b27f,net_charge_ph7_4,numeric,false,audit_metric_has_no_monotonic_improvement_direction,audit,elementary_charge,7.985,6.985,-1.0,,true,6c0bd00233874219264741d11feb591e2b65f39cbdc33a8b31e276ff0f1c3a29
fgf2,7e0f31902b152519a3d858db9179c908e7d64cf9ea042cddd214dff8715355d6,masked_substitution,8046a299365b02c459fe9751676ce85f78e209d8ad9ad8b08c7bf0e78c06197f,primary_parent,f2ae21e180b652bfebf3d5ddadc548e5a203bc160d1132ebb1cdf640bbc3b27f,toxinpred3_hybrid_score,numeric,true,same_frozen_numeric_contract,minimize,dimensionless,0.0,0.0,0.0,-0.0,false,f43af6c5ec029e62c3d497b85fe072d71c6546620a5a9a5462906106cd04fb73
fgf2,7e0f31902b152519a3d858db9179c908e7d64cf9ea042cddd214dff8715355d6,masked_substitution,8046a299365b02c459fe9751676ce85f78e209d8ad9ad8b08c7bf0e78c06197f,primary_parent,f2ae21e180b652bfebf3d5ddadc548e5a203bc160d1132ebb1cdf640bbc3b27f,toxinpred3_label,categorical,true,same_frozen_label_contract,audit,label,Non-Toxin,Non-Toxin,,,false,a064646cd835abfee657b222ad685c1f6c763b7128428214b28076e28baad0d1
fgf2,2cbec6f5249bbc4cc68c0239bb9994a498e5db18d476eb3576a8c41945d0dd03,masked_substitution,173fecc38dd1791894320e4a06303f295dc92ca789ddf496c5481366502c81e2,primary_parent,f2ae21e180b652bfebf3d5ddadc548e5a203bc160d1132ebb1cdf640bbc3b27f,amp_read_log10_mic_um,numeric,true,same_frozen_numeric_contract,minimize,log10(uM),2.597941786798904,2.368167469079566,-0.22977431771933787,0.22977431771933787,true,3900231c400cecd57edd82c2505e657000c1df5816a3f21cc096a48df784053c
fgf2,2cbec6f5249bbc4cc68c0239bb9994a498e5db18d476eb3576a8c41945d0dd03,masked_substitution,173fecc38dd1791894320e4a06303f295dc92ca789ddf496c5481366502c81e2,primary_parent,f2ae21e180b652bfebf3d5ddadc548e5a203bc160d1132ebb1cdf640bbc3b27f,guruprasad_instability_index,numeric,true,same_frozen_numeric_contract,minimize,index,29.246154,31.403846153846157,2.157692153846156,-2.157692153846156,true,6f9a1056ac31e4424cd8e2c901191ec5f6a162e2f48001e25c734da86e3e18c8
fgf2,2cbec6f5249bbc4cc68c0239bb9994a498e5db18d476eb3576a8c41945d0dd03,masked_substitution,173fecc38dd1791894320e4a06303f295dc92ca789ddf496c5481366502c81e2,primary_parent,f2ae21e180b652bfebf3d5ddadc548e5a203bc160d1132ebb1cdf640bbc3b27f,hydrophobic_moment_eisenberg,numeric,false,audit_metric_has_no_monotonic_improvement_direction,audit,dimensionless,0.24330416982349223,0.16403672458765403,-0.0792674452358382,,true,c3678ebe0859f5aa2142e066f6e42b2d4b27c1ce0689d53aa2fea7544bcf91ba
fgf2,2cbec6f5249bbc4cc68c0239bb9994a498e5db18d476eb3576a8c41945d0dd03,masked_substitution,173fecc38dd1791894320e4a06303f295dc92ca789ddf496c5481366502c81e2,primary_parent,f2ae21e180b652bfebf3d5ddadc548e5a203bc160d1132ebb1cdf640bbc3b27f,hydrophobic_ratio_modlamp,numeric,false,audit_metric_has_no_monotonic_improvement_direction,audit,fraction,0.07692307692307693,0.11538461538461539,0.038461538461538464,,true,1c5a08effb6ca1a019db8e636f0b711e7e8432a2e2a5fcdf57d418bff429f2a1
fgf2,2cbec6f5249bbc4cc68c0239bb9994a498e5db18d476eb3576a8c41945d0dd03,masked_substitution,173fecc38dd1791894320e4a06303f295dc92ca789ddf496c5481366502c81e2,primary_parent,f2ae21e180b652bfebf3d5ddadc548e5a203bc160d1132ebb1cdf640bbc3b27f,llamp_log10_mic_um,numeric,true,same_frozen_numeric_contract,minimize,log10(uM),1.645182728767395,2.065058946609497,0.41987621784210205,-0.41987621784210205,true,0099f11c589a0d231453004d0f73c92372b190c4b5c8c9753e20f9e668540a24
fgf2,2cbec6f5249bbc4cc68c0239bb9994a498e5db18d476eb3576a8c41945d0dd03,masked_substitution,173fecc38dd1791894320e4a06303f295dc92ca789ddf496c5481366502c81e2,primary_parent,f2ae21e180b652bfebf3d5ddadc548e5a203bc160d1132ebb1cdf640bbc3b27f,macrel_amp_probability,numeric,true,same_frozen_numeric_contract,maximize,probability,0.396,0.208,-0.18800000000000003,-0.18800000000000003,true,1d39d6ef0b644182b4c10c2080f0b980db4d47ca363dad133c79b561e156a800
fgf2,2cbec6f5249bbc4cc68c0239bb9994a498e5db18d476eb3576a8c41945d0dd03,masked_substitution,173fecc38dd1791894320e4a06303f295dc92ca789ddf496c5481366502c81e2,primary_parent,f2ae21e180b652bfebf3d5ddadc548e5a203bc160d1132ebb1cdf640bbc3b27f,macrel_hemolysis_label,categorical,true,same_frozen_label_contract,audit,label,low,low,,,false,e0b7d452d0c034fe9e5ce565dc0103cb119b9df6205d9196ffbfcf825dd595eb
fgf2,2cbec6f5249bbc4cc68c0239bb9994a498e5db18d476eb3576a8c41945d0dd03,masked_substitution,173fecc38dd1791894320e4a06303f295dc92ca789ddf496c5481366502c81e2,primary_parent,f2ae21e180b652bfebf3d5ddadc548e5a203bc160d1132ebb1cdf640bbc3b27f,macrel_hemolysis_probability,numeric,true,same_frozen_numeric_contract,minimize,probability,0.416,0.317,-0.09899999999999998,0.09899999999999998,true,01d59e607fec60ccaa3af8d96c177472bd5730f57b0d2f1350c28f12d44a34a2
fgf2,2cbec6f5249bbc4cc68c0239bb9994a498e5db18d476eb3576a8c41945d0dd03,masked_substitution,173fecc38dd1791894320e4a06303f295dc92ca789ddf496c5481366502c81e2,primary_parent,f2ae21e180b652bfebf3d5ddadc548e5a203bc160d1132ebb1cdf640bbc3b27f,maximum_hydrophobic_run,numeric,true,same_frozen_numeric_contract,minimize,residues,1.0,1.0,0.0,-0.0,false,1e1a13856a3055d02c5968826c871a5af0673eb43dc27eb3a6f0ff448ac41359
fgf2,2cbec6f5249bbc4cc68c0239bb9994a498e5db18d476eb3576a8c41945d0dd03,masked_substitution,173fecc38dd1791894320e4a06303f295dc92ca789ddf496c5481366502c81e2,primary_parent,f2ae21e180b652bfebf3d5ddadc548e5a203bc160d1132ebb1cdf640bbc3b27f,net_charge_ph7_4,numeric,false,audit_metric_has_no_monotonic_improvement_direction,audit,elementary_charge,7.985,6.985,-1.0,,true,a2cc1100b581fe456605caa6c05da46f1e3d9c10d89395445f3d5e42b0ef6360
fgf2,2cbec6f5249bbc4cc68c0239bb9994a498e5db18d476eb3576a8c41945d0dd03,masked_substitution,173fecc38dd1791894320e4a06303f295dc92ca789ddf496c5481366502c81e2,primary_parent,f2ae21e180b652bfebf3d5ddadc548e5a203bc160d1132ebb1cdf640bbc3b27f,toxinpred3_hybrid_score,numeric,true,same_frozen_numeric_contract,minimize,dimensionless,0.0,0.0,0.0,-0.0,false,fa1c50f8a7933508efeb84da9c0b4d0d3f990cbed68f266929d5282511b65e9b
fgf2,2cbec6f5249bbc4cc68c0239bb9994a498e5db18d476eb3576a8c41945d0dd03,masked_substitution,173fecc38dd1791894320e4a06303f295dc92ca789ddf496c5481366502c81e2,primary_parent,f2ae21e180b652bfebf3d5ddadc548e5a203bc160d1132ebb1cdf640bbc3b27f,toxinpred3_label,categorical,true,same_frozen_label_contract,audit,label,Non-Toxin,Non-Toxin,,,false,cbe575049cd75e8b6e84e7ec2588fa80991c9725fca77d22b6833b1bba277fb2
fgf2,d1add401dc6497c2b62deb1cb82afb596a245125f6362062355192c22f76b13b,masked_substitution,4fd0c19c228df73b53471f98bab84ab537cd03d4c6bc510b64e38a45f1471b99,primary_parent,f2ae21e180b652bfebf3d5ddadc548e5a203bc160d1132ebb1cdf640bbc3b27f,amp_read_log10_mic_um,numeric,true,same_frozen_numeric_contract,minimize,log10(uM),2.597941786798904,2.3166011727617226,-0.28134061403718125,0.28134061403718125,true,c59a3ee5b8eeaf89bcf90b2b13f66b878ed8aa0d34c5ee7274bb548220d5e27e
fgf2,d1add401dc6497c2b62deb1cb82afb596a245125f6362062355192c22f76b13b,masked_substitution,4fd0c19c228df73b53471f98bab84ab537cd03d4c6bc510b64e38a45f1471b99,primary_parent,f2ae21e180b652bfebf3d5ddadc548e5a203bc160d1132ebb1cdf640bbc3b27f,guruprasad_instability_index,numeric,true,same_frozen_numeric_contract,minimize,index,29.246154,23.83076923076923,-5.415384769230769,5.415384769230769,true,84ebc31464de5e0a02851166f6f695cfff6833ec72dbe2825899aef5b5cc4363
fgf2,d1add401dc6497c2b62deb1cb82afb596a245125f6362062355192c22f76b13b,masked_substitution,4fd0c19c228df73b53471f98bab84ab537cd03d4c6bc510b64e38a45f1471b99,primary_parent,f2ae21e180b652bfebf3d5ddadc548e5a203bc160d1132ebb1cdf640bbc3b27f,hydrophobic_moment_eisenberg,numeric,false,audit_metric_has_no_monotonic_improvement_direction,audit,dimensionless,0.24330416982349223,0.16144836822842573,-0.0818558015950665,,true,96d19fe00e52548825d0bbe8a0dbe6bc8bb935eb499fc6a45d2a379b0fff6f1f
fgf2,d1add401dc6497c2b62deb1cb82afb596a245125f6362062355192c22f76b13b,masked_substitution,4fd0c19c228df73b53471f98bab84ab537cd03d4c6bc510b64e38a45f1471b99,primary_parent,f2ae21e180b652bfebf3d5ddadc548e5a203bc160d1132ebb1cdf640bbc3b27f,hydrophobic_ratio_modlamp,numeric,false,audit_metric_has_no_monotonic_improvement_direction,audit,fraction,0.07692307692307693,0.11538461538461539,0.038461538461538464,,true,d9b85a09660a39a81f6c97af3e87c25835361f15f2157672d5b66aaeb5b15ed0
fgf2,d1add401dc6497c2b62deb1cb82afb596a245125f6362062355192c22f76b13b,masked_substitution,4fd0c19c228df73b53471f98bab84ab537cd03d4c6bc510b64e38a45f1471b99,primary_parent,f2ae21e180b652bfebf3d5ddadc548e5a203bc160d1132ebb1cdf640bbc3b27f,llamp_log10_mic_um,numeric,true,same_frozen_numeric_contract,minimize,log10(uM),1.645182728767395,1.6994367837905884,0.05425405502319336,-0.05425405502319336,true,de3bb84fd9afcadc7980f2f2bb7b54b39f140fb11455e1dda7956b6d6e8ad72d
fgf2,d1add401dc6497c2b62deb1cb82afb596a245125f6362062355192c22f76b13b,masked_substitution,4fd0c19c228df73b53471f98bab84ab537cd03d4c6bc510b64e38a45f1471b99,primary_parent,f2ae21e180b652bfebf3d5ddadc548e5a203bc160d1132ebb1cdf640bbc3b27f,macrel_amp_probability,numeric,true,same_frozen_numeric_contract,maximize,probability,0.396,0.386,-0.010000000000000009,-0.010000000000000009,true,56f779e6fde86d5cfe36e63c3781a125b5e8659c973dba342f8025c5d1ad228a
fgf2,d1add401dc6497c2b62deb1cb82afb596a245125f6362062355192c22f76b13b,masked_substitution,4fd0c19c228df73b53471f98bab84ab537cd03d4c6bc510b64e38a45f1471b99,primary_parent,f2ae21e180b652bfebf3d5ddadc548e5a203bc160d1132ebb1cdf640bbc3b27f,macrel_hemolysis_label,categorical,true,same_frozen_label_contract,audit,label,low,low,,,false,dac27c010afb76be2069bcff0b9acb41086c0168656c4ea1203578cd68d14e80
fgf2,d1add401dc6497c2b62deb1cb82afb596a245125f6362062355192c22f76b13b,masked_substitution,4fd0c19c228df73b53471f98bab84ab537cd03d4c6bc510b64e38a45f1471b99,primary_parent,f2ae21e180b652bfebf3d5ddadc548e5a203bc160d1132ebb1cdf640bbc3b27f,macrel_hemolysis_probability,numeric,true,same_frozen_numeric_contract,minimize,probability,0.416,0.376,-0.03999999999999998,0.03999999999999998,true,f172fa49012a8bfde038eb1b42d95180bd678903973b51b5ad4a6c27b0778e6c
fgf2,d1add401dc6497c2b62deb1cb82afb596a245125f6362062355192c22f76b13b,masked_substitution,4fd0c19c228df73b53471f98bab84ab537cd03d4c6bc510b64e38a45f1471b99,primary_parent,f2ae21e180b652bfebf3d5ddadc548e5a203bc160d1132ebb1cdf640bbc3b27f,maximum_hydrophobic_run,numeric,true,same_frozen_numeric_contract,minimize,residues,1.0,1.0,0.0,-0.0,false,4ac80decf0853b08afaba7556285f7dc90d3699d966aeaed5d63dd8160928915
fgf2,d1add401dc6497c2b62deb1cb82afb596a245125f6362062355192c22f76b13b,masked_substitution,4fd0c19c228df73b53471f98bab84ab537cd03d4c6bc510b64e38a45f1471b99,primary_parent,f2ae21e180b652bfebf3d5ddadc548e5a203bc160d1132ebb1cdf640bbc3b27f,net_charge_ph7_4,numeric,false,audit_metric_has_no_monotonic_improvement_direction,audit,elementary_charge,7.985,6.985,-1.0,,true,66225a0bd7feab7ffc64a8b84ea97b0cb541a8820d3afe8c3f7d737f5566916a
fgf2,d1add401dc6497c2b62deb1cb82afb596a245125f6362062355192c22f76b13b,masked_substitution,4fd0c19c228df73b53471f98bab84ab537cd03d4c6bc510b64e38a45f1471b99,primary_parent,f2ae21e180b652bfebf3d5ddadc548e5a203bc160d1132ebb1cdf640bbc3b27f,toxinpred3_hybrid_score,numeric,true,same_frozen_numeric_contract,minimize,dimensionless,0.0,0.0,0.0,-0.0,false,86d67d0021f4cca621140ae3c3579bf2e2f04fe505fb4cc53176d7f96e1d3879
fgf2,d1add401dc6497c2b62deb1cb82afb596a245125f6362062355192c22f76b13b,masked_substitution,4fd0c19c228df73b53471f98bab84ab537cd03d4c6bc510b64e38a45f1471b99,primary_parent,f2ae21e180b652bfebf3d5ddadc548e5a203bc160d1132ebb1cdf640bbc3b27f,toxinpred3_label,categorical,true,same_frozen_label_contract,audit,label,Non-Toxin,Non-Toxin,,,false,b58379bc7a13e6a4fe362696567cf168538d0ba9ab7a7f035664f0a8666ba631
fgf2,897de0033776c183024961861504ad2f7d399103de13e005bfabb611a4773899,masked_substitution,a581da27e81fde79ad8525440b4e33ab994196720fbb19e5d1c3cb8564848706,primary_parent,f2ae21e180b652bfebf3d5ddadc548e5a203bc160d1132ebb1cdf640bbc3b27f,amp_read_log10_mic_um,numeric,true,same_frozen_numeric_contract,minimize,log10(uM),2.597941786798904,2.040138972599128,-0.5578028141997757,0.5578028141997757,true,00eb65d82532b6148c865503db022a2e9264c9d57b926c323bf0934917710c42
fgf2,897de0033776c183024961861504ad2f7d399103de13e005bfabb611a4773899,masked_substitution,a581da27e81fde79ad8525440b4e33ab994196720fbb19e5d1c3cb8564848706,primary_parent,f2ae21e180b652bfebf3d5ddadc548e5a203bc160d1132ebb1cdf640bbc3b27f,guruprasad_instability_index,numeric,true,same_frozen_numeric_contract,minimize,index,29.246154,32.511538461538464,3.2653844615384635,-3.2653844615384635,true,a7b3a1dfc1b94b34ad216fad5a81025a930978cffc4e9d3f8a425e2acbae3524
fgf2,897de0033776c183024961861504ad2f7d399103de13e005bfabb611a4773899,masked_substitution,a581da27e81fde79ad8525440b4e33ab994196720fbb19e5d1c3cb8564848706,primary_parent,f2ae21e180b652bfebf3d5ddadc548e5a203bc160d1132ebb1cdf640bbc3b27f,hydrophobic_moment_eisenberg,numeric,false,audit_metric_has_no_monotonic_improvement_direction,audit,dimensionless,0.24330416982349223,0.171809550940117,-0.07149461888337524,,true,4c6322cef11468c7e21307e201708a28df1e16acd750bdcfea26b6a956dcc0fa
fgf2,897de0033776c183024961861504ad2f7d399103de13e005bfabb611a4773899,masked_substitution,a581da27e81fde79ad8525440b4e33ab994196720fbb19e5d1c3cb8564848706,primary_parent,f2ae21e180b652bfebf3d5ddadc548e5a203bc160d1132ebb1cdf640bbc3b27f,hydrophobic_ratio_modlamp,numeric,false,audit_metric_has_no_monotonic_improvement_direction,audit,fraction,0.07692307692307693,0.07692307692307693,0.0,,false,c8194ccb5918203d160e0d730299305ef1cd753018d282d0791903edc2c2ae2d
fgf2,897de0033776c183024961861504ad2f7d399103de13e005bfabb611a4773899,masked_substitution,a581da27e81fde79ad8525440b4e33ab994196720fbb19e5d1c3cb8564848706,primary_parent,f2ae21e180b652bfebf3d5ddadc548e5a203bc160d1132ebb1cdf640bbc3b27f,llamp_log10_mic_um,numeric,true,same_frozen_numeric_contract,minimize,log10(uM),1.645182728767395,1.9051432609558105,0.2599605321884155,-0.2599605321884155,true,6acc6a666dc11babf91d7ef4a0e668201affbe154a3560412a77605c0e98105f
fgf2,897de0033776c183024961861504ad2f7d399103de13e005bfabb611a4773899,masked_substitution,a581da27e81fde79ad8525440b4e33ab994196720fbb19e5d1c3cb8564848706,primary_parent,f2ae21e180b652bfebf3d5ddadc548e5a203bc160d1132ebb1cdf640bbc3b27f,macrel_amp_probability,numeric,true,same_frozen_numeric_contract,maximize,probability,0.396,0.287,-0.10900000000000004,-0.10900000000000004,true,04e92beb7e5fb0a71972986a7baf1b7fd44b1330ef8022b2b7dccdb352125de9
fgf2,897de0033776c183024961861504ad2f7d399103de13e005bfabb611a4773899,masked_substitution,a581da27e81fde79ad8525440b4e33ab994196720fbb19e5d1c3cb8564848706,primary_parent,f2ae21e180b652bfebf3d5ddadc548e5a203bc160d1132ebb1cdf640bbc3b27f,macrel_hemolysis_label,categorical,true,same_frozen_label_contract,audit,label,low,low,,,false,b91153fdd05be3370cb454e982ac89b4a18d66f02e591ed8d0d99254018e0019
fgf2,897de0033776c183024961861504ad2f7d399103de13e005bfabb611a4773899,masked_substitution,a581da27e81fde79ad8525440b4e33ab994196720fbb19e5d1c3cb8564848706,primary_parent,f2ae21e180b652bfebf3d5ddadc548e5a203bc160d1132ebb1cdf640bbc3b27f,macrel_hemolysis_probability,numeric,true,same_frozen_numeric_contract,minimize,probability,0.416,0.366,-0.04999999999999999,0.04999999999999999,true,83d8f7b25f4131d78a08c4c41dc20959a8a161c718826b98265fa7b0d6d682b5
fgf2,897de0033776c183024961861504ad2f7d399103de13e005bfabb611a4773899,masked_substitution,a581da27e81fde79ad8525440b4e33ab994196720fbb19e5d1c3cb8564848706,primary_parent,f2ae21e180b652bfebf3d5ddadc548e5a203bc160d1132ebb1cdf640bbc3b27f,maximum_hydrophobic_run,numeric,true,same_frozen_numeric_contract,minimize,residues,1.0,1.0,0.0,-0.0,false,fcfcff20415dee5f5b8bcf10c83876beaa9ae5891e54064cd620f5cbba465ac1
fgf2,897de0033776c183024961861504ad2f7d399103de13e005bfabb611a4773899,masked_substitution,a581da27e81fde79ad8525440b4e33ab994196720fbb19e5d1c3cb8564848706,primary_parent,f2ae21e180b652bfebf3d5ddadc548e5a203bc160d1132ebb1cdf640bbc3b27f,net_charge_ph7_4,numeric,false,audit_metric_has_no_monotonic_improvement_direction,audit,elementary_charge,7.985,6.985,-1.0,,true,0c2a18b585cc97eb67cd3d0f8c1d5fde5f7c05b1fa09d4d336a7eb9308ac8a01
fgf2,897de0033776c183024961861504ad2f7d399103de13e005bfabb611a4773899,masked_substitution,a581da27e81fde79ad8525440b4e33ab994196720fbb19e5d1c3cb8564848706,primary_parent,f2ae21e180b652bfebf3d5ddadc548e5a203bc160d1132ebb1cdf640bbc3b27f,toxinpred3_hybrid_score,numeric,true,same_frozen_numeric_contract,minimize,dimensionless,0.0,0.0,0.0,-0.0,false,1633a34b4cde829888aeb1dd57ac7de13bd07bd3dd26a458f0c75c12c6b0f986
fgf2,897de0033776c183024961861504ad2f7d399103de13e005bfabb611a4773899,masked_substitution,a581da27e81fde79ad8525440b4e33ab994196720fbb19e5d1c3cb8564848706,primary_parent,f2ae21e180b652bfebf3d5ddadc548e5a203bc160d1132ebb1cdf640bbc3b27f,toxinpred3_label,categorical,true,same_frozen_label_contract,audit,label,Non-Toxin,Non-Toxin,,,false,a9b86e32f1207c7562b0da736788b8e9ed8033e26bc03d04bea192269d8d3415
fgf2,c7dcb1f15c43eba4a134afabbe40f1739295730514190e983e4d4ea8f61a4bb8,masked_substitution,cff7e2b1e10f10eb35eba774d717d92ae3bfc997704a13dea3cd0197b2de9a63,primary_parent,f2ae21e180b652bfebf3d5ddadc548e5a203bc160d1132ebb1cdf640bbc3b27f,amp_read_log10_mic_um,numeric,true,same_frozen_numeric_contract,minimize,log10(uM),2.597941786798904,2.5077756680194936,-0.09016611877941028,0.09016611877941028,true,74430050040bddc3efb63149198587ec8fdf1cf8f9e32ab4248f3cc2a4549e73
fgf2,c7dcb1f15c43eba4a134afabbe40f1739295730514190e983e4d4ea8f61a4bb8,masked_substitution,cff7e2b1e10f10eb35eba774d717d92ae3bfc997704a13dea3cd0197b2de9a63,primary_parent,f2ae21e180b652bfebf3d5ddadc548e5a203bc160d1132ebb1cdf640bbc3b27f,guruprasad_instability_index,numeric,true,same_frozen_numeric_contract,minimize,index,29.246154,25.98076923076923,-3.2653847692307707,3.2653847692307707,true,352d16d15a3d6657687b6eb08d0cd7c006f506f7ebd9820a4972d44094656ada
fgf2,c7dcb1f15c43eba4a134afabbe40f1739295730514190e983e4d4ea8f61a4bb8,masked_substitution,cff7e2b1e10f10eb35eba774d717d92ae3bfc997704a13dea3cd0197b2de9a63,primary_parent,f2ae21e180b652bfebf3d5ddadc548e5a203bc160d1132ebb1cdf640bbc3b27f,hydrophobic_moment_eisenberg,numeric,false,audit_metric_has_no_monotonic_improvement_direction,audit,dimensionless,0.24330416982349223,0.3166195901479239,0.07331542032443167,,true,7cb1a4173379a54294347d39391b1f4bc0f14fc259eff7e3fc5c2bf469d8f9d2
fgf2,c7dcb1f15c43eba4a134afabbe40f1739295730514190e983e4d4ea8f61a4bb8,masked_substitution,cff7e2b1e10f10eb35eba774d717d92ae3bfc997704a13dea3cd0197b2de9a63,primary_parent,f2ae21e180b652bfebf3d5ddadc548e5a203bc160d1132ebb1cdf640bbc3b27f,hydrophobic_ratio_modlamp,numeric,false,audit_metric_has_no_monotonic_improvement_direction,audit,fraction,0.07692307692307693,0.11538461538461539,0.038461538461538464,,true,9707f7f2b6600ead702235b4d3e98338c7fb966ee37729fa6b58ea62713ef96f
fgf2,c7dcb1f15c43eba4a134afabbe40f1739295730514190e983e4d4ea8f61a4bb8,masked_substitution,cff7e2b1e10f10eb35eba774d717d92ae3bfc997704a13dea3cd0197b2de9a63,primary_parent,f2ae21e180b652bfebf3d5ddadc548e5a203bc160d1132ebb1cdf640bbc3b27f,llamp_log10_mic_um,numeric,true,same_frozen_numeric_contract,minimize,log10(uM),1.645182728767395,1.528242826461792,-0.11693990230560303,0.11693990230560303,true,08f2ebd8ba2391843527f6c416d692f8babec67bae8d86cef0fc1c8d7b8f5803
fgf2,c7dcb1f15c43eba4a134afabbe40f1739295730514190e983e4d4ea8f61a4bb8,masked_substitution,cff7e2b1e10f10eb35eba774d717d92ae3bfc997704a13dea3cd0197b2de9a63,primary_parent,f2ae21e180b652bfebf3d5ddadc548e5a203bc160d1132ebb1cdf640bbc3b27f,macrel_amp_probability,numeric,true,same_frozen_numeric_contract,maximize,probability,0.396,0.267,-0.129,-0.129,true,d05b6ac4f03856103d7bd040fa72ce9a9be7ad04aca4f8f82a58a04da131cf8b
fgf2,c7dcb1f15c43eba4a134afabbe40f1739295730514190e983e4d4ea8f61a4bb8,masked_substitution,cff7e2b1e10f10eb35eba774d717d92ae3bfc997704a13dea3cd0197b2de9a63,primary_parent,f2ae21e180b652bfebf3d5ddadc548e5a203bc160d1132ebb1cdf640bbc3b27f,macrel_hemolysis_label,categorical,true,same_frozen_label_contract,audit,label,low,low,,,false,64ecbaa634a4ca5e6ae8177c7666400252a9b80df6d4c5a38033101e956dfb70
fgf2,c7dcb1f15c43eba4a134afabbe40f1739295730514190e983e4d4ea8f61a4bb8,masked_substitution,cff7e2b1e10f10eb35eba774d717d92ae3bfc997704a13dea3cd0197b2de9a63,primary_parent,f2ae21e180b652bfebf3d5ddadc548e5a203bc160d1132ebb1cdf640bbc3b27f,macrel_hemolysis_probability,numeric,true,same_frozen_numeric_contract,minimize,probability,0.416,0.406,-0.009999999999999953,0.009999999999999953,true,ad51938b9b07d7823cb374955ef822a7094f537d192169bafc5a32e78d89f73b
fgf2,c7dcb1f15c43eba4a134afabbe40f1739295730514190e983e4d4ea8f61a4bb8,masked_substitution,cff7e2b1e10f10eb35eba774d717d92ae3bfc997704a13dea3cd0197b2de9a63,primary_parent,f2ae21e180b652bfebf3d5ddadc548e5a203bc160d1132ebb1cdf640bbc3b27f,maximum_hydrophobic_run,numeric,true,same_frozen_numeric_contract,minimize,residues,1.0,2.0,1.0,-1.0,true,ede00d0505e1bae0f901eed29cb7a640023babca67b91376ac65ac3d50655389
fgf2,c7dcb1f15c43eba4a134afabbe40f1739295730514190e983e4d4ea8f61a4bb8,masked_substitution,cff7e2b1e10f10eb35eba774d717d92ae3bfc997704a13dea3cd0197b2de9a63,primary_parent,f2ae21e180b652bfebf3d5ddadc548e5a203bc160d1132ebb1cdf640bbc3b27f,net_charge_ph7_4,numeric,false,audit_metric_has_no_monotonic_improvement_direction,audit,elementary_charge,7.985,6.985,-1.0,,true,654cb79d4c6834e46c59d742eea2f3f0a41b21a0c5230aa6c68450a44f7b3248
fgf2,c7dcb1f15c43eba4a134afabbe40f1739295730514190e983e4d4ea8f61a4bb8,masked_substitution,cff7e2b1e10f10eb35eba774d717d92ae3bfc997704a13dea3cd0197b2de9a63,primary_parent,f2ae21e180b652bfebf3d5ddadc548e5a203bc160d1132ebb1cdf640bbc3b27f,toxinpred3_hybrid_score,numeric,true,same_frozen_numeric_contract,minimize,dimensionless,0.0,0.0,0.0,-0.0,false,55b019622c3d434e74b62b4a6a0f8316b4f361e5f8bd26653c87241793ed848a
fgf2,c7dcb1f15c43eba4a134afabbe40f1739295730514190e983e4d4ea8f61a4bb8,masked_substitution,cff7e2b1e10f10eb35eba774d717d92ae3bfc997704a13dea3cd0197b2de9a63,primary_parent,f2ae21e180b652bfebf3d5ddadc548e5a203bc160d1132ebb1cdf640bbc3b27f,toxinpred3_label,categorical,true,same_frozen_label_contract,audit,label,Non-Toxin,Non-Toxin,,,false,7c7e0d256162e6eb24af9012211bdbe125a3cc60249725acdac04fe882efd0fc
fgf2,10c4e5f8a14140e76563bd4109b1ca441ade5b7bc27ef02046f8965dc65ee0a4,masked_substitution,515d0925ccf6f2603f35024ec98bcd9ef5da96ae33d70f846514ee6233d8f27d,primary_parent,f2ae21e180b652bfebf3d5ddadc548e5a203bc160d1132ebb1cdf640bbc3b27f,amp_read_log10_mic_um,numeric,true,same_frozen_numeric_contract,minimize,log10(uM),2.597941786798904,2.5189763963288048,-0.0789653904700991,0.0789653904700991,true,277664835a7f2b4f7e9c42e6af3dde247cbdcf62cca924c5f9a046ebb669eb2c
fgf2,10c4e5f8a14140e76563bd4109b1ca441ade5b7bc27ef02046f8965dc65ee0a4,masked_substitution,515d0925ccf6f2603f35024ec98bcd9ef5da96ae33d70f846514ee6233d8f27d,primary_parent,f2ae21e180b652bfebf3d5ddadc548e5a203bc160d1132ebb1cdf640bbc3b27f,guruprasad_instability_index,numeric,true,same_frozen_numeric_contract,minimize,index,29.246154,23.465384615384618,-5.7807693846153825,5.7807693846153825,true,2e5253571b8695fdba2fb0d456afa4690af364f46394abcd62d08b22a94fc203
fgf2,10c4e5f8a14140e76563bd4109b1ca441ade5b7bc27ef02046f8965dc65ee0a4,masked_substitution,515d0925ccf6f2603f35024ec98bcd9ef5da96ae33d70f846514ee6233d8f27d,primary_parent,f2ae21e180b652bfebf3d5ddadc548e5a203bc160d1132ebb1cdf640bbc3b27f,hydrophobic_moment_eisenberg,numeric,false,audit_metric_has_no_monotonic_improvement_direction,audit,dimensionless,0.24330416982349223,0.30769825810307994,0.0643940882795877,,true,f68bb9577ffd377b5e2d6babb9796ae8fdd220ce05087d4844f1c4a3bf28bcc6
fgf2,10c4e5f8a14140e76563bd4109b1ca441ade5b7bc27ef02046f8965dc65ee0a4,masked_substitution,515d0925ccf6f2603f35024ec98bcd9ef5da96ae33d70f846514ee6233d8f27d,primary_parent,f2ae21e180b652bfebf3d5ddadc548e5a203bc160d1132ebb1cdf640bbc3b27f,hydrophobic_ratio_modlamp,numeric,false,audit_metric_has_no_monotonic_improvement_direction,audit,fraction,0.07692307692307693,0.07692307692307693,0.0,,false,de40fce3c766f46b95bbac67a74175591bc09a3500a97f617d9f260740e12bb6
fgf2,10c4e5f8a14140e76563bd4109b1ca441ade5b7bc27ef02046f8965dc65ee0a4,masked_substitution,515d0925ccf6f2603f35024ec98bcd9ef5da96ae33d70f846514ee6233d8f27d,primary_parent,f2ae21e180b652bfebf3d5ddadc548e5a203bc160d1132ebb1cdf640bbc3b27f,llamp_log10_mic_um,numeric,true,same_frozen_numeric_contract,minimize,log10(uM),1.645182728767395,1.7032703161239624,0.05808758735656738,-0.05808758735656738,true,45ae6697007034e2056f62f43cb8f33aad80c13b3fd7e9250890058bec6c8c70
fgf2,10c4e5f8a14140e76563bd4109b1ca441ade5b7bc27ef02046f8965dc65ee0a4,masked_substitution,515d0925ccf6f2603f35024ec98bcd9ef5da96ae33d70f846514ee6233d8f27d,primary_parent,f2ae21e180b652bfebf3d5ddadc548e5a203bc160d1132ebb1cdf640bbc3b27f,macrel_amp_probability,numeric,true,same_frozen_numeric_contract,maximize,probability,0.396,0.337,-0.059,-0.059,true,b72f9b89286137829adad2b3a709d68d8739839c51e61b23d351f22282b685d0
fgf2,10c4e5f8a14140e76563bd4109b1ca441ade5b7bc27ef02046f8965dc65ee0a4,masked_substitution,515d0925ccf6f2603f35024ec98bcd9ef5da96ae33d70f846514ee6233d8f27d,primary_parent,f2ae21e180b652bfebf3d5ddadc548e5a203bc160d1132ebb1cdf640bbc3b27f,macrel_hemolysis_label,categorical,true,same_frozen_label_contract,audit,label,low,low,,,false,b1cad8197675a9f47f90163f62507185371b2e3da3978cfa41cdbfce6df82002
fgf2,10c4e5f8a14140e76563bd4109b1ca441ade5b7bc27ef02046f8965dc65ee0a4,masked_substitution,515d0925ccf6f2603f35024ec98bcd9ef5da96ae33d70f846514ee6233d8f27d,primary_parent,f2ae21e180b652bfebf3d5ddadc548e5a203bc160d1132ebb1cdf640bbc3b27f,macrel_hemolysis_probability,numeric,true,same_frozen_numeric_contract,minimize,probability,0.416,0.436,0.020000000000000018,-0.020000000000000018,true,1321a3df7b123b26d1ab8097d1887196fc7046043ed30f29561d9ba45f886aea
fgf2,10c4e5f8a14140e76563bd4109b1ca441ade5b7bc27ef02046f8965dc65ee0a4,masked_substitution,515d0925ccf6f2603f35024ec98bcd9ef5da96ae33d70f846514ee6233d8f27d,primary_parent,f2ae21e180b652bfebf3d5ddadc548e5a203bc160d1132ebb1cdf640bbc3b27f,maximum_hydrophobic_run,numeric,true,same_frozen_numeric_contract,minimize,residues,1.0,2.0,1.0,-1.0,true,dcf45e3c8ff7fb15f024a5fec94928b3487df5a41d96c60ae0dd9c4295cb0a43
fgf2,10c4e5f8a14140e76563bd4109b1ca441ade5b7bc27ef02046f8965dc65ee0a4,masked_substitution,515d0925ccf6f2603f35024ec98bcd9ef5da96ae33d70f846514ee6233d8f27d,primary_parent,f2ae21e180b652bfebf3d5ddadc548e5a203bc160d1132ebb1cdf640bbc3b27f,net_charge_ph7_4,numeric,false,audit_metric_has_no_monotonic_improvement_direction,audit,elementary_charge,7.985,6.985,-1.0,,true,4c886b795a79f8cda930e3c7d0c4082f75fbfe9fa124683f9230fe3bc6200ff9
fgf2,10c4e5f8a14140e76563bd4109b1ca441ade5b7bc27ef02046f8965dc65ee0a4,masked_substitution,515d0925ccf6f2603f35024ec98bcd9ef5da96ae33d70f846514ee6233d8f27d,primary_parent,f2ae21e180b652bfebf3d5ddadc548e5a203bc160d1132ebb1cdf640bbc3b27f,toxinpred3_hybrid_score,numeric,true,same_frozen_numeric_contract,minimize,dimensionless,0.0,0.0,0.0,-0.0,false,02a63b595664cd3a342a32db42d70a7107b1fd5e342350d9dd6adc9875ec3ea0
fgf2,10c4e5f8a14140e76563bd4109b1ca441ade5b7bc27ef02046f8965dc65ee0a4,masked_substitution,515d0925ccf6f2603f35024ec98bcd9ef5da96ae33d70f846514ee6233d8f27d,primary_parent,f2ae21e180b652bfebf3d5ddadc548e5a203bc160d1132ebb1cdf640bbc3b27f,toxinpred3_label,categorical,true,same_frozen_label_contract,audit,label,Non-Toxin,Non-Toxin,,,false,10edd053a9b6bcc8263f4932ddebd5c5cdab7e1b2ddb8a014b6154fe945b34cd
fgf2,f3d90e602203c3cd022e7385d9b7cc9d16e4ff2e6ec817200cecede7e370c422,masked_substitution,95485ad5d79b46921b5fd53ec7ade9a05c9dd41532c465a74aaf541a6f839355,primary_parent,f2ae21e180b652bfebf3d5ddadc548e5a203bc160d1132ebb1cdf640bbc3b27f,amp_read_log10_mic_um,numeric,true,same_frozen_numeric_contract,minimize,log10(uM),2.597941786798904,2.4883798564379096,-0.10956193036099426,0.10956193036099426,true,15bd3e9ee5a4cc5626959bed917c01d4b2323e962535e4a03bcd62d143d940fe
fgf2,f3d90e602203c3cd022e7385d9b7cc9d16e4ff2e6ec817200cecede7e370c422,masked_substitution,95485ad5d79b46921b5fd53ec7ade9a05c9dd41532c465a74aaf541a6f839355,primary_parent,f2ae21e180b652bfebf3d5ddadc548e5a203bc160d1132ebb1cdf640bbc3b27f,guruprasad_instability_index,numeric,true,same_frozen_numeric_contract,minimize,index,29.246154,46.14615384615386,16.899999846153857,-16.899999846153857,true,8620ed9226cc53e4a62c2a9b55bfa9f9e40a10da544108bbbfe4d4f82d4c9da9
fgf2,f3d90e602203c3cd022e7385d9b7cc9d16e4ff2e6ec817200cecede7e370c422,masked_substitution,95485ad5d79b46921b5fd53ec7ade9a05c9dd41532c465a74aaf541a6f839355,primary_parent,f2ae21e180b652bfebf3d5ddadc548e5a203bc160d1132ebb1cdf640bbc3b27f,hydrophobic_moment_eisenberg,numeric,false,audit_metric_has_no_monotonic_improvement_direction,audit,dimensionless,0.24330416982349223,0.13677724673306177,-0.10652692309043046,,true,286bd50d055c4e5207fd026bfd494051c86430252ba6f37c37a1af918df1df41
fgf2,f3d90e602203c3cd022e7385d9b7cc9d16e4ff2e6ec817200cecede7e370c422,masked_substitution,95485ad5d79b46921b5fd53ec7ade9a05c9dd41532c465a74aaf541a6f839355,primary_parent,f2ae21e180b652bfebf3d5ddadc548e5a203bc160d1132ebb1cdf640bbc3b27f,hydrophobic_ratio_modlamp,numeric,false,audit_metric_has_no_monotonic_improvement_direction,audit,fraction,0.07692307692307693,0.11538461538461539,0.038461538461538464,,true,cbdd0ebec7ac37c8d1b1968ba7958f9ac02b2795f80e45ba39ff0ce84f84d153
fgf2,f3d90e602203c3cd022e7385d9b7cc9d16e4ff2e6ec817200cecede7e370c422,masked_substitution,95485ad5d79b46921b5fd53ec7ade9a05c9dd41532c465a74aaf541a6f839355,primary_parent,f2ae21e180b652bfebf3d5ddadc548e5a203bc160d1132ebb1cdf640bbc3b27f,llamp_log10_mic_um,numeric,true,same_frozen_numeric_contract,minimize,log10(uM),1.645182728767395,1.8140746355056763,0.16889190673828125,-0.16889190673828125,true,b9c2d539b75b2e5e4174c2bd22cf6e3781dba8c10bc6af83cc7415d72d77ef29
fgf2,f3d90e602203c3cd022e7385d9b7cc9d16e4ff2e6ec817200cecede7e370c422,masked_substitution,95485ad5d79b46921b5fd53ec7ade9a05c9dd41532c465a74aaf541a6f839355,primary_parent,f2ae21e180b652bfebf3d5ddadc548e5a203bc160d1132ebb1cdf640bbc3b27f,macrel_amp_probability,numeric,true,same_frozen_numeric_contract,maximize,probability,0.396,0.317,-0.07900000000000001,-0.07900000000000001,true,fafcf14d3de9fea1146262423cd11963e48c8f6ba50ec01471011be86b160818
fgf2,f3d90e602203c3cd022e7385d9b7cc9d16e4ff2e6ec817200cecede7e370c422,masked_substitution,95485ad5d79b46921b5fd53ec7ade9a05c9dd41532c465a74aaf541a6f839355,primary_parent,f2ae21e180b652bfebf3d5ddadc548e5a203bc160d1132ebb1cdf640bbc3b27f,macrel_hemolysis_label,categorical,true,same_frozen_label_contract,audit,label,low,low,,,false,f3483ced130214b521e262c728830563e28e64d0696313af2d50753a173ecd88
fgf2,f3d90e602203c3cd022e7385d9b7cc9d16e4ff2e6ec817200cecede7e370c422,masked_substitution,95485ad5d79b46921b5fd53ec7ade9a05c9dd41532c465a74aaf541a6f839355,primary_parent,f2ae21e180b652bfebf3d5ddadc548e5a203bc160d1132ebb1cdf640bbc3b27f,macrel_hemolysis_probability,numeric,true,same_frozen_numeric_contract,minimize,probability,0.416,0.307,-0.10899999999999999,0.10899999999999999,true,2335dba598e7291928d2205df0d7bf170cc0a02377db60aeb8d35639836cffd2
fgf2,f3d90e602203c3cd022e7385d9b7cc9d16e4ff2e6ec817200cecede7e370c422,masked_substitution,95485ad5d79b46921b5fd53ec7ade9a05c9dd41532c465a74aaf541a6f839355,primary_parent,f2ae21e180b652bfebf3d5ddadc548e5a203bc160d1132ebb1cdf640bbc3b27f,maximum_hydrophobic_run,numeric,true,same_frozen_numeric_contract,minimize,residues,1.0,2.0,1.0,-1.0,true,1e2fcae62c4b2e98c41af51f4f3cdb292fa1e456b8f5a7f7add8aa6ca6e981ed
fgf2,f3d90e602203c3cd022e7385d9b7cc9d16e4ff2e6ec817200cecede7e370c422,masked_substitution,95485ad5d79b46921b5fd53ec7ade9a05c9dd41532c465a74aaf541a6f839355,primary_parent,f2ae21e180b652bfebf3d5ddadc548e5a203bc160d1132ebb1cdf640bbc3b27f,net_charge_ph7_4,numeric,false,audit_metric_has_no_monotonic_improvement_direction,audit,elementary_charge,7.985,6.985,-1.0,,true,3c3e0982c9b44119f5792e5ac1c54fbc647d37dd6329dfd6e6c70b15ed263399
fgf2,f3d90e602203c3cd022e7385d9b7cc9d16e4ff2e6ec817200cecede7e370c422,masked_substitution,95485ad5d79b46921b5fd53ec7ade9a05c9dd41532c465a74aaf541a6f839355,primary_parent,f2ae21e180b652bfebf3d5ddadc548e5a203bc160d1132ebb1cdf640bbc3b27f,toxinpred3_hybrid_score,numeric,true,same_frozen_numeric_contract,minimize,dimensionless,0.0,0.0,0.0,-0.0,false,0c168d34474b7e741215c79b72f4b24bbeb4692bbac38ad4359edbc45ab32b4f
fgf2,f3d90e602203c3cd022e7385d9b7cc9d16e4ff2e6ec817200cecede7e370c422,masked_substitution,95485ad5d79b46921b5fd53ec7ade9a05c9dd41532c465a74aaf541a6f839355,primary_parent,f2ae21e180b652bfebf3d5ddadc548e5a203bc160d1132ebb1cdf640bbc3b27f,toxinpred3_label,categorical,true,same_frozen_label_contract,audit,label,Non-Toxin,Non-Toxin,,,false,0e9f61558ef08a03cade00f4791e3dbaffb42702545815b9ae0710aeab8342e9
fgf2,c9209162fbd7662c06669b7ee000c1f11ee136b68ecf0125120c1b823be54d06,masked_substitution,ebe9214262bb49e1c55d0bf25ce55ada1e0142775ff30bb738b468288f94493e,primary_parent,f2ae21e180b652bfebf3d5ddadc548e5a203bc160d1132ebb1cdf640bbc3b27f,amp_read_log10_mic_um,numeric,true,same_frozen_numeric_contract,minimize,log10(uM),2.597941786798904,2.4753270867973973,-0.12261470000150654,0.12261470000150654,true,995372baddee1ab879d571af78e9e52739c5999ff22aee2831ad4fc9e9d505a5
fgf2,c9209162fbd7662c06669b7ee000c1f11ee136b68ecf0125120c1b823be54d06,masked_substitution,ebe9214262bb49e1c55d0bf25ce55ada1e0142775ff30bb738b468288f94493e,primary_parent,f2ae21e180b652bfebf3d5ddadc548e5a203bc160d1132ebb1cdf640bbc3b27f,guruprasad_instability_index,numeric,true,same_frozen_numeric_contract,minimize,index,29.246154,29.24615384615385,-1.5384615181801564e-07,1.5384615181801564e-07,true,8338a1f2ee780c3a93cc7490b119dafcfaf33e39be88585937fc736b92b5afe9
fgf2,c9209162fbd7662c06669b7ee000c1f11ee136b68ecf0125120c1b823be54d06,masked_substitution,ebe9214262bb49e1c55d0bf25ce55ada1e0142775ff30bb738b468288f94493e,primary_parent,f2ae21e180b652bfebf3d5ddadc548e5a203bc160d1132ebb1cdf640bbc3b27f,hydrophobic_moment_eisenberg,numeric,false,audit_metric_has_no_monotonic_improvement_direction,audit,dimensionless,0.24330416982349223,0.14221432119023472,-0.10108984863325751,,true,0b59ed00455eaced03017a757ba82d4b8e60ac9a269c8959414dd346b2a988fc
fgf2,c9209162fbd7662c06669b7ee000c1f11ee136b68ecf0125120c1b823be54d06,masked_substitution,ebe9214262bb49e1c55d0bf25ce55ada1e0142775ff30bb738b468288f94493e,primary_parent,f2ae21e180b652bfebf3d5ddadc548e5a203bc160d1132ebb1cdf640bbc3b27f,hydrophobic_ratio_modlamp,numeric,false,audit_metric_has_no_monotonic_improvement_direction,audit,fraction,0.07692307692307693,0.11538461538461539,0.038461538461538464,,true,1b6e142a7ed3ea33935b0f02135f6541dde14d0677a661cf12bc3fe83cf42678
fgf2,c9209162fbd7662c06669b7ee000c1f11ee136b68ecf0125120c1b823be54d06,masked_substitution,ebe9214262bb49e1c55d0bf25ce55ada1e0142775ff30bb738b468288f94493e,primary_parent,f2ae21e180b652bfebf3d5ddadc548e5a203bc160d1132ebb1cdf640bbc3b27f,llamp_log10_mic_um,numeric,true,same_frozen_numeric_contract,minimize,log10(uM),1.645182728767395,1.8348172903060913,0.1896345615386963,-0.1896345615386963,true,519928ca24fa80d8db4515366c774b1c5abd5178ef5d60a24b8bf6c1c8604c6c
fgf2,c9209162fbd7662c06669b7ee000c1f11ee136b68ecf0125120c1b823be54d06,masked_substitution,ebe9214262bb49e1c55d0bf25ce55ada1e0142775ff30bb738b468288f94493e,primary_parent,f2ae21e180b652bfebf3d5ddadc548e5a203bc160d1132ebb1cdf640bbc3b27f,macrel_amp_probability,numeric,true,same_frozen_numeric_contract,maximize,probability,0.396,0.317,-0.07900000000000001,-0.07900000000000001,true,d28a5c06450b50e34b491a898a9d0384ac79b4c02a62ca7a29aae15c19bc6a62
fgf2,c9209162fbd7662c06669b7ee000c1f11ee136b68ecf0125120c1b823be54d06,masked_substitution,ebe9214262bb49e1c55d0bf25ce55ada1e0142775ff30bb738b468288f94493e,primary_parent,f2ae21e180b652bfebf3d5ddadc548e5a203bc160d1132ebb1cdf640bbc3b27f,macrel_hemolysis_label,categorical,true,same_frozen_label_contract,audit,label,low,low,,,false,7a6724122582e8e8fe16a6e6aabf08f9de4cb63d211c3dd5f245038480c07e56
fgf2,c9209162fbd7662c06669b7ee000c1f11ee136b68ecf0125120c1b823be54d06,masked_substitution,ebe9214262bb49e1c55d0bf25ce55ada1e0142775ff30bb738b468288f94493e,primary_parent,f2ae21e180b652bfebf3d5ddadc548e5a203bc160d1132ebb1cdf640bbc3b27f,macrel_hemolysis_probability,numeric,true,same_frozen_numeric_contract,minimize,probability,0.416,0.287,-0.129,0.129,true,ce761cbbabfdcdff9b6029c390ade7e43d70cc26f4174c9bb2dd97593d424e75
fgf2,c9209162fbd7662c06669b7ee000c1f11ee136b68ecf0125120c1b823be54d06,masked_substitution,ebe9214262bb49e1c55d0bf25ce55ada1e0142775ff30bb738b468288f94493e,primary_parent,f2ae21e180b652bfebf3d5ddadc548e5a203bc160d1132ebb1cdf640bbc3b27f,maximum_hydrophobic_run,numeric,true,same_frozen_numeric_contract,minimize,residues,1.0,2.0,1.0,-1.0,true,91a535b9b5120b66ca087f7dc9d0abdeb46a00375b35545ccfed5235eb8c65f0
fgf2,c9209162fbd7662c06669b7ee000c1f11ee136b68ecf0125120c1b823be54d06,masked_substitution,ebe9214262bb49e1c55d0bf25ce55ada1e0142775ff30bb738b468288f94493e,primary_parent,f2ae21e180b652bfebf3d5ddadc548e5a203bc160d1132ebb1cdf640bbc3b27f,net_charge_ph7_4,numeric,false,audit_metric_has_no_monotonic_improvement_direction,audit,elementary_charge,7.985,6.985,-1.0,,true,e24a1d407da40e8b4fc0aede4b5a69f1c87c63e4530c2f7c0764806f4357aa25
fgf2,c9209162fbd7662c06669b7ee000c1f11ee136b68ecf0125120c1b823be54d06,masked_substitution,ebe9214262bb49e1c55d0bf25ce55ada1e0142775ff30bb738b468288f94493e,primary_parent,f2ae21e180b652bfebf3d5ddadc548e5a203bc160d1132ebb1cdf640bbc3b27f,toxinpred3_hybrid_score,numeric,true,same_frozen_numeric_contract,minimize,dimensionless,0.0,0.0,0.0,-0.0,false,d08b964b26e47c90cbd90d5c26767001bcd8a07e80c221dcf9cafbb4a84ef598
fgf2,c9209162fbd7662c06669b7ee000c1f11ee136b68ecf0125120c1b823be54d06,masked_substitution,ebe9214262bb49e1c55d0bf25ce55ada1e0142775ff30bb738b468288f94493e,primary_parent,f2ae21e180b652bfebf3d5ddadc548e5a203bc160d1132ebb1cdf640bbc3b27f,toxinpred3_label,categorical,true,same_frozen_label_contract,audit,label,Non-Toxin,Non-Toxin,,,false,92191b2a762938437cfbb16dfa02f78a0453785299e329bdc585d82be2fe3093
fgf2,6cf764f9afdc79d4e86598cc95340e04f29998c1a8c5e73898ec8accce43e873,masked_substitution,82c4d3e130b36b2199a198cbf4ddbf99735144b1ffee8552f07101fd16a1659f,primary_parent,f2ae21e180b652bfebf3d5ddadc548e5a203bc160d1132ebb1cdf640bbc3b27f,amp_read_log10_mic_um,numeric,true,same_frozen_numeric_contract,minimize,log10(uM),2.597941786798904,2.5650882919301856,-0.03285349486871825,0.03285349486871825,true,db66a65258cc4683c824c6e138ca715b0cd7140ea5d2b13a250899bbd3f0169d
fgf2,6cf764f9afdc79d4e86598cc95340e04f29998c1a8c5e73898ec8accce43e873,masked_substitution,82c4d3e130b36b2199a198cbf4ddbf99735144b1ffee8552f07101fd16a1659f,primary_parent,f2ae21e180b652bfebf3d5ddadc548e5a203bc160d1132ebb1cdf640bbc3b27f,guruprasad_instability_index,numeric,true,same_frozen_numeric_contract,minimize,index,29.246154,29.24615384615385,-1.5384615181801564e-07,1.5384615181801564e-07,true,512a5a594b52630f8e82bfebe311ff6da64009ce0511965803a5e5e9427e4fa3
fgf2,6cf764f9afdc79d4e86598cc95340e04f29998c1a8c5e73898ec8accce43e873,masked_substitution,82c4d3e130b36b2199a198cbf4ddbf99735144b1ffee8552f07101fd16a1659f,primary_parent,f2ae21e180b652bfebf3d5ddadc548e5a203bc160d1132ebb1cdf640bbc3b27f,hydrophobic_moment_eisenberg,numeric,false,audit_metric_has_no_monotonic_improvement_direction,audit,dimensionless,0.24330416982349223,0.1403199725990871,-0.10298419722440513,,true,f69dfbffe20906a5427d441860f748c7c6f1eaf1762bc5905216064993932645
fgf2,6cf764f9afdc79d4e86598cc95340e04f29998c1a8c5e73898ec8accce43e873,masked_substitution,82c4d3e130b36b2199a198cbf4ddbf99735144b1ffee8552f07101fd16a1659f,primary_parent,f2ae21e180b652bfebf3d5ddadc548e5a203bc160d1132ebb1cdf640bbc3b27f,hydrophobic_ratio_modlamp,numeric,false,audit_metric_has_no_monotonic_improvement_direction,audit,fraction,0.07692307692307693,0.11538461538461539,0.038461538461538464,,true,856677a9259063d71178421245a45d8ee47cf8f34cd0b7683372939201a24469
fgf2,6cf764f9afdc79d4e86598cc95340e04f29998c1a8c5e73898ec8accce43e873,masked_substitution,82c4d3e130b36b2199a198cbf4ddbf99735144b1ffee8552f07101fd16a1659f,primary_parent,f2ae21e180b652bfebf3d5ddadc548e5a203bc160d1132ebb1cdf640bbc3b27f,llamp_log10_mic_um,numeric,true,same_frozen_numeric_contract,minimize,log10(uM),1.645182728767395,1.8688992261886597,0.22371649742126465,-0.22371649742126465,true,053c8e317b5a83292477f823cfd0b9699664dc6329f36c73d7681dc04ba16510
fgf2,6cf764f9afdc79d4e86598cc95340e04f29998c1a8c5e73898ec8accce43e873,masked_substitution,82c4d3e130b36b2199a198cbf4ddbf99735144b1ffee8552f07101fd16a1659f,primary_parent,f2ae21e180b652bfebf3d5ddadc548e5a203bc160d1132ebb1cdf640bbc3b27f,macrel_amp_probability,numeric,true,same_frozen_numeric_contract,maximize,probability,0.396,0.396,0.0,0.0,false,e952122466f89084af39090cd8fde1aa5fd32d2db79699cb7d3dc12b2f28ec6f
fgf2,6cf764f9afdc79d4e86598cc95340e04f29998c1a8c5e73898ec8accce43e873,masked_substitution,82c4d3e130b36b2199a198cbf4ddbf99735144b1ffee8552f07101fd16a1659f,primary_parent,f2ae21e180b652bfebf3d5ddadc548e5a203bc160d1132ebb1cdf640bbc3b27f,macrel_hemolysis_label,categorical,true,same_frozen_label_contract,audit,label,low,low,,,false,6fbf3f0f9bdff58abbfc46a76321b34ee69bd7cf97d8aa558dde379f3e861bc0
fgf2,6cf764f9afdc79d4e86598cc95340e04f29998c1a8c5e73898ec8accce43e873,masked_substitution,82c4d3e130b36b2199a198cbf4ddbf99735144b1ffee8552f07101fd16a1659f,primary_parent,f2ae21e180b652bfebf3d5ddadc548e5a203bc160d1132ebb1cdf640bbc3b27f,macrel_hemolysis_probability,numeric,true,same_frozen_numeric_contract,minimize,probability,0.416,0.327,-0.08899999999999997,0.08899999999999997,true,4edebccdd020f7aad9dcb266329c352f8bbd6289c05613b0ba9f74a7e0a84033
fgf2,6cf764f9afdc79d4e86598cc95340e04f29998c1a8c5e73898ec8accce43e873,masked_substitution,82c4d3e130b36b2199a198cbf4ddbf99735144b1ffee8552f07101fd16a1659f,primary_parent,f2ae21e180b652bfebf3d5ddadc548e5a203bc160d1132ebb1cdf640bbc3b27f,maximum_hydrophobic_run,numeric,true,same_frozen_numeric_contract,minimize,residues,1.0,2.0,1.0,-1.0,true,088c9f4a1ed468d96e912687a6ce046c8036326177f1704468695733523d98c3
fgf2,6cf764f9afdc79d4e86598cc95340e04f29998c1a8c5e73898ec8accce43e873,masked_substitution,82c4d3e130b36b2199a198cbf4ddbf99735144b1ffee8552f07101fd16a1659f,primary_parent,f2ae21e180b652bfebf3d5ddadc548e5a203bc160d1132ebb1cdf640bbc3b27f,net_charge_ph7_4,numeric,false,audit_metric_has_no_monotonic_improvement_direction,audit,elementary_charge,7.985,6.985,-1.0,,true,ef287a6dc186ec8d767b3bd238c0e1a5d461e5f1c92c6b0157f4996042e5ecde
fgf2,6cf764f9afdc79d4e86598cc95340e04f29998c1a8c5e73898ec8accce43e873,masked_substitution,82c4d3e130b36b2199a198cbf4ddbf99735144b1ffee8552f07101fd16a1659f,primary_parent,f2ae21e180b652bfebf3d5ddadc548e5a203bc160d1132ebb1cdf640bbc3b27f,toxinpred3_hybrid_score,numeric,true,same_frozen_numeric_contract,minimize,dimensionless,0.0,0.0,0.0,-0.0,false,fae154eae53d85fe20bc50f1051fd422cce91a5d92e04ccd9eadd562f718b9ea
fgf2,6cf764f9afdc79d4e86598cc95340e04f29998c1a8c5e73898ec8accce43e873,masked_substitution,82c4d3e130b36b2199a198cbf4ddbf99735144b1ffee8552f07101fd16a1659f,primary_parent,f2ae21e180b652bfebf3d5ddadc548e5a203bc160d1132ebb1cdf640bbc3b27f,toxinpred3_label,categorical,true,same_frozen_label_contract,audit,label,Non-Toxin,Non-Toxin,,,false,e81d719e88b4a7347716decdc1948b0f230cb54217adce0af3060e4ad08fab15
fgf2,dbe880359ec4aa55e0a8ab8ca47b097b602a3528d6a66205b643108038ce5bc9,masked_substitution,25546f250230b04067f8c08dd397c814800e3e6dd902d133e8991383a580250c,primary_parent,f2ae21e180b652bfebf3d5ddadc548e5a203bc160d1132ebb1cdf640bbc3b27f,amp_read_log10_mic_um,numeric,true,same_frozen_numeric_contract,minimize,log10(uM),2.597941786798904,2.4275106532163155,-0.17043113358258832,0.17043113358258832,true,fc10f84cde77f47a42332a14f261b2c262b3aea0389b7acff7e3917bb5deacf9
fgf2,dbe880359ec4aa55e0a8ab8ca47b097b602a3528d6a66205b643108038ce5bc9,masked_substitution,25546f250230b04067f8c08dd397c814800e3e6dd902d133e8991383a580250c,primary_parent,f2ae21e180b652bfebf3d5ddadc548e5a203bc160d1132ebb1cdf640bbc3b27f,guruprasad_instability_index,numeric,true,same_frozen_numeric_contract,minimize,index,29.246154,29.24615384615385,-1.5384615181801564e-07,1.5384615181801564e-07,true,a9de3941884c2e412aced462db0c7b1e14423e2a05771de8b130cf452bfdc845
fgf2,dbe880359ec4aa55e0a8ab8ca47b097b602a3528d6a66205b643108038ce5bc9,masked_substitution,25546f250230b04067f8c08dd397c814800e3e6dd902d133e8991383a580250c,primary_parent,f2ae21e180b652bfebf3d5ddadc548e5a203bc160d1132ebb1cdf640bbc3b27f,hydrophobic_moment_eisenberg,numeric,false,audit_metric_has_no_monotonic_improvement_direction,audit,dimensionless,0.24330416982349223,0.14813626944114655,-0.09516790038234568,,true,e5c143e4b057c6a8d3a89853bc8c5f0261107c06571ccd05335031bb39ccb2c7
fgf2,dbe880359ec4aa55e0a8ab8ca47b097b602a3528d6a66205b643108038ce5bc9,masked_substitution,25546f250230b04067f8c08dd397c814800e3e6dd902d133e8991383a580250c,primary_parent,f2ae21e180b652bfebf3d5ddadc548e5a203bc160d1132ebb1cdf640bbc3b27f,hydrophobic_ratio_modlamp,numeric,false,audit_metric_has_no_monotonic_improvement_direction,audit,fraction,0.07692307692307693,0.07692307692307693,0.0,,false,5b78f7b90def8bb94aea6f7f75c73c8c9e5e947c808c5b884b0c22f46767991b
fgf2,dbe880359ec4aa55e0a8ab8ca47b097b602a3528d6a66205b643108038ce5bc9,masked_substitution,25546f250230b04067f8c08dd397c814800e3e6dd902d133e8991383a580250c,primary_parent,f2ae21e180b652bfebf3d5ddadc548e5a203bc160d1132ebb1cdf640bbc3b27f,llamp_log10_mic_um,numeric,true,same_frozen_numeric_contract,minimize,log10(uM),1.645182728767395,1.6528353691101074,0.007652640342712402,-0.007652640342712402,true,94180006828486b825872dbe4dab85456887f6a7f8c3edcc3273e14d1939e501
fgf2,dbe880359ec4aa55e0a8ab8ca47b097b602a3528d6a66205b643108038ce5bc9,masked_substitution,25546f250230b04067f8c08dd397c814800e3e6dd902d133e8991383a580250c,primary_parent,f2ae21e180b652bfebf3d5ddadc548e5a203bc160d1132ebb1cdf640bbc3b27f,macrel_amp_probability,numeric,true,same_frozen_numeric_contract,maximize,probability,0.396,0.386,-0.010000000000000009,-0.010000000000000009,true,7dd6a3e28c5539327c4fb7b33f8f99b257609e7d42d99033fc703e795bffdd15
fgf2,dbe880359ec4aa55e0a8ab8ca47b097b602a3528d6a66205b643108038ce5bc9,masked_substitution,25546f250230b04067f8c08dd397c814800e3e6dd902d133e8991383a580250c,primary_parent,f2ae21e180b652bfebf3d5ddadc548e5a203bc160d1132ebb1cdf640bbc3b27f,macrel_hemolysis_label,categorical,true,same_frozen_label_contract,audit,label,low,low,,,false,49c839de59b7e879eed3f5ec0fac1720b6daea94112d6295c95180cf62bb6f9a
fgf2,dbe880359ec4aa55e0a8ab8ca47b097b602a3528d6a66205b643108038ce5bc9,masked_substitution,25546f250230b04067f8c08dd397c814800e3e6dd902d133e8991383a580250c,primary_parent,f2ae21e180b652bfebf3d5ddadc548e5a203bc160d1132ebb1cdf640bbc3b27f,macrel_hemolysis_probability,numeric,true,same_frozen_numeric_contract,minimize,probability,0.416,0.327,-0.08899999999999997,0.08899999999999997,true,86b9b715706c6dba3a80cf4d3b9404a3e45af89d9f39775c980aecf973652ecf
fgf2,dbe880359ec4aa55e0a8ab8ca47b097b602a3528d6a66205b643108038ce5bc9,masked_substitution,25546f250230b04067f8c08dd397c814800e3e6dd902d133e8991383a580250c,primary_parent,f2ae21e180b652bfebf3d5ddadc548e5a203bc160d1132ebb1cdf640bbc3b27f,maximum_hydrophobic_run,numeric,true,same_frozen_numeric_contract,minimize,residues,1.0,2.0,1.0,-1.0,true,146fa3a5a1b7b76b9e1eadf6a939e547770e9830486557a2998f141d2fd08b6b
fgf2,dbe880359ec4aa55e0a8ab8ca47b097b602a3528d6a66205b643108038ce5bc9,masked_substitution,25546f250230b04067f8c08dd397c814800e3e6dd902d133e8991383a580250c,primary_parent,f2ae21e180b652bfebf3d5ddadc548e5a203bc160d1132ebb1cdf640bbc3b27f,net_charge_ph7_4,numeric,false,audit_metric_has_no_monotonic_improvement_direction,audit,elementary_charge,7.985,6.985,-1.0,,true,9306ad0dfc0984e06be7dfec7ebc5c2e01432aeea0e34fe6efc104421d23c613
fgf2,dbe880359ec4aa55e0a8ab8ca47b097b602a3528d6a66205b643108038ce5bc9,masked_substitution,25546f250230b04067f8c08dd397c814800e3e6dd902d133e8991383a580250c,primary_parent,f2ae21e180b652bfebf3d5ddadc548e5a203bc160d1132ebb1cdf640bbc3b27f,toxinpred3_hybrid_score,numeric,true,same_frozen_numeric_contract,minimize,dimensionless,0.0,0.0,0.0,-0.0,false,25a24b4a817f9fb17fb9d8324859276bbe9fb3fddb00085c056bdfae5839a014
fgf2,dbe880359ec4aa55e0a8ab8ca47b097b602a3528d6a66205b643108038ce5bc9,masked_substitution,25546f250230b04067f8c08dd397c814800e3e6dd902d133e8991383a580250c,primary_parent,f2ae21e180b652bfebf3d5ddadc548e5a203bc160d1132ebb1cdf640bbc3b27f,toxinpred3_label,categorical,true,same_frozen_label_contract,audit,label,Non-Toxin,Non-Toxin,,,false,1fd7996c77577eb896f26b3e7a2486265cac1ed6aed8f5029c4a961680f29b95
fgf2,f7a10aa6e639e15f8234b30de31a60714ed7fd7c9014ec8012f029a243cb1fcc,masked_substitution,a388cd25700d5ef8828c7c1c67aef0aa173e228da603ebc388b7eece3ed389e6,primary_parent,f2ae21e180b652bfebf3d5ddadc548e5a203bc160d1132ebb1cdf640bbc3b27f,amp_read_log10_mic_um,numeric,true,same_frozen_numeric_contract,minimize,log10(uM),2.597941786798904,2.387876991211293,-0.21006479558761093,0.21006479558761093,true,750012001b2ebb314982896768fbdf3a84d4457961e63232fa9a0b520e1acc6e
fgf2,f7a10aa6e639e15f8234b30de31a60714ed7fd7c9014ec8012f029a243cb1fcc,masked_substitution,a388cd25700d5ef8828c7c1c67aef0aa173e228da603ebc388b7eece3ed389e6,primary_parent,f2ae21e180b652bfebf3d5ddadc548e5a203bc160d1132ebb1cdf640bbc3b27f,guruprasad_instability_index,numeric,true,same_frozen_numeric_contract,minimize,index,29.246154,29.24615384615385,-1.5384615181801564e-07,1.5384615181801564e-07,true,a736d367fcbb7960a6b85110c0bdebd6bf3f320c599b2f44b3485768ef614347
fgf2,f7a10aa6e639e15f8234b30de31a60714ed7fd7c9014ec8012f029a243cb1fcc,masked_substitution,a388cd25700d5ef8828c7c1c67aef0aa173e228da603ebc388b7eece3ed389e6,primary_parent,f2ae21e180b652bfebf3d5ddadc548e5a203bc160d1132ebb1cdf640bbc3b27f,hydrophobic_moment_eisenberg,numeric,false,audit_metric_has_no_monotonic_improvement_direction,audit,dimensionless,0.24330416982349223,0.23039528574622226,-0.012908884077269978,,true,7f2058fbedc09eb4ca56bcb141513a1b9d8be5115e41f3fc8290b638ba63d26e
fgf2,f7a10aa6e639e15f8234b30de31a60714ed7fd7c9014ec8012f029a243cb1fcc,masked_substitution,a388cd25700d5ef8828c7c1c67aef0aa173e228da603ebc388b7eece3ed389e6,primary_parent,f2ae21e180b652bfebf3d5ddadc548e5a203bc160d1132ebb1cdf640bbc3b27f,hydrophobic_ratio_modlamp,numeric,false,audit_metric_has_no_monotonic_improvement_direction,audit,fraction,0.07692307692307693,0.11538461538461539,0.038461538461538464,,true,00f3591fa53cda70f96f6451aa617940d242c0a11c68fd94d98d92155918daec
fgf2,f7a10aa6e639e15f8234b30de31a60714ed7fd7c9014ec8012f029a243cb1fcc,masked_substitution,a388cd25700d5ef8828c7c1c67aef0aa173e228da603ebc388b7eece3ed389e6,primary_parent,f2ae21e180b652bfebf3d5ddadc548e5a203bc160d1132ebb1cdf640bbc3b27f,llamp_log10_mic_um,numeric,true,same_frozen_numeric_contract,minimize,log10(uM),1.645182728767395,1.764641523361206,0.11945879459381104,-0.11945879459381104,true,00a86bf1878d4fef64f1ceeacb12ac7ab1221106899dd13c6c9c5c750eb8aa00
fgf2,f7a10aa6e639e15f8234b30de31a60714ed7fd7c9014ec8012f029a243cb1fcc,masked_substitution,a388cd25700d5ef8828c7c1c67aef0aa173e228da603ebc388b7eece3ed389e6,primary_parent,f2ae21e180b652bfebf3d5ddadc548e5a203bc160d1132ebb1cdf640bbc3b27f,macrel_amp_probability,numeric,true,same_frozen_numeric_contract,maximize,probability,0.396,0.307,-0.08900000000000002,-0.08900000000000002,true,6671051b516bd71a4a92ef9e3e79536d047655e286118b8a452b4a8d2b4c8d94
fgf2,f7a10aa6e639e15f8234b30de31a60714ed7fd7c9014ec8012f029a243cb1fcc,masked_substitution,a388cd25700d5ef8828c7c1c67aef0aa173e228da603ebc388b7eece3ed389e6,primary_parent,f2ae21e180b652bfebf3d5ddadc548e5a203bc160d1132ebb1cdf640bbc3b27f,macrel_hemolysis_label,categorical,true,same_frozen_label_contract,audit,label,low,low,,,false,bf3afc4d1a8d993b079553333d0d0d2c0fe3c2b2db0c4e5f070d9a47049ae58a
fgf2,f7a10aa6e639e15f8234b30de31a60714ed7fd7c9014ec8012f029a243cb1fcc,masked_substitution,a388cd25700d5ef8828c7c1c67aef0aa173e228da603ebc388b7eece3ed389e6,primary_parent,f2ae21e180b652bfebf3d5ddadc548e5a203bc160d1132ebb1cdf640bbc3b27f,macrel_hemolysis_probability,numeric,true,same_frozen_numeric_contract,minimize,probability,0.416,0.386,-0.02999999999999997,0.02999999999999997,true,3d274692c6bb4270da232f97b69c3bf6a26754ad9e60f210dadab839dd48f609
fgf2,f7a10aa6e639e15f8234b30de31a60714ed7fd7c9014ec8012f029a243cb1fcc,masked_substitution,a388cd25700d5ef8828c7c1c67aef0aa173e228da603ebc388b7eece3ed389e6,primary_parent,f2ae21e180b652bfebf3d5ddadc548e5a203bc160d1132ebb1cdf640bbc3b27f,maximum_hydrophobic_run,numeric,true,same_frozen_numeric_contract,minimize,residues,1.0,2.0,1.0,-1.0,true,7019ff0c846f9bba9631848ee407e1b5201b54299507f93c6f6f558c5de746fb
fgf2,f7a10aa6e639e15f8234b30de31a60714ed7fd7c9014ec8012f029a243cb1fcc,masked_substitution,a388cd25700d5ef8828c7c1c67aef0aa173e228da603ebc388b7eece3ed389e6,primary_parent,f2ae21e180b652bfebf3d5ddadc548e5a203bc160d1132ebb1cdf640bbc3b27f,net_charge_ph7_4,numeric,false,audit_metric_has_no_monotonic_improvement_direction,audit,elementary_charge,7.985,8.984,0.9989999999999997,,true,84911bd3682a0f4869216fdd9757dd9e5afc92c7a06b3368cc8527679dafd60c
fgf2,f7a10aa6e639e15f8234b30de31a60714ed7fd7c9014ec8012f029a243cb1fcc,masked_substitution,a388cd25700d5ef8828c7c1c67aef0aa173e228da603ebc388b7eece3ed389e6,primary_parent,f2ae21e180b652bfebf3d5ddadc548e5a203bc160d1132ebb1cdf640bbc3b27f,toxinpred3_hybrid_score,numeric,true,same_frozen_numeric_contract,minimize,dimensionless,0.0,0.0,0.0,-0.0,false,9d989ba10a8f4132656009911673656979865c01e963af0c147d007547132838
fgf2,f7a10aa6e639e15f8234b30de31a60714ed7fd7c9014ec8012f029a243cb1fcc,masked_substitution,a388cd25700d5ef8828c7c1c67aef0aa173e228da603ebc388b7eece3ed389e6,primary_parent,f2ae21e180b652bfebf3d5ddadc548e5a203bc160d1132ebb1cdf640bbc3b27f,toxinpred3_label,categorical,true,same_frozen_label_contract,audit,label,Non-Toxin,Non-Toxin,,,false,dc5a6487e19f347082823eea25aff2b4770ece02e153980d9c365ef7f6483f18
fgf2,e86b167c44cebafd154cdcb9dcb355adb0e7dba563bf1fff08d2b8f1b52157bd,masked_substitution,25ca8df740a1fa7776e7e61ee7dd65aaad0e04144b084f7ff7d8b799c4d40f0a,primary_parent,f2ae21e180b652bfebf3d5ddadc548e5a203bc160d1132ebb1cdf640bbc3b27f,amp_read_log10_mic_um,numeric,true,same_frozen_numeric_contract,minimize,log10(uM),2.597941786798904,2.2482842095425273,-0.3496575772563766,0.3496575772563766,true,f70c127784bcf931a19a6b47594d12e3ed8dc6fdc3202c79c8b270306238eb26
fgf2,e86b167c44cebafd154cdcb9dcb355adb0e7dba563bf1fff08d2b8f1b52157bd,masked_substitution,25ca8df740a1fa7776e7e61ee7dd65aaad0e04144b084f7ff7d8b799c4d40f0a,primary_parent,f2ae21e180b652bfebf3d5ddadc548e5a203bc160d1132ebb1cdf640bbc3b27f,guruprasad_instability_index,numeric,true,same_frozen_numeric_contract,minimize,index,29.246154,29.24615384615385,-1.5384615181801564e-07,1.5384615181801564e-07,true,9dc65b3fb3e236341fca6880f38ee8ccf9b7eff6b94aefa31a49b256fc0c189b
fgf2,e86b167c44cebafd154cdcb9dcb355adb0e7dba563bf1fff08d2b8f1b52157bd,masked_substitution,25ca8df740a1fa7776e7e61ee7dd65aaad0e04144b084f7ff7d8b799c4d40f0a,primary_parent,f2ae21e180b652bfebf3d5ddadc548e5a203bc160d1132ebb1cdf640bbc3b27f,hydrophobic_moment_eisenberg,numeric,false,audit_metric_has_no_monotonic_improvement_direction,audit,dimensionless,0.24330416982349223,0.22813181601382818,-0.015172353809664058,,true,a77df36bdbe73d3c8ced910f110e7228d3b2799b5381fb7e165d9d2d475f550b
fgf2,e86b167c44cebafd154cdcb9dcb355adb0e7dba563bf1fff08d2b8f1b52157bd,masked_substitution,25ca8df740a1fa7776e7e61ee7dd65aaad0e04144b084f7ff7d8b799c4d40f0a,primary_parent,f2ae21e180b652bfebf3d5ddadc548e5a203bc160d1132ebb1cdf640bbc3b27f,hydrophobic_ratio_modlamp,numeric,false,audit_metric_has_no_monotonic_improvement_direction,audit,fraction,0.07692307692307693,0.11538461538461539,0.038461538461538464,,true,01fddde22dced543ed03709961955819cbeaa5af336fcde1b28460dca29be7d1
fgf2,e86b167c44cebafd154cdcb9dcb355adb0e7dba563bf1fff08d2b8f1b52157bd,masked_substitution,25ca8df740a1fa7776e7e61ee7dd65aaad0e04144b084f7ff7d8b799c4d40f0a,primary_parent,f2ae21e180b652bfebf3d5ddadc548e5a203bc160d1132ebb1cdf640bbc3b27f,llamp_log10_mic_um,numeric,true,same_frozen_numeric_contract,minimize,log10(uM),1.645182728767395,1.6259101629257202,-0.019272565841674805,0.019272565841674805,true,580def8458bbbb39bc6b2a4b8fe38f6d34ee76f76495ee09efb6ba225e3ecd6e
fgf2,e86b167c44cebafd154cdcb9dcb355adb0e7dba563bf1fff08d2b8f1b52157bd,masked_substitution,25ca8df740a1fa7776e7e61ee7dd65aaad0e04144b084f7ff7d8b799c4d40f0a,primary_parent,f2ae21e180b652bfebf3d5ddadc548e5a203bc160d1132ebb1cdf640bbc3b27f,macrel_amp_probability,numeric,true,same_frozen_numeric_contract,maximize,probability,0.396,0.327,-0.069,-0.069,true,8bd9dfc5291a2dbd09db42036f42bb192022969810268c1dc10cdf6032bcb961
fgf2,e86b167c44cebafd154cdcb9dcb355adb0e7dba563bf1fff08d2b8f1b52157bd,masked_substitution,25ca8df740a1fa7776e7e61ee7dd65aaad0e04144b084f7ff7d8b799c4d40f0a,primary_parent,f2ae21e180b652bfebf3d5ddadc548e5a203bc160d1132ebb1cdf640bbc3b27f,macrel_hemolysis_label,categorical,true,same_frozen_label_contract,audit,label,low,low,,,false,186fba2e26554718c82d07491da301e6373e71f86ac822eb79fea1b37c3516cc
fgf2,e86b167c44cebafd154cdcb9dcb355adb0e7dba563bf1fff08d2b8f1b52157bd,masked_substitution,25ca8df740a1fa7776e7e61ee7dd65aaad0e04144b084f7ff7d8b799c4d40f0a,primary_parent,f2ae21e180b652bfebf3d5ddadc548e5a203bc160d1132ebb1cdf640bbc3b27f,macrel_hemolysis_probability,numeric,true,same_frozen_numeric_contract,minimize,probability,0.416,0.426,0.010000000000000009,-0.010000000000000009,true,870d22cc647f0d4ed534ff0f66717c8cf5186be28cad1589091cc91a3b2f7e1e
fgf2,e86b167c44cebafd154cdcb9dcb355adb0e7dba563bf1fff08d2b8f1b52157bd,masked_substitution,25ca8df740a1fa7776e7e61ee7dd65aaad0e04144b084f7ff7d8b799c4d40f0a,primary_parent,f2ae21e180b652bfebf3d5ddadc548e5a203bc160d1132ebb1cdf640bbc3b27f,maximum_hydrophobic_run,numeric,true,same_frozen_numeric_contract,minimize,residues,1.0,2.0,1.0,-1.0,true,2212ffeb227abda841f324d4b957c0fc29d8d55db8939e6a7a78cfd8aafdc27c
fgf2,e86b167c44cebafd154cdcb9dcb355adb0e7dba563bf1fff08d2b8f1b52157bd,masked_substitution,25ca8df740a1fa7776e7e61ee7dd65aaad0e04144b084f7ff7d8b799c4d40f0a,primary_parent,f2ae21e180b652bfebf3d5ddadc548e5a203bc160d1132ebb1cdf640bbc3b27f,net_charge_ph7_4,numeric,false,audit_metric_has_no_monotonic_improvement_direction,audit,elementary_charge,7.985,8.984,0.9989999999999997,,true,405cf66cde5398cc70400d1e5816912f40ebc209c603a1215041806d0052e4f1
fgf2,e86b167c44cebafd154cdcb9dcb355adb0e7dba563bf1fff08d2b8f1b52157bd,masked_substitution,25ca8df740a1fa7776e7e61ee7dd65aaad0e04144b084f7ff7d8b799c4d40f0a,primary_parent,f2ae21e180b652bfebf3d5ddadc548e5a203bc160d1132ebb1cdf640bbc3b27f,toxinpred3_hybrid_score,numeric,true,same_frozen_numeric_contract,minimize,dimensionless,0.0,0.0,0.0,-0.0,false,78809647a1c75e444670ceab364f204aa2bd33b397a7fd15273e997d42156c6d
fgf2,e86b167c44cebafd154cdcb9dcb355adb0e7dba563bf1fff08d2b8f1b52157bd,masked_substitution,25ca8df740a1fa7776e7e61ee7dd65aaad0e04144b084f7ff7d8b799c4d40f0a,primary_parent,f2ae21e180b652bfebf3d5ddadc548e5a203bc160d1132ebb1cdf640bbc3b27f,toxinpred3_label,categorical,true,same_frozen_label_contract,audit,label,Non-Toxin,Non-Toxin,,,false,7428f87557b6680798090468b8792c7d542fbb13492772f556e8f38e4c5335b1
fgf2,ea0414308766325c74f991c4581daa453854cf2a69baca1c3764215fe92892ac,masked_substitution,e875cc1d4c2822cc06513efb55ff618fac27b8a28556d41555ed87b443700c3a,primary_parent,f2ae21e180b652bfebf3d5ddadc548e5a203bc160d1132ebb1cdf640bbc3b27f,amp_read_log10_mic_um,numeric,true,same_frozen_numeric_contract,minimize,log10(uM),2.597941786798904,2.3360903007002367,-0.26185148609866715,0.26185148609866715,true,7d2066ff049d67695fd47965d5a9b5aad24f229f0b6f68c3d59a0a56908d1402
fgf2,ea0414308766325c74f991c4581daa453854cf2a69baca1c3764215fe92892ac,masked_substitution,e875cc1d4c2822cc06513efb55ff618fac27b8a28556d41555ed87b443700c3a,primary_parent,f2ae21e180b652bfebf3d5ddadc548e5a203bc160d1132ebb1cdf640bbc3b27f,guruprasad_instability_index,numeric,true,same_frozen_numeric_contract,minimize,index,29.246154,29.24615384615385,-1.5384615181801564e-07,1.5384615181801564e-07,true,24c5158b5dbfcefe16a71d42ba829bd5187a9ce3d949975b48f27b665b823963
fgf2,ea0414308766325c74f991c4581daa453854cf2a69baca1c3764215fe92892ac,masked_substitution,e875cc1d4c2822cc06513efb55ff618fac27b8a28556d41555ed87b443700c3a,primary_parent,f2ae21e180b652bfebf3d5ddadc548e5a203bc160d1132ebb1cdf640bbc3b27f,hydrophobic_moment_eisenberg,numeric,false,audit_metric_has_no_monotonic_improvement_direction,audit,dimensionless,0.24330416982349223,0.2285394615855085,-0.014764708237983731,,true,dd5ca10ff68676256e31bbf40c41131a79d021f5d90fdf1854acee8dc6f7f82d
fgf2,ea0414308766325c74f991c4581daa453854cf2a69baca1c3764215fe92892ac,masked_substitution,e875cc1d4c2822cc06513efb55ff618fac27b8a28556d41555ed87b443700c3a,primary_parent,f2ae21e180b652bfebf3d5ddadc548e5a203bc160d1132ebb1cdf640bbc3b27f,hydrophobic_ratio_modlamp,numeric,false,audit_metric_has_no_monotonic_improvement_direction,audit,fraction,0.07692307692307693,0.11538461538461539,0.038461538461538464,,true,7d7cd622f93348df7cca53d8f96d883b0adc3ed9d404de42bb09a45e4ce4ad8d
fgf2,ea0414308766325c74f991c4581daa453854cf2a69baca1c3764215fe92892ac,masked_substitution,e875cc1d4c2822cc06513efb55ff618fac27b8a28556d41555ed87b443700c3a,primary_parent,f2ae21e180b652bfebf3d5ddadc548e5a203bc160d1132ebb1cdf640bbc3b27f,llamp_log10_mic_um,numeric,true,same_frozen_numeric_contract,minimize,log10(uM),1.645182728767395,1.57914137840271,-0.06604135036468506,0.06604135036468506,true,108bbdaad299f730d16862fbce364d0a2319ab6733528e51ce4e6a28a1ff6c75
fgf2,ea0414308766325c74f991c4581daa453854cf2a69baca1c3764215fe92892ac,masked_substitution,e875cc1d4c2822cc06513efb55ff618fac27b8a28556d41555ed87b443700c3a,primary_parent,f2ae21e180b652bfebf3d5ddadc548e5a203bc160d1132ebb1cdf640bbc3b27f,macrel_amp_probability,numeric,true,same_frozen_numeric_contract,maximize,probability,0.396,0.327,-0.069,-0.069,true,30a5428d70736cb41bef73f7bc8d26f1ac27f8b439c25660e2c0097a694aaa38
fgf2,ea0414308766325c74f991c4581daa453854cf2a69baca1c3764215fe92892ac,masked_substitution,e875cc1d4c2822cc06513efb55ff618fac27b8a28556d41555ed87b443700c3a,primary_parent,f2ae21e180b652bfebf3d5ddadc548e5a203bc160d1132ebb1cdf640bbc3b27f,macrel_hemolysis_label,categorical,true,same_frozen_label_contract,audit,label,low,low,,,false,4bd691641aebf85691c10af9588a8c02e1df47955f5aef76dcb305c87182e513
fgf2,ea0414308766325c74f991c4581daa453854cf2a69baca1c3764215fe92892ac,masked_substitution,e875cc1d4c2822cc06513efb55ff618fac27b8a28556d41555ed87b443700c3a,primary_parent,f2ae21e180b652bfebf3d5ddadc548e5a203bc160d1132ebb1cdf640bbc3b27f,macrel_hemolysis_probability,numeric,true,same_frozen_numeric_contract,minimize,probability,0.416,0.426,0.010000000000000009,-0.010000000000000009,true,2ab1bf6171a88f57d06e3595aae53fbe4a088dc3728ae69ae2695586df995515
fgf2,ea0414308766325c74f991c4581daa453854cf2a69baca1c3764215fe92892ac,masked_substitution,e875cc1d4c2822cc06513efb55ff618fac27b8a28556d41555ed87b443700c3a,primary_parent,f2ae21e180b652bfebf3d5ddadc548e5a203bc160d1132ebb1cdf640bbc3b27f,maximum_hydrophobic_run,numeric,true,same_frozen_numeric_contract,minimize,residues,1.0,2.0,1.0,-1.0,true,5ed3dd2a644383aa50655e6a2f22d95c4554e28bda7d74ee14505449f758ca4e
fgf2,ea0414308766325c74f991c4581daa453854cf2a69baca1c3764215fe92892ac,masked_substitution,e875cc1d4c2822cc06513efb55ff618fac27b8a28556d41555ed87b443700c3a,primary_parent,f2ae21e180b652bfebf3d5ddadc548e5a203bc160d1132ebb1cdf640bbc3b27f,net_charge_ph7_4,numeric,false,audit_metric_has_no_monotonic_improvement_direction,audit,elementary_charge,7.985,8.984,0.9989999999999997,,true,6b1c752f1faea4c44dfba75a0dcf7a01142f69291ec3cc07a745d7111e96ef42
fgf2,ea0414308766325c74f991c4581daa453854cf2a69baca1c3764215fe92892ac,masked_substitution,e875cc1d4c2822cc06513efb55ff618fac27b8a28556d41555ed87b443700c3a,primary_parent,f2ae21e180b652bfebf3d5ddadc548e5a203bc160d1132ebb1cdf640bbc3b27f,toxinpred3_hybrid_score,numeric,true,same_frozen_numeric_contract,minimize,dimensionless,0.0,0.0,0.0,-0.0,false,83e95d3f1391740e5d1073baa874867e28adf59757aeb03858d1e936d34c71f1
fgf2,ea0414308766325c74f991c4581daa453854cf2a69baca1c3764215fe92892ac,masked_substitution,e875cc1d4c2822cc06513efb55ff618fac27b8a28556d41555ed87b443700c3a,primary_parent,f2ae21e180b652bfebf3d5ddadc548e5a203bc160d1132ebb1cdf640bbc3b27f,toxinpred3_label,categorical,true,same_frozen_label_contract,audit,label,Non-Toxin,Non-Toxin,,,false,541df3d716661e2321d146bdec73071ea74eb585e2e37c2a841daa97e5f9e993
fgf2,c0dc7dc3a24c6182a7a7fdb04cfd48887b2c1a54d90aee6ed52c7a959a5cb03b,masked_substitution,b8803d13eab74e9a3f5cf12ecda4d5fb87ebdc43a0a61c98a6bee68149706151,primary_parent,f2ae21e180b652bfebf3d5ddadc548e5a203bc160d1132ebb1cdf640bbc3b27f,amp_read_log10_mic_um,numeric,true,same_frozen_numeric_contract,minimize,log10(uM),2.597941786798904,2.2322916645180024,-0.36565012228090144,0.36565012228090144,true,90b728ae56a1ff028ed980de728c86c1d4ca3450fa66abcbb008c06eaf9123fd
fgf2,c0dc7dc3a24c6182a7a7fdb04cfd48887b2c1a54d90aee6ed52c7a959a5cb03b,masked_substitution,b8803d13eab74e9a3f5cf12ecda4d5fb87ebdc43a0a61c98a6bee68149706151,primary_parent,f2ae21e180b652bfebf3d5ddadc548e5a203bc160d1132ebb1cdf640bbc3b27f,guruprasad_instability_index,numeric,true,same_frozen_numeric_contract,minimize,index,29.246154,29.24615384615385,-1.5384615181801564e-07,1.5384615181801564e-07,true,0f84ba0a01a42c9fad95777c9e90b9bb0fb138d3ee5a70188f9079eb7eb055d4
fgf2,c0dc7dc3a24c6182a7a7fdb04cfd48887b2c1a54d90aee6ed52c7a959a5cb03b,masked_substitution,b8803d13eab74e9a3f5cf12ecda4d5fb87ebdc43a0a61c98a6bee68149706151,primary_parent,f2ae21e180b652bfebf3d5ddadc548e5a203bc160d1132ebb1cdf640bbc3b27f,hydrophobic_moment_eisenberg,numeric,false,audit_metric_has_no_monotonic_improvement_direction,audit,dimensionless,0.24330416982349223,0.2285394615855085,-0.014764708237983731,,true,517e7fe2c28cdb609b5037302e681c11cc611b6605a296b22b9e816add82fb9f
fgf2,c0dc7dc3a24c6182a7a7fdb04cfd48887b2c1a54d90aee6ed52c7a959a5cb03b,masked_substitution,b8803d13eab74e9a3f5cf12ecda4d5fb87ebdc43a0a61c98a6bee68149706151,primary_parent,f2ae21e180b652bfebf3d5ddadc548e5a203bc160d1132ebb1cdf640bbc3b27f,hydrophobic_ratio_modlamp,numeric,false,audit_metric_has_no_monotonic_improvement_direction,audit,fraction,0.07692307692307693,0.11538461538461539,0.038461538461538464,,true,584612dd4cf64295f111d868b19efa71a73170f550b4f07b07b99a6a9b529bb2
fgf2,c0dc7dc3a24c6182a7a7fdb04cfd48887b2c1a54d90aee6ed52c7a959a5cb03b,masked_substitution,b8803d13eab74e9a3f5cf12ecda4d5fb87ebdc43a0a61c98a6bee68149706151,primary_parent,f2ae21e180b652bfebf3d5ddadc548e5a203bc160d1132ebb1cdf640bbc3b27f,llamp_log10_mic_um,numeric,true,same_frozen_numeric_contract,minimize,log10(uM),1.645182728767395,1.825215458869934,0.18003273010253906,-0.18003273010253906,true,58ded0bdad8d6414476d47b12ffca30f087300d7f69bf0aa80425dd266952312
fgf2,c0dc7dc3a24c6182a7a7fdb04cfd48887b2c1a54d90aee6ed52c7a959a5cb03b,masked_substitution,b8803d13eab74e9a3f5cf12ecda4d5fb87ebdc43a0a61c98a6bee68149706151,primary_parent,f2ae21e180b652bfebf3d5ddadc548e5a203bc160d1132ebb1cdf640bbc3b27f,macrel_amp_probability,numeric,true,same_frozen_numeric_contract,maximize,probability,0.396,0.317,-0.07900000000000001,-0.07900000000000001,true,afb8e90be348b1ecb05150b2641d09768f8add76b50049201f69abefdb5e079c
fgf2,c0dc7dc3a24c6182a7a7fdb04cfd48887b2c1a54d90aee6ed52c7a959a5cb03b,masked_substitution,b8803d13eab74e9a3f5cf12ecda4d5fb87ebdc43a0a61c98a6bee68149706151,primary_parent,f2ae21e180b652bfebf3d5ddadc548e5a203bc160d1132ebb1cdf640bbc3b27f,macrel_hemolysis_label,categorical,true,same_frozen_label_contract,audit,label,low,low,,,false,846e7cf7b271cad70e6be7dd96ae49496c461246151cebbb9bbbf1d46031f69b
fgf2,c0dc7dc3a24c6182a7a7fdb04cfd48887b2c1a54d90aee6ed52c7a959a5cb03b,masked_substitution,b8803d13eab74e9a3f5cf12ecda4d5fb87ebdc43a0a61c98a6bee68149706151,primary_parent,f2ae21e180b652bfebf3d5ddadc548e5a203bc160d1132ebb1cdf640bbc3b27f,macrel_hemolysis_probability,numeric,true,same_frozen_numeric_contract,minimize,probability,0.416,0.386,-0.02999999999999997,0.02999999999999997,true,47c8f528716c8f429d8f5cdc45412b6044397c86c1544ee94e7eb04f1bb3c6e2
fgf2,c0dc7dc3a24c6182a7a7fdb04cfd48887b2c1a54d90aee6ed52c7a959a5cb03b,masked_substitution,b8803d13eab74e9a3f5cf12ecda4d5fb87ebdc43a0a61c98a6bee68149706151,primary_parent,f2ae21e180b652bfebf3d5ddadc548e5a203bc160d1132ebb1cdf640bbc3b27f,maximum_hydrophobic_run,numeric,true,same_frozen_numeric_contract,minimize,residues,1.0,2.0,1.0,-1.0,true,3e29131af62f31ef391d199461d92974ffcc5bc256f2c7db01678f92e002c555
fgf2,c0dc7dc3a24c6182a7a7fdb04cfd48887b2c1a54d90aee6ed52c7a959a5cb03b,masked_substitution,b8803d13eab74e9a3f5cf12ecda4d5fb87ebdc43a0a61c98a6bee68149706151,primary_parent,f2ae21e180b652bfebf3d5ddadc548e5a203bc160d1132ebb1cdf640bbc3b27f,net_charge_ph7_4,numeric,false,audit_metric_has_no_monotonic_improvement_direction,audit,elementary_charge,7.985,8.984,0.9989999999999997,,true,883a1d26cf7401283ed7174cfca43a852744020e932b4f4979af27648bb386fc
fgf2,c0dc7dc3a24c6182a7a7fdb04cfd48887b2c1a54d90aee6ed52c7a959a5cb03b,masked_substitution,b8803d13eab74e9a3f5cf12ecda4d5fb87ebdc43a0a61c98a6bee68149706151,primary_parent,f2ae21e180b652bfebf3d5ddadc548e5a203bc160d1132ebb1cdf640bbc3b27f,toxinpred3_hybrid_score,numeric,true,same_frozen_numeric_contract,minimize,dimensionless,0.0,0.0,0.0,-0.0,false,a486d2ffb2466b3d48993f2268430c446fb1c591b78a08c528b8daf420ed6fc2
fgf2,c0dc7dc3a24c6182a7a7fdb04cfd48887b2c1a54d90aee6ed52c7a959a5cb03b,masked_substitution,b8803d13eab74e9a3f5cf12ecda4d5fb87ebdc43a0a61c98a6bee68149706151,primary_parent,f2ae21e180b652bfebf3d5ddadc548e5a203bc160d1132ebb1cdf640bbc3b27f,toxinpred3_label,categorical,true,same_frozen_label_contract,audit,label,Non-Toxin,Non-Toxin,,,false,7947dd293a713ee0a9cbc50149673da2dee5b638f57e3fd694df2d62af55c56e
fgf2,172773834320c2b636d56c7baa78a9f27e2b8fa1afd53c5141bfc93eb55e2ae4,masked_substitution,dea5706065f9e686781c2cae182df339958a74c201646f7784741db08e20ae34,primary_parent,f2ae21e180b652bfebf3d5ddadc548e5a203bc160d1132ebb1cdf640bbc3b27f,amp_read_log10_mic_um,numeric,true,same_frozen_numeric_contract,minimize,log10(uM),2.597941786798904,2.167507955875094,-0.43043383092381005,0.43043383092381005,true,d640564d5711a7411ed29ff2c506fbf3c818595bfc20794f2f26930eef80c712
fgf2,172773834320c2b636d56c7baa78a9f27e2b8fa1afd53c5141bfc93eb55e2ae4,masked_substitution,dea5706065f9e686781c2cae182df339958a74c201646f7784741db08e20ae34,primary_parent,f2ae21e180b652bfebf3d5ddadc548e5a203bc160d1132ebb1cdf640bbc3b27f,guruprasad_instability_index,numeric,true,same_frozen_numeric_contract,minimize,index,29.246154,29.24615384615385,-1.5384615181801564e-07,1.5384615181801564e-07,true,3ea1f12e045e9b7e4ddb56ad4baf508686fc1ad767235f0aff56944c5755e457
fgf2,172773834320c2b636d56c7baa78a9f27e2b8fa1afd53c5141bfc93eb55e2ae4,masked_substitution,dea5706065f9e686781c2cae182df339958a74c201646f7784741db08e20ae34,primary_parent,f2ae21e180b652bfebf3d5ddadc548e5a203bc160d1132ebb1cdf640bbc3b27f,hydrophobic_moment_eisenberg,numeric,false,audit_metric_has_no_monotonic_improvement_direction,audit,dimensionless,0.24330416982349223,0.22833888490932772,-0.014965284914164517,,true,076e85f5053dcb2571a4d40bc53a9827f6fbad9ccfac1dc52c918c71d7ab273b
fgf2,172773834320c2b636d56c7baa78a9f27e2b8fa1afd53c5141bfc93eb55e2ae4,masked_substitution,dea5706065f9e686781c2cae182df339958a74c201646f7784741db08e20ae34,primary_parent,f2ae21e180b652bfebf3d5ddadc548e5a203bc160d1132ebb1cdf640bbc3b27f,hydrophobic_ratio_modlamp,numeric,false,audit_metric_has_no_monotonic_improvement_direction,audit,fraction,0.07692307692307693,0.11538461538461539,0.038461538461538464,,true,aed9a18cc3655154f503fe7d9e87814aa72de9b336e367ec83369643a65d5556
fgf2,172773834320c2b636d56c7baa78a9f27e2b8fa1afd53c5141bfc93eb55e2ae4,masked_substitution,dea5706065f9e686781c2cae182df339958a74c201646f7784741db08e20ae34,primary_parent,f2ae21e180b652bfebf3d5ddadc548e5a203bc160d1132ebb1cdf640bbc3b27f,llamp_log10_mic_um,numeric,true,same_frozen_numeric_contract,minimize,log10(uM),1.645182728767395,1.5147267580032349,-0.13045597076416016,0.13045597076416016,true,0b26e1ca2b40a622128696191d94e6fa35f49c50a95d069f14e1e6174eed340a
fgf2,172773834320c2b636d56c7baa78a9f27e2b8fa1afd53c5141bfc93eb55e2ae4,masked_substitution,dea5706065f9e686781c2cae182df339958a74c201646f7784741db08e20ae34,primary_parent,f2ae21e180b652bfebf3d5ddadc548e5a203bc160d1132ebb1cdf640bbc3b27f,macrel_amp_probability,numeric,true,same_frozen_numeric_contract,maximize,probability,0.396,0.406,0.010000000000000009,0.010000000000000009,true,867e9d242ac044e375567a0aa497b58318c2579cf4bed996cac33750aa98ca9f
fgf2,172773834320c2b636d56c7baa78a9f27e2b8fa1afd53c5141bfc93eb55e2ae4,masked_substitution,dea5706065f9e686781c2cae182df339958a74c201646f7784741db08e20ae34,primary_parent,f2ae21e180b652bfebf3d5ddadc548e5a203bc160d1132ebb1cdf640bbc3b27f,macrel_hemolysis_label,categorical,true,same_frozen_label_contract,audit,label,low,low,,,false,4746db95e2b7c9cc90838d3bf234f8b970d28138be9d44da40f8138f3c434d4e
fgf2,172773834320c2b636d56c7baa78a9f27e2b8fa1afd53c5141bfc93eb55e2ae4,masked_substitution,dea5706065f9e686781c2cae182df339958a74c201646f7784741db08e20ae34,primary_parent,f2ae21e180b652bfebf3d5ddadc548e5a203bc160d1132ebb1cdf640bbc3b27f,macrel_hemolysis_probability,numeric,true,same_frozen_numeric_contract,minimize,probability,0.416,0.436,0.020000000000000018,-0.020000000000000018,true,a104c85c7b3ceddd3fc88815df3f740e559f93db279ce53d78abcda3834ecd20
fgf2,172773834320c2b636d56c7baa78a9f27e2b8fa1afd53c5141bfc93eb55e2ae4,masked_substitution,dea5706065f9e686781c2cae182df339958a74c201646f7784741db08e20ae34,primary_parent,f2ae21e180b652bfebf3d5ddadc548e5a203bc160d1132ebb1cdf640bbc3b27f,maximum_hydrophobic_run,numeric,true,same_frozen_numeric_contract,minimize,residues,1.0,2.0,1.0,-1.0,true,bd316544f1f2523d6b179c522ba6dbb25b5ce1ee7e095205194936ae8d92c515
fgf2,172773834320c2b636d56c7baa78a9f27e2b8fa1afd53c5141bfc93eb55e2ae4,masked_substitution,dea5706065f9e686781c2cae182df339958a74c201646f7784741db08e20ae34,primary_parent,f2ae21e180b652bfebf3d5ddadc548e5a203bc160d1132ebb1cdf640bbc3b27f,net_charge_ph7_4,numeric,false,audit_metric_has_no_monotonic_improvement_direction,audit,elementary_charge,7.985,8.984,0.9989999999999997,,true,849ab4268bae36d2acaa6a848b08f1ea51f35440e36d097c549f539af1901951
fgf2,172773834320c2b636d56c7baa78a9f27e2b8fa1afd53c5141bfc93eb55e2ae4,masked_substitution,dea5706065f9e686781c2cae182df339958a74c201646f7784741db08e20ae34,primary_parent,f2ae21e180b652bfebf3d5ddadc548e5a203bc160d1132ebb1cdf640bbc3b27f,toxinpred3_hybrid_score,numeric,true,same_frozen_numeric_contract,minimize,dimensionless,0.0,0.0,0.0,-0.0,false,abf581e36d070ee821d82056d01f9cc951df9dabc803e70007ba32cb5f0e22cb
fgf2,172773834320c2b636d56c7baa78a9f27e2b8fa1afd53c5141bfc93eb55e2ae4,masked_substitution,dea5706065f9e686781c2cae182df339958a74c201646f7784741db08e20ae34,primary_parent,f2ae21e180b652bfebf3d5ddadc548e5a203bc160d1132ebb1cdf640bbc3b27f,toxinpred3_label,categorical,true,same_frozen_label_contract,audit,label,Non-Toxin,Non-Toxin,,,false,48c9787655b302c38ac4b1eaec63cb85fd18c4dffbac2edab5fa1f78fdb5eecd
fgf2,0d9b25ca62e7d1c699157c28494559ea216c946542620683c136073aa3de964b,masked_substitution,43c245fa4f81213696f7a9267752ba8b919715226fb5469422e246e7aef80229,primary_parent,f2ae21e180b652bfebf3d5ddadc548e5a203bc160d1132ebb1cdf640bbc3b27f,amp_read_log10_mic_um,numeric,true,same_frozen_numeric_contract,minimize,log10(uM),2.597941786798904,2.2882049952251875,-0.30973679157371636,0.30973679157371636,true,ce7b00c6939c5a2b9d532bd302860dd9ab165f6cb438d2b19ae0b5c67675e779
fgf2,0d9b25ca62e7d1c699157c28494559ea216c946542620683c136073aa3de964b,masked_substitution,43c245fa4f81213696f7a9267752ba8b919715226fb5469422e246e7aef80229,primary_parent,f2ae21e180b652bfebf3d5ddadc548e5a203bc160d1132ebb1cdf640bbc3b27f,guruprasad_instability_index,numeric,true,same_frozen_numeric_contract,minimize,index,29.246154,26.346153846153847,-2.900000153846154,2.900000153846154,true,495aa118d9cc246f6a47b397c21747b05836b657f436a57e453c61f2ce8a526c
fgf2,0d9b25ca62e7d1c699157c28494559ea216c946542620683c136073aa3de964b,masked_substitution,43c245fa4f81213696f7a9267752ba8b919715226fb5469422e246e7aef80229,primary_parent,f2ae21e180b652bfebf3d5ddadc548e5a203bc160d1132ebb1cdf640bbc3b27f,hydrophobic_moment_eisenberg,numeric,false,audit_metric_has_no_monotonic_improvement_direction,audit,dimensionless,0.24330416982349223,0.23274041680895668,-0.010563753014535548,,true,f1e0e64a3e2ad2be39f284e9f3782a48f7946872d127971892141013a08169d1
fgf2,0d9b25ca62e7d1c699157c28494559ea216c946542620683c136073aa3de964b,masked_substitution,43c245fa4f81213696f7a9267752ba8b919715226fb5469422e246e7aef80229,primary_parent,f2ae21e180b652bfebf3d5ddadc548e5a203bc160d1132ebb1cdf640bbc3b27f,hydrophobic_ratio_modlamp,numeric,false,audit_metric_has_no_monotonic_improvement_direction,audit,fraction,0.07692307692307693,0.07692307692307693,0.0,,false,877cd72894e6c24894da2c78a1112cffa58231f566bb7651ee252c5a37e7f1a2
fgf2,0d9b25ca62e7d1c699157c28494559ea216c946542620683c136073aa3de964b,masked_substitution,43c245fa4f81213696f7a9267752ba8b919715226fb5469422e246e7aef80229,primary_parent,f2ae21e180b652bfebf3d5ddadc548e5a203bc160d1132ebb1cdf640bbc3b27f,llamp_log10_mic_um,numeric,true,same_frozen_numeric_contract,minimize,log10(uM),1.645182728767395,1.77278470993042,0.1276019811630249,-0.1276019811630249,true,0377baa9d45d9f29967be7a860c32fef6aee417bdbc28a6253c524b240785a6a
fgf2,0d9b25ca62e7d1c699157c28494559ea216c946542620683c136073aa3de964b,masked_substitution,43c245fa4f81213696f7a9267752ba8b919715226fb5469422e246e7aef80229,primary_parent,f2ae21e180b652bfebf3d5ddadc548e5a203bc160d1132ebb1cdf640bbc3b27f,macrel_amp_probability,numeric,true,same_frozen_numeric_contract,maximize,probability,0.396,0.436,0.03999999999999998,0.03999999999999998,true,d937710d6a91ed06ff67d390deec87f59a671747d937bbe3d634e3ec852d6445
fgf2,0d9b25ca62e7d1c699157c28494559ea216c946542620683c136073aa3de964b,masked_substitution,43c245fa4f81213696f7a9267752ba8b919715226fb5469422e246e7aef80229,primary_parent,f2ae21e180b652bfebf3d5ddadc548e5a203bc160d1132ebb1cdf640bbc3b27f,macrel_hemolysis_label,categorical,true,same_frozen_label_contract,audit,label,low,low,,,false,a591af410624e2d6ca5d39c7caa76416d55f811e3b4c33cf494d09854ffd2e62
fgf2,0d9b25ca62e7d1c699157c28494559ea216c946542620683c136073aa3de964b,masked_substitution,43c245fa4f81213696f7a9267752ba8b919715226fb5469422e246e7aef80229,primary_parent,f2ae21e180b652bfebf3d5ddadc548e5a203bc160d1132ebb1cdf640bbc3b27f,macrel_hemolysis_probability,numeric,true,same_frozen_numeric_contract,minimize,probability,0.416,0.416,0.0,-0.0,false,d0e365bbfaa6dba2f56eaff0a52e01ae7c0f7da7d6164a07020648d5b898dc00
fgf2,0d9b25ca62e7d1c699157c28494559ea216c946542620683c136073aa3de964b,masked_substitution,43c245fa4f81213696f7a9267752ba8b919715226fb5469422e246e7aef80229,primary_parent,f2ae21e180b652bfebf3d5ddadc548e5a203bc160d1132ebb1cdf640bbc3b27f,maximum_hydrophobic_run,numeric,true,same_frozen_numeric_contract,minimize,residues,1.0,2.0,1.0,-1.0,true,30780365488fae2d937709e32c60b3bb73c1f5a0b2131af82dca81b7b34b9d3d
fgf2,0d9b25ca62e7d1c699157c28494559ea216c946542620683c136073aa3de964b,masked_substitution,43c245fa4f81213696f7a9267752ba8b919715226fb5469422e246e7aef80229,primary_parent,f2ae21e180b652bfebf3d5ddadc548e5a203bc160d1132ebb1cdf640bbc3b27f,net_charge_ph7_4,numeric,false,audit_metric_has_no_monotonic_improvement_direction,audit,elementary_charge,7.985,8.982,0.996999999999999,,true,b896e0c371d28cd6245805246c62edb64c19976fc2e864409ed6e32270808c60
fgf2,0d9b25ca62e7d1c699157c28494559ea216c946542620683c136073aa3de964b,masked_substitution,43c245fa4f81213696f7a9267752ba8b919715226fb5469422e246e7aef80229,primary_parent,f2ae21e180b652bfebf3d5ddadc548e5a203bc160d1132ebb1cdf640bbc3b27f,toxinpred3_hybrid_score,numeric,true,same_frozen_numeric_contract,minimize,dimensionless,0.0,0.0,0.0,-0.0,false,a1b8213e138ac1040d1952ca1f473825d42374360b5e68d774b7fdd1dc6a90ea
fgf2,0d9b25ca62e7d1c699157c28494559ea216c946542620683c136073aa3de964b,masked_substitution,43c245fa4f81213696f7a9267752ba8b919715226fb5469422e246e7aef80229,primary_parent,f2ae21e180b652bfebf3d5ddadc548e5a203bc160d1132ebb1cdf640bbc3b27f,toxinpred3_label,categorical,true,same_frozen_label_contract,audit,label,Non-Toxin,Non-Toxin,,,false,76a5f4454c808ad2bafdc9a553680c6ebb27af4f3aca419b440c9924bbe4b444
fgf2,daf5e6f7aa82b78e2c9b5dcfff7dd583985c91a9b650e6fd9bc920474e089ce2,masked_substitution,63b6df50338949660027d96a67098e3ad5b2d7feed6ae8f0d4d45a28a0b67a4f,primary_parent,f2ae21e180b652bfebf3d5ddadc548e5a203bc160d1132ebb1cdf640bbc3b27f,amp_read_log10_mic_um,numeric,true,same_frozen_numeric_contract,minimize,log10(uM),2.597941786798904,2.439698046573416,-0.1582437402254877,0.1582437402254877,true,b4ee16f26e8bf286cd10c31d95716f935d6305a39ba10795e0394aa49933aece
fgf2,daf5e6f7aa82b78e2c9b5dcfff7dd583985c91a9b650e6fd9bc920474e089ce2,masked_substitution,63b6df50338949660027d96a67098e3ad5b2d7feed6ae8f0d4d45a28a0b67a4f,primary_parent,f2ae21e180b652bfebf3d5ddadc548e5a203bc160d1132ebb1cdf640bbc3b27f,guruprasad_instability_index,numeric,true,same_frozen_numeric_contract,minimize,index,29.246154,22.48846153846154,-6.757692461538461,6.757692461538461,true,51bb552f4e4f58d7fee4ca39874c19e0ea74385af4f50115a9afb7600e2c5feb
fgf2,daf5e6f7aa82b78e2c9b5dcfff7dd583985c91a9b650e6fd9bc920474e089ce2,masked_substitution,63b6df50338949660027d96a67098e3ad5b2d7feed6ae8f0d4d45a28a0b67a4f,primary_parent,f2ae21e180b652bfebf3d5ddadc548e5a203bc160d1132ebb1cdf640bbc3b27f,hydrophobic_moment_eisenberg,numeric,false,audit_metric_has_no_monotonic_improvement_direction,audit,dimensionless,0.24330416982349223,0.2595260721988202,0.016221902375327946,,true,4d5453faa96b3e6c3ce2286aaddc4488d28b482de2721dc1bda094823d10881e
fgf2,daf5e6f7aa82b78e2c9b5dcfff7dd583985c91a9b650e6fd9bc920474e089ce2,masked_substitution,63b6df50338949660027d96a67098e3ad5b2d7feed6ae8f0d4d45a28a0b67a4f,primary_parent,f2ae21e180b652bfebf3d5ddadc548e5a203bc160d1132ebb1cdf640bbc3b27f,hydrophobic_ratio_modlamp,numeric,false,audit_metric_has_no_monotonic_improvement_direction,audit,fraction,0.07692307692307693,0.07692307692307693,0.0,,false,7c7dcd1284851b0921dcd009f6428d753a4b4d2ea318e0e4480b2f0b090108d6
fgf2,daf5e6f7aa82b78e2c9b5dcfff7dd583985c91a9b650e6fd9bc920474e089ce2,masked_substitution,63b6df50338949660027d96a67098e3ad5b2d7feed6ae8f0d4d45a28a0b67a4f,primary_parent,f2ae21e180b652bfebf3d5ddadc548e5a203bc160d1132ebb1cdf640bbc3b27f,llamp_log10_mic_um,numeric,true,same_frozen_numeric_contract,minimize,log10(uM),1.645182728767395,1.799651861190796,0.15446913242340088,-0.15446913242340088,true,34313101e142e61784ea46152534277b1a281d56e90379eb910b3105c2c4d510
fgf2,daf5e6f7aa82b78e2c9b5dcfff7dd583985c91a9b650e6fd9bc920474e089ce2,masked_substitution,63b6df50338949660027d96a67098e3ad5b2d7feed6ae8f0d4d45a28a0b67a4f,primary_parent,f2ae21e180b652bfebf3d5ddadc548e5a203bc160d1132ebb1cdf640bbc3b27f,macrel_amp_probability,numeric,true,same_frozen_numeric_contract,maximize,probability,0.396,0.386,-0.010000000000000009,-0.010000000000000009,true,b0f822c8a1a5532ba6d5294a804dc7d737151d2ba8f95a7b75a0bccd22e768bb
fgf2,daf5e6f7aa82b78e2c9b5dcfff7dd583985c91a9b650e6fd9bc920474e089ce2,masked_substitution,63b6df50338949660027d96a67098e3ad5b2d7feed6ae8f0d4d45a28a0b67a4f,primary_parent,f2ae21e180b652bfebf3d5ddadc548e5a203bc160d1132ebb1cdf640bbc3b27f,macrel_hemolysis_label,categorical,true,same_frozen_label_contract,audit,label,low,low,,,false,48e05a2be9de20adbe09ced8940b524ec245df4844700862ad2b6d2ad556a46e
fgf2,daf5e6f7aa82b78e2c9b5dcfff7dd583985c91a9b650e6fd9bc920474e089ce2,masked_substitution,63b6df50338949660027d96a67098e3ad5b2d7feed6ae8f0d4d45a28a0b67a4f,primary_parent,f2ae21e180b652bfebf3d5ddadc548e5a203bc160d1132ebb1cdf640bbc3b27f,macrel_hemolysis_probability,numeric,true,same_frozen_numeric_contract,minimize,probability,0.416,0.436,0.020000000000000018,-0.020000000000000018,true,9c6d47afc70d5cccc469bf7dad042fbe82e0ffb2165a1fab45d4d01b3b3deb06
fgf2,daf5e6f7aa82b78e2c9b5dcfff7dd583985c91a9b650e6fd9bc920474e089ce2,masked_substitution,63b6df50338949660027d96a67098e3ad5b2d7feed6ae8f0d4d45a28a0b67a4f,primary_parent,f2ae21e180b652bfebf3d5ddadc548e5a203bc160d1132ebb1cdf640bbc3b27f,maximum_hydrophobic_run,numeric,true,same_frozen_numeric_contract,minimize,residues,1.0,2.0,1.0,-1.0,true,fd110f6725b821ec5868f92e0a73def1234316dbc41586b870318d85807a4af8
fgf2,daf5e6f7aa82b78e2c9b5dcfff7dd583985c91a9b650e6fd9bc920474e089ce2,masked_substitution,63b6df50338949660027d96a67098e3ad5b2d7feed6ae8f0d4d45a28a0b67a4f,primary_parent,f2ae21e180b652bfebf3d5ddadc548e5a203bc160d1132ebb1cdf640bbc3b27f,net_charge_ph7_4,numeric,false,audit_metric_has_no_monotonic_improvement_direction,audit,elementary_charge,7.985,6.985,-1.0,,true,e9eb5820eb1e11847f47c3e48595edd0ced1e0b4f217d8d63b1b1d2dfaee33e2
fgf2,daf5e6f7aa82b78e2c9b5dcfff7dd583985c91a9b650e6fd9bc920474e089ce2,masked_substitution,63b6df50338949660027d96a67098e3ad5b2d7feed6ae8f0d4d45a28a0b67a4f,primary_parent,f2ae21e180b652bfebf3d5ddadc548e5a203bc160d1132ebb1cdf640bbc3b27f,toxinpred3_hybrid_score,numeric,true,same_frozen_numeric_contract,minimize,dimensionless,0.0,0.0,0.0,-0.0,false,063ce164b38f4552e340f90003e77c08549b4652a3bc02df893815a808690d0f
fgf2,daf5e6f7aa82b78e2c9b5dcfff7dd583985c91a9b650e6fd9bc920474e089ce2,masked_substitution,63b6df50338949660027d96a67098e3ad5b2d7feed6ae8f0d4d45a28a0b67a4f,primary_parent,f2ae21e180b652bfebf3d5ddadc548e5a203bc160d1132ebb1cdf640bbc3b27f,toxinpred3_label,categorical,true,same_frozen_label_contract,audit,label,Non-Toxin,Non-Toxin,,,false,09b20a0e31cb55db50cc238f3f3ee7aae634a59460d8b81565b75272ea5e91ae
fgf2,6e7663d258272351d3b35c7a329308035d2b582c315ba2ed848303a48fb1a876,masked_substitution,afb0a15975f0191657914aeb3c4c74b81bf56c434102610905df1b6f078f2a73,primary_parent,f2ae21e180b652bfebf3d5ddadc548e5a203bc160d1132ebb1cdf640bbc3b27f,amp_read_log10_mic_um,numeric,true,same_frozen_numeric_contract,minimize,log10(uM),2.597941786798904,2.5159770903429006,-0.08196469645600324,0.08196469645600324,true,6ddf6992852129fabe993814d7f3895c9e1af1d4123b53a5d3abe78e31fdcab3
fgf2,6e7663d258272351d3b35c7a329308035d2b582c315ba2ed848303a48fb1a876,masked_substitution,afb0a15975f0191657914aeb3c4c74b81bf56c434102610905df1b6f078f2a73,primary_parent,f2ae21e180b652bfebf3d5ddadc548e5a203bc160d1132ebb1cdf640bbc3b27f,guruprasad_instability_index,numeric,true,same_frozen_numeric_contract,minimize,index,29.246154,16.70769230769231,-12.538461692307692,12.538461692307692,true,c0765e0068698c0a640201d74f337069fc018c2ab3e18a5a3b840e910092fdaf
fgf2,6e7663d258272351d3b35c7a329308035d2b582c315ba2ed848303a48fb1a876,masked_substitution,afb0a15975f0191657914aeb3c4c74b81bf56c434102610905df1b6f078f2a73,primary_parent,f2ae21e180b652bfebf3d5ddadc548e5a203bc160d1132ebb1cdf640bbc3b27f,hydrophobic_moment_eisenberg,numeric,false,audit_metric_has_no_monotonic_improvement_direction,audit,dimensionless,0.24330416982349223,0.11971617389771048,-0.12358799592578175,,true,4f6438da1f1408c089f2e5cc0f6d14f99e593c60b236e9a9f7fcdb1a1126f4da
fgf2,6e7663d258272351d3b35c7a329308035d2b582c315ba2ed848303a48fb1a876,masked_substitution,afb0a15975f0191657914aeb3c4c74b81bf56c434102610905df1b6f078f2a73,primary_parent,f2ae21e180b652bfebf3d5ddadc548e5a203bc160d1132ebb1cdf640bbc3b27f,hydrophobic_ratio_modlamp,numeric,false,audit_metric_has_no_monotonic_improvement_direction,audit,fraction,0.07692307692307693,0.07692307692307693,0.0,,false,cba9c77a5c4e9a23b595e256825bb690991021310010cb5cc7ed987f66543cae
fgf2,6e7663d258272351d3b35c7a329308035d2b582c315ba2ed848303a48fb1a876,masked_substitution,afb0a15975f0191657914aeb3c4c74b81bf56c434102610905df1b6f078f2a73,primary_parent,f2ae21e180b652bfebf3d5ddadc548e5a203bc160d1132ebb1cdf640bbc3b27f,llamp_log10_mic_um,numeric,true,same_frozen_numeric_contract,minimize,log10(uM),1.645182728767395,1.7278844118118286,0.0827016830444336,-0.0827016830444336,true,9f30b74dcb370011504ea601e57b8583cc9511ae4f369d3779c4b2330a215db8
fgf2,6e7663d258272351d3b35c7a329308035d2b582c315ba2ed848303a48fb1a876,masked_substitution,afb0a15975f0191657914aeb3c4c74b81bf56c434102610905df1b6f078f2a73,primary_parent,f2ae21e180b652bfebf3d5ddadc548e5a203bc160d1132ebb1cdf640bbc3b27f,macrel_amp_probability,numeric,true,same_frozen_numeric_contract,maximize,probability,0.396,0.396,0.0,0.0,false,97bfaed6940dca499346200139d73e690cf730c8f36cd675d33790964833d376
fgf2,6e7663d258272351d3b35c7a329308035d2b582c315ba2ed848303a48fb1a876,masked_substitution,afb0a15975f0191657914aeb3c4c74b81bf56c434102610905df1b6f078f2a73,primary_parent,f2ae21e180b652bfebf3d5ddadc548e5a203bc160d1132ebb1cdf640bbc3b27f,macrel_hemolysis_label,categorical,true,same_frozen_label_contract,audit,label,low,low,,,false,355881750a723847b3d8eb855bfa8e532778911f7f87ce879b6f3ccf2b870e33
fgf2,6e7663d258272351d3b35c7a329308035d2b582c315ba2ed848303a48fb1a876,masked_substitution,afb0a15975f0191657914aeb3c4c74b81bf56c434102610905df1b6f078f2a73,primary_parent,f2ae21e180b652bfebf3d5ddadc548e5a203bc160d1132ebb1cdf640bbc3b27f,macrel_hemolysis_probability,numeric,true,same_frozen_numeric_contract,minimize,probability,0.416,0.347,-0.069,0.069,true,2595f3c33cbad5178ebfb32c79d05de81792776af1182fbb59000becaa45072a
fgf2,6e7663d258272351d3b35c7a329308035d2b582c315ba2ed848303a48fb1a876,masked_substitution,afb0a15975f0191657914aeb3c4c74b81bf56c434102610905df1b6f078f2a73,primary_parent,f2ae21e180b652bfebf3d5ddadc548e5a203bc160d1132ebb1cdf640bbc3b27f,maximum_hydrophobic_run,numeric,true,same_frozen_numeric_contract,minimize,residues,1.0,1.0,0.0,-0.0,false,adcb399efc96034fb9c9cd1ae1584d60b6f23b469f2c98a5905b96d4e6ef6f75
fgf2,6e7663d258272351d3b35c7a329308035d2b582c315ba2ed848303a48fb1a876,masked_substitution,afb0a15975f0191657914aeb3c4c74b81bf56c434102610905df1b6f078f2a73,primary_parent,f2ae21e180b652bfebf3d5ddadc548e5a203bc160d1132ebb1cdf640bbc3b27f,net_charge_ph7_4,numeric,false,audit_metric_has_no_monotonic_improvement_direction,audit,elementary_charge,7.985,6.985,-1.0,,true,d2a7aecc40ba1d0a93ec7db208b6f7f2d263f77f07e9a483a989e3778ab47946
fgf2,6e7663d258272351d3b35c7a329308035d2b582c315ba2ed848303a48fb1a876,masked_substitution,afb0a15975f0191657914aeb3c4c74b81bf56c434102610905df1b6f078f2a73,primary_parent,f2ae21e180b652bfebf3d5ddadc548e5a203bc160d1132ebb1cdf640bbc3b27f,toxinpred3_hybrid_score,numeric,true,same_frozen_numeric_contract,minimize,dimensionless,0.0,0.0,0.0,-0.0,false,206f773756caba73e16e7d89965cb2fe40555b8f73b615a1c9d4857ad843a55c
fgf2,6e7663d258272351d3b35c7a329308035d2b582c315ba2ed848303a48fb1a876,masked_substitution,afb0a15975f0191657914aeb3c4c74b81bf56c434102610905df1b6f078f2a73,primary_parent,f2ae21e180b652bfebf3d5ddadc548e5a203bc160d1132ebb1cdf640bbc3b27f,toxinpred3_label,categorical,true,same_frozen_label_contract,audit,label,Non-Toxin,Non-Toxin,,,false,8bb0c2b9b88d3fe69894ca348e0ec5aab26666caa7006e80e9e988b343183952
fgf2,786d739d8ed1f8887e545e0439c52208588db69b62c304705b5c71b340d8ec92,masked_substitution,4dc85a74d47155d13575b59e8e0dc116abc2ac8968804d58efe8ed2ffb15d3de,primary_parent,f2ae21e180b652bfebf3d5ddadc548e5a203bc160d1132ebb1cdf640bbc3b27f,amp_read_log10_mic_um,numeric,true,same_frozen_numeric_contract,minimize,log10(uM),2.597941786798904,2.3595982905877015,-0.23834349621120232,0.23834349621120232,true,5e0ff8200d090e6c803791722d1aef2cb78a2d27f018d4c46d771a6740a5325a
fgf2,786d739d8ed1f8887e545e0439c52208588db69b62c304705b5c71b340d8ec92,masked_substitution,4dc85a74d47155d13575b59e8e0dc116abc2ac8968804d58efe8ed2ffb15d3de,primary_parent,f2ae21e180b652bfebf3d5ddadc548e5a203bc160d1132ebb1cdf640bbc3b27f,guruprasad_instability_index,numeric,true,same_frozen_numeric_contract,minimize,index,29.246154,25.98076923076923,-3.2653847692307707,3.2653847692307707,true,3adae62d33e2fe025aaa23728c3789102a436b1597f9104c31167bc3eab7b9b2
fgf2,786d739d8ed1f8887e545e0439c52208588db69b62c304705b5c71b340d8ec92,masked_substitution,4dc85a74d47155d13575b59e8e0dc116abc2ac8968804d58efe8ed2ffb15d3de,primary_parent,f2ae21e180b652bfebf3d5ddadc548e5a203bc160d1132ebb1cdf640bbc3b27f,hydrophobic_moment_eisenberg,numeric,false,audit_metric_has_no_monotonic_improvement_direction,audit,dimensionless,0.24330416982349223,0.2998169569541723,0.05651278713068009,,true,82f0fdb9293ebf97248a6023fd4e07a0b5983f7435f4773e4581b50f65b484d6
fgf2,786d739d8ed1f8887e545e0439c52208588db69b62c304705b5c71b340d8ec92,masked_substitution,4dc85a74d47155d13575b59e8e0dc116abc2ac8968804d58efe8ed2ffb15d3de,primary_parent,f2ae21e180b652bfebf3d5ddadc548e5a203bc160d1132ebb1cdf640bbc3b27f,hydrophobic_ratio_modlamp,numeric,false,audit_metric_has_no_monotonic_improvement_direction,audit,fraction,0.07692307692307693,0.11538461538461539,0.038461538461538464,,true,b3136fb8a51ea688acb6e833856db0e3acdf354528e9a02c178095ffa1a58ec5
fgf2,786d739d8ed1f8887e545e0439c52208588db69b62c304705b5c71b340d8ec92,masked_substitution,4dc85a74d47155d13575b59e8e0dc116abc2ac8968804d58efe8ed2ffb15d3de,primary_parent,f2ae21e180b652bfebf3d5ddadc548e5a203bc160d1132ebb1cdf640bbc3b27f,llamp_log10_mic_um,numeric,true,same_frozen_numeric_contract,minimize,log10(uM),1.645182728767395,1.7880908250808716,0.14290809631347656,-0.14290809631347656,true,77226774c2ec9cf44fa348d4633c97667c407c1319e1f4bd80237644e8d1e92e
fgf2,786d739d8ed1f8887e545e0439c52208588db69b62c304705b5c71b340d8ec92,masked_substitution,4dc85a74d47155d13575b59e8e0dc116abc2ac8968804d58efe8ed2ffb15d3de,primary_parent,f2ae21e180b652bfebf3d5ddadc548e5a203bc160d1132ebb1cdf640bbc3b27f,macrel_amp_probability,numeric,true,same_frozen_numeric_contract,maximize,probability,0.396,0.307,-0.08900000000000002,-0.08900000000000002,true,162a8944735a2c4855bba4d7f0c9b79ec85a4966153884a9821dfe879d0180c0
fgf2,786d739d8ed1f8887e545e0439c52208588db69b62c304705b5c71b340d8ec92,masked_substitution,4dc85a74d47155d13575b59e8e0dc116abc2ac8968804d58efe8ed2ffb15d3de,primary_parent,f2ae21e180b652bfebf3d5ddadc548e5a203bc160d1132ebb1cdf640bbc3b27f,macrel_hemolysis_label,categorical,true,same_frozen_label_contract,audit,label,low,low,,,false,20cdfdaf5f4cdfdd781ca7ac6b7261599ef7c83106350b71fb7ad397bc2d8325
fgf2,786d739d8ed1f8887e545e0439c52208588db69b62c304705b5c71b340d8ec92,masked_substitution,4dc85a74d47155d13575b59e8e0dc116abc2ac8968804d58efe8ed2ffb15d3de,primary_parent,f2ae21e180b652bfebf3d5ddadc548e5a203bc160d1132ebb1cdf640bbc3b27f,macrel_hemolysis_probability,numeric,true,same_frozen_numeric_contract,minimize,probability,0.416,0.366,-0.04999999999999999,0.04999999999999999,true,f9b417218e35c22e28141122dfe15382bbf8b42d2906df53511d15b665698a8b
fgf2,786d739d8ed1f8887e545e0439c52208588db69b62c304705b5c71b340d8ec92,masked_substitution,4dc85a74d47155d13575b59e8e0dc116abc2ac8968804d58efe8ed2ffb15d3de,primary_parent,f2ae21e180b652bfebf3d5ddadc548e5a203bc160d1132ebb1cdf640bbc3b27f,maximum_hydrophobic_run,numeric,true,same_frozen_numeric_contract,minimize,residues,1.0,1.0,0.0,-0.0,false,0b0d09d46231369f4be760f438e4eec8d72e70437c8ff2ab638fa3626cf1183c
fgf2,786d739d8ed1f8887e545e0439c52208588db69b62c304705b5c71b340d8ec92,masked_substitution,4dc85a74d47155d13575b59e8e0dc116abc2ac8968804d58efe8ed2ffb15d3de,primary_parent,f2ae21e180b652bfebf3d5ddadc548e5a203bc160d1132ebb1cdf640bbc3b27f,net_charge_ph7_4,numeric,false,audit_metric_has_no_monotonic_improvement_direction,audit,elementary_charge,7.985,6.985,-1.0,,true,2bce5fbaa17732e78f3d75e07d5638a1f2633a5fdb41e96da221f2a5f9a68026
fgf2,786d739d8ed1f8887e545e0439c52208588db69b62c304705b5c71b340d8ec92,masked_substitution,4dc85a74d47155d13575b59e8e0dc116abc2ac8968804d58efe8ed2ffb15d3de,primary_parent,f2ae21e180b652bfebf3d5ddadc548e5a203bc160d1132ebb1cdf640bbc3b27f,toxinpred3_hybrid_score,numeric,true,same_frozen_numeric_contract,minimize,dimensionless,0.0,0.0,0.0,-0.0,false,f8ed6f2fccbe2229f69820636c82d2bf3f2df92e0e4b9387cddeee2e85ef9871
fgf2,786d739d8ed1f8887e545e0439c52208588db69b62c304705b5c71b340d8ec92,masked_substitution,4dc85a74d47155d13575b59e8e0dc116abc2ac8968804d58efe8ed2ffb15d3de,primary_parent,f2ae21e180b652bfebf3d5ddadc548e5a203bc160d1132ebb1cdf640bbc3b27f,toxinpred3_label,categorical,true,same_frozen_label_contract,audit,label,Non-Toxin,Non-Toxin,,,false,883ff92950b38b8d8bccbaaa3733ac7103ca365a7aa6e9bf9f5557c689fc3001
fgf2,be42a63ebcc919c68b7ae431ee7c5da3436422f466002a83bdecd64dc836661c,masked_substitution,125b880446fa0d665f4eecafcb6eac296c21db9f03acf66f3455ce7baf00656f,primary_parent,f2ae21e180b652bfebf3d5ddadc548e5a203bc160d1132ebb1cdf640bbc3b27f,amp_read_log10_mic_um,numeric,true,same_frozen_numeric_contract,minimize,log10(uM),2.597941786798904,2.2627690330857995,-0.3351727537131044,0.3351727537131044,true,eb3f15df635a7d5c37566895c0ad6c2330044443e9cb6f64f9464d053a6cfd04
fgf2,be42a63ebcc919c68b7ae431ee7c5da3436422f466002a83bdecd64dc836661c,masked_substitution,125b880446fa0d665f4eecafcb6eac296c21db9f03acf66f3455ce7baf00656f,primary_parent,f2ae21e180b652bfebf3d5ddadc548e5a203bc160d1132ebb1cdf640bbc3b27f,guruprasad_instability_index,numeric,true,same_frozen_numeric_contract,minimize,index,29.246154,23.465384615384618,-5.7807693846153825,5.7807693846153825,true,869271b19dce8943ebe6c1ca3fe8dc86e96350fec50fe104c24831c9e10a2585
fgf2,be42a63ebcc919c68b7ae431ee7c5da3436422f466002a83bdecd64dc836661c,masked_substitution,125b880446fa0d665f4eecafcb6eac296c21db9f03acf66f3455ce7baf00656f,primary_parent,f2ae21e180b652bfebf3d5ddadc548e5a203bc160d1132ebb1cdf640bbc3b27f,hydrophobic_moment_eisenberg,numeric,false,audit_metric_has_no_monotonic_improvement_direction,audit,dimensionless,0.24330416982349223,0.2949145852334808,0.051610415409988564,,true,f23c63217cee72d13b9cacea98518a58e169d901425ef58db8321c4f20a4340f
fgf2,be42a63ebcc919c68b7ae431ee7c5da3436422f466002a83bdecd64dc836661c,masked_substitution,125b880446fa0d665f4eecafcb6eac296c21db9f03acf66f3455ce7baf00656f,primary_parent,f2ae21e180b652bfebf3d5ddadc548e5a203bc160d1132ebb1cdf640bbc3b27f,hydrophobic_ratio_modlamp,numeric,false,audit_metric_has_no_monotonic_improvement_direction,audit,fraction,0.07692307692307693,0.11538461538461539,0.038461538461538464,,true,b04430e8beedf28862dda1b4c00b487c64ca4531b2367b8e1c2c2452bf3a3723
fgf2,be42a63ebcc919c68b7ae431ee7c5da3436422f466002a83bdecd64dc836661c,masked_substitution,125b880446fa0d665f4eecafcb6eac296c21db9f03acf66f3455ce7baf00656f,primary_parent,f2ae21e180b652bfebf3d5ddadc548e5a203bc160d1132ebb1cdf640bbc3b27f,llamp_log10_mic_um,numeric,true,same_frozen_numeric_contract,minimize,log10(uM),1.645182728767395,1.8740500211715698,0.2288672924041748,-0.2288672924041748,true,8dc1dbf80fce14e6b395a5b4d0236440dcfb44c692ad02fa5f3ce111382b76f2
fgf2,be42a63ebcc919c68b7ae431ee7c5da3436422f466002a83bdecd64dc836661c,masked_substitution,125b880446fa0d665f4eecafcb6eac296c21db9f03acf66f3455ce7baf00656f,primary_parent,f2ae21e180b652bfebf3d5ddadc548e5a203bc160d1132ebb1cdf640bbc3b27f,macrel_amp_probability,numeric,true,same_frozen_numeric_contract,maximize,probability,0.396,0.386,-0.010000000000000009,-0.010000000000000009,true,4475cd34cc09d82501473cd3c64b47b73d6af377ddcb482609ec4861e18e7702
fgf2,be42a63ebcc919c68b7ae431ee7c5da3436422f466002a83bdecd64dc836661c,masked_substitution,125b880446fa0d665f4eecafcb6eac296c21db9f03acf66f3455ce7baf00656f,primary_parent,f2ae21e180b652bfebf3d5ddadc548e5a203bc160d1132ebb1cdf640bbc3b27f,macrel_hemolysis_label,categorical,true,same_frozen_label_contract,audit,label,low,low,,,false,3d0df0576c53068696afcbfff875eaa267935f15dca9e7d8a2ad8e3b726b6c5b
fgf2,be42a63ebcc919c68b7ae431ee7c5da3436422f466002a83bdecd64dc836661c,masked_substitution,125b880446fa0d665f4eecafcb6eac296c21db9f03acf66f3455ce7baf00656f,primary_parent,f2ae21e180b652bfebf3d5ddadc548e5a203bc160d1132ebb1cdf640bbc3b27f,macrel_hemolysis_probability,numeric,true,same_frozen_numeric_contract,minimize,probability,0.416,0.416,0.0,-0.0,false,2a31897e6fe6d11c810faee0e61e00d391c8d6565476db2a41b0a1e0f086f02c
fgf2,be42a63ebcc919c68b7ae431ee7c5da3436422f466002a83bdecd64dc836661c,masked_substitution,125b880446fa0d665f4eecafcb6eac296c21db9f03acf66f3455ce7baf00656f,primary_parent,f2ae21e180b652bfebf3d5ddadc548e5a203bc160d1132ebb1cdf640bbc3b27f,maximum_hydrophobic_run,numeric,true,same_frozen_numeric_contract,minimize,residues,1.0,1.0,0.0,-0.0,false,0dcdad5b0a460a059bb954ba302cc918d9161dc60d78111fe4763db55a07cb61
fgf2,be42a63ebcc919c68b7ae431ee7c5da3436422f466002a83bdecd64dc836661c,masked_substitution,125b880446fa0d665f4eecafcb6eac296c21db9f03acf66f3455ce7baf00656f,primary_parent,f2ae21e180b652bfebf3d5ddadc548e5a203bc160d1132ebb1cdf640bbc3b27f,net_charge_ph7_4,numeric,false,audit_metric_has_no_monotonic_improvement_direction,audit,elementary_charge,7.985,6.985,-1.0,,true,062f5c08489b077bac8832b60f169e7d0ecd0821406d4755ea3694bae511ade3
fgf2,be42a63ebcc919c68b7ae431ee7c5da3436422f466002a83bdecd64dc836661c,masked_substitution,125b880446fa0d665f4eecafcb6eac296c21db9f03acf66f3455ce7baf00656f,primary_parent,f2ae21e180b652bfebf3d5ddadc548e5a203bc160d1132ebb1cdf640bbc3b27f,toxinpred3_hybrid_score,numeric,true,same_frozen_numeric_contract,minimize,dimensionless,0.0,0.0,0.0,-0.0,false,f1657d558fc4109836c25f738c76ab7c4f84c7fe770a4418fa47b04261bc6866
fgf2,be42a63ebcc919c68b7ae431ee7c5da3436422f466002a83bdecd64dc836661c,masked_substitution,125b880446fa0d665f4eecafcb6eac296c21db9f03acf66f3455ce7baf00656f,primary_parent,f2ae21e180b652bfebf3d5ddadc548e5a203bc160d1132ebb1cdf640bbc3b27f,toxinpred3_label,categorical,true,same_frozen_label_contract,audit,label,Non-Toxin,Non-Toxin,,,false,ad709956a10da975106803e8bb0feb0f28d1eb4970efb16922e47962f345b455
fgf2,c834dfc1803781695312223f71554b0b6f666d6560f0cd13cd11f7f663085c3a,masked_substitution,17843fa9720f8f382b0bbcf0aa293c8bd991608f7e6b887f4cad02af35df9fe5,primary_parent,f2ae21e180b652bfebf3d5ddadc548e5a203bc160d1132ebb1cdf640bbc3b27f,amp_read_log10_mic_um,numeric,true,same_frozen_numeric_contract,minimize,log10(uM),2.597941786798904,2.3522801350510845,-0.2456616517478194,0.2456616517478194,true,641ae6b6d97116318dcebd6b6edefd8b8976518d7b453afd3b5df1eea7e47d21
fgf2,c834dfc1803781695312223f71554b0b6f666d6560f0cd13cd11f7f663085c3a,masked_substitution,17843fa9720f8f382b0bbcf0aa293c8bd991608f7e6b887f4cad02af35df9fe5,primary_parent,f2ae21e180b652bfebf3d5ddadc548e5a203bc160d1132ebb1cdf640bbc3b27f,guruprasad_instability_index,numeric,true,same_frozen_numeric_contract,minimize,index,29.246154,26.346153846153847,-2.900000153846154,2.900000153846154,true,0f461ac89bc7ece5aa9d34bb362768059cd712ad1a233d739fc1a438b970c054
fgf2,c834dfc1803781695312223f71554b0b6f666d6560f0cd13cd11f7f663085c3a,masked_substitution,17843fa9720f8f382b0bbcf0aa293c8bd991608f7e6b887f4cad02af35df9fe5,primary_parent,f2ae21e180b652bfebf3d5ddadc548e5a203bc160d1132ebb1cdf640bbc3b27f,hydrophobic_moment_eisenberg,numeric,false,audit_metric_has_no_monotonic_improvement_direction,audit,dimensionless,0.24330416982349223,0.27359920091815887,0.030295031094666636,,true,c9caa8104de35feab8f49f0138f57cdc0a2f7e131330e27386cd354df481582b
fgf2,c834dfc1803781695312223f71554b0b6f666d6560f0cd13cd11f7f663085c3a,masked_substitution,17843fa9720f8f382b0bbcf0aa293c8bd991608f7e6b887f4cad02af35df9fe5,primary_parent,f2ae21e180b652bfebf3d5ddadc548e5a203bc160d1132ebb1cdf640bbc3b27f,hydrophobic_ratio_modlamp,numeric,false,audit_metric_has_no_monotonic_improvement_direction,audit,fraction,0.07692307692307693,0.07692307692307693,0.0,,false,4f3a287906073c67bb6010bb5afa0207152282f2aecf4a31504b8d4d6b3de734
fgf2,c834dfc1803781695312223f71554b0b6f666d6560f0cd13cd11f7f663085c3a,masked_substitution,17843fa9720f8f382b0bbcf0aa293c8bd991608f7e6b887f4cad02af35df9fe5,primary_parent,f2ae21e180b652bfebf3d5ddadc548e5a203bc160d1132ebb1cdf640bbc3b27f,llamp_log10_mic_um,numeric,true,same_frozen_numeric_contract,minimize,log10(uM),1.645182728767395,1.889294147491455,0.24411141872406006,-0.24411141872406006,true,7f1fbcd9d05c99fc37ad5bb001d3356f0a45efc0b11b6ec3d5ad49982d392cfe
fgf2,c834dfc1803781695312223f71554b0b6f666d6560f0cd13cd11f7f663085c3a,masked_substitution,17843fa9720f8f382b0bbcf0aa293c8bd991608f7e6b887f4cad02af35df9fe5,primary_parent,f2ae21e180b652bfebf3d5ddadc548e5a203bc160d1132ebb1cdf640bbc3b27f,macrel_amp_probability,numeric,true,same_frozen_numeric_contract,maximize,probability,0.396,0.396,0.0,0.0,false,55ce352b7e11ae432ba3b7c636cd93867a37c9e30c9f99a58f10b94d813a8d9f
fgf2,c834dfc1803781695312223f71554b0b6f666d6560f0cd13cd11f7f663085c3a,masked_substitution,17843fa9720f8f382b0bbcf0aa293c8bd991608f7e6b887f4cad02af35df9fe5,primary_parent,f2ae21e180b652bfebf3d5ddadc548e5a203bc160d1132ebb1cdf640bbc3b27f,macrel_hemolysis_label,categorical,true,same_frozen_label_contract,audit,label,low,low,,,false,11644ff5ca752068dcdad4720c2c0b2b874d34f5a620f3107c257138b0ea271d
fgf2,c834dfc1803781695312223f71554b0b6f666d6560f0cd13cd11f7f663085c3a,masked_substitution,17843fa9720f8f382b0bbcf0aa293c8bd991608f7e6b887f4cad02af35df9fe5,primary_parent,f2ae21e180b652bfebf3d5ddadc548e5a203bc160d1132ebb1cdf640bbc3b27f,macrel_hemolysis_probability,numeric,true,same_frozen_numeric_contract,minimize,probability,0.416,0.376,-0.03999999999999998,0.03999999999999998,true,a3652cb8a0835d2e3f2b40b63062598aa05258b39b075bde1c7fa55ca71b7374
fgf2,c834dfc1803781695312223f71554b0b6f666d6560f0cd13cd11f7f663085c3a,masked_substitution,17843fa9720f8f382b0bbcf0aa293c8bd991608f7e6b887f4cad02af35df9fe5,primary_parent,f2ae21e180b652bfebf3d5ddadc548e5a203bc160d1132ebb1cdf640bbc3b27f,maximum_hydrophobic_run,numeric,true,same_frozen_numeric_contract,minimize,residues,1.0,1.0,0.0,-0.0,false,efa782fc62fda156610ed862d6db36d29af211cc30c574104cb3e1d837e66498
fgf2,c834dfc1803781695312223f71554b0b6f666d6560f0cd13cd11f7f663085c3a,masked_substitution,17843fa9720f8f382b0bbcf0aa293c8bd991608f7e6b887f4cad02af35df9fe5,primary_parent,f2ae21e180b652bfebf3d5ddadc548e5a203bc160d1132ebb1cdf640bbc3b27f,net_charge_ph7_4,numeric,false,audit_metric_has_no_monotonic_improvement_direction,audit,elementary_charge,7.985,6.983,-1.0020000000000007,,true,2ec17b8bc275777217bc932419306c9fcd2adcc4f4f7bb4550d5610f92b30660
fgf2,c834dfc1803781695312223f71554b0b6f666d6560f0cd13cd11f7f663085c3a,masked_substitution,17843fa9720f8f382b0bbcf0aa293c8bd991608f7e6b887f4cad02af35df9fe5,primary_parent,f2ae21e180b652bfebf3d5ddadc548e5a203bc160d1132ebb1cdf640bbc3b27f,toxinpred3_hybrid_score,numeric,true,same_frozen_numeric_contract,minimize,dimensionless,0.0,0.0,0.0,-0.0,false,276a721444692dc1c10d9a15338f55fb9c48561278622793ad1d55744476e8bb
fgf2,c834dfc1803781695312223f71554b0b6f666d6560f0cd13cd11f7f663085c3a,masked_substitution,17843fa9720f8f382b0bbcf0aa293c8bd991608f7e6b887f4cad02af35df9fe5,primary_parent,f2ae21e180b652bfebf3d5ddadc548e5a203bc160d1132ebb1cdf640bbc3b27f,toxinpred3_label,categorical,true,same_frozen_label_contract,audit,label,Non-Toxin,Non-Toxin,,,false,600fa89c339a261a9a5c9a0eff5551888d7a8a1d4a5e544287edd336261c9bcf
fgf2,85a6a1d8789d8f89e2bf165476f4b6556896c48bdbcad48f9b024fb2e105be6a,masked_substitution,5fa7a642416ffacdd2e83a7eb979f7538c79d5b2f5310fb307ad2eafb22ac1c2,primary_parent,f2ae21e180b652bfebf3d5ddadc548e5a203bc160d1132ebb1cdf640bbc3b27f,amp_read_log10_mic_um,numeric,true,same_frozen_numeric_contract,minimize,log10(uM),2.597941786798904,2.4382174411458397,-0.15972434565306415,0.15972434565306415,true,dbbf3d89fd912eeb875ed244c31f96ac66a6e187aadf907c3842c414bf6da8e9
fgf2,85a6a1d8789d8f89e2bf165476f4b6556896c48bdbcad48f9b024fb2e105be6a,masked_substitution,5fa7a642416ffacdd2e83a7eb979f7538c79d5b2f5310fb307ad2eafb22ac1c2,primary_parent,f2ae21e180b652bfebf3d5ddadc548e5a203bc160d1132ebb1cdf640bbc3b27f,guruprasad_instability_index,numeric,true,same_frozen_numeric_contract,minimize,index,29.246154,29.24615384615385,-1.5384615181801564e-07,1.5384615181801564e-07,true,1eb9b276ec3a5cafa311b433ddde51099ec3b3b6e43b37bcaeffe08eba26a255
fgf2,85a6a1d8789d8f89e2bf165476f4b6556896c48bdbcad48f9b024fb2e105be6a,masked_substitution,5fa7a642416ffacdd2e83a7eb979f7538c79d5b2f5310fb307ad2eafb22ac1c2,primary_parent,f2ae21e180b652bfebf3d5ddadc548e5a203bc160d1132ebb1cdf640bbc3b27f,hydrophobic_moment_eisenberg,numeric,false,audit_metric_has_no_monotonic_improvement_direction,audit,dimensionless,0.24330416982349223,0.3446826144894883,0.10137844466599605,,true,0c1624ac4449590fcc603839bf59266f5a2d99c543ae1683934e9e24f0bfcc7c
fgf2,85a6a1d8789d8f89e2bf165476f4b6556896c48bdbcad48f9b024fb2e105be6a,masked_substitution,5fa7a642416ffacdd2e83a7eb979f7538c79d5b2f5310fb307ad2eafb22ac1c2,primary_parent,f2ae21e180b652bfebf3d5ddadc548e5a203bc160d1132ebb1cdf640bbc3b27f,hydrophobic_ratio_modlamp,numeric,false,audit_metric_has_no_monotonic_improvement_direction,audit,fraction,0.07692307692307693,0.11538461538461539,0.038461538461538464,,true,7046d8c4db41a4f9264a251c92a871687cd4938f71b80eb1d4843c44ae268697
fgf2,85a6a1d8789d8f89e2bf165476f4b6556896c48bdbcad48f9b024fb2e105be6a,masked_substitution,5fa7a642416ffacdd2e83a7eb979f7538c79d5b2f5310fb307ad2eafb22ac1c2,primary_parent,f2ae21e180b652bfebf3d5ddadc548e5a203bc160d1132ebb1cdf640bbc3b27f,llamp_log10_mic_um,numeric,true,same_frozen_numeric_contract,minimize,log10(uM),1.645182728767395,1.6335079669952393,-0.011674761772155762,0.011674761772155762,true,1da1003a14d2025bf18133b8422f994cb87a273c18f65f850c4587cc3a3fa156
fgf2,85a6a1d8789d8f89e2bf165476f4b6556896c48bdbcad48f9b024fb2e105be6a,masked_substitution,5fa7a642416ffacdd2e83a7eb979f7538c79d5b2f5310fb307ad2eafb22ac1c2,primary_parent,f2ae21e180b652bfebf3d5ddadc548e5a203bc160d1132ebb1cdf640bbc3b27f,macrel_amp_probability,numeric,true,same_frozen_numeric_contract,maximize,probability,0.396,0.287,-0.10900000000000004,-0.10900000000000004,true,72d437b9aff3e7f89c7b317fdda43ebb4d1a442b6dcd21b59ebad64d45fa8593
fgf2,85a6a1d8789d8f89e2bf165476f4b6556896c48bdbcad48f9b024fb2e105be6a,masked_substitution,5fa7a642416ffacdd2e83a7eb979f7538c79d5b2f5310fb307ad2eafb22ac1c2,primary_parent,f2ae21e180b652bfebf3d5ddadc548e5a203bc160d1132ebb1cdf640bbc3b27f,macrel_hemolysis_label,categorical,true,same_frozen_label_contract,audit,label,low,low,,,false,5370ffbbe8ca7d99d88264dfdbb35a01040ff12079f61d4019448ffdc492b6b5
fgf2,85a6a1d8789d8f89e2bf165476f4b6556896c48bdbcad48f9b024fb2e105be6a,masked_substitution,5fa7a642416ffacdd2e83a7eb979f7538c79d5b2f5310fb307ad2eafb22ac1c2,primary_parent,f2ae21e180b652bfebf3d5ddadc548e5a203bc160d1132ebb1cdf640bbc3b27f,macrel_hemolysis_probability,numeric,true,same_frozen_numeric_contract,minimize,probability,0.416,0.406,-0.009999999999999953,0.009999999999999953,true,46b9fde200984679552799e9f6e85b3e6d4237a66dbfdbe9ec7a2332877c4e09
fgf2,85a6a1d8789d8f89e2bf165476f4b6556896c48bdbcad48f9b024fb2e105be6a,masked_substitution,5fa7a642416ffacdd2e83a7eb979f7538c79d5b2f5310fb307ad2eafb22ac1c2,primary_parent,f2ae21e180b652bfebf3d5ddadc548e5a203bc160d1132ebb1cdf640bbc3b27f,maximum_hydrophobic_run,numeric,true,same_frozen_numeric_contract,minimize,residues,1.0,1.0,0.0,-0.0,false,e037d12db96284e4fa764b263e424b32e3710b789a70870f126a9f1eb2aa4558
fgf2,85a6a1d8789d8f89e2bf165476f4b6556896c48bdbcad48f9b024fb2e105be6a,masked_substitution,5fa7a642416ffacdd2e83a7eb979f7538c79d5b2f5310fb307ad2eafb22ac1c2,primary_parent,f2ae21e180b652bfebf3d5ddadc548e5a203bc160d1132ebb1cdf640bbc3b27f,net_charge_ph7_4,numeric,false,audit_metric_has_no_monotonic_improvement_direction,audit,elementary_charge,7.985,6.985,-1.0,,true,68796326e5096398947524004cbe318e9526a63b7e124c228daae27a6e11162c
fgf2,85a6a1d8789d8f89e2bf165476f4b6556896c48bdbcad48f9b024fb2e105be6a,masked_substitution,5fa7a642416ffacdd2e83a7eb979f7538c79d5b2f5310fb307ad2eafb22ac1c2,primary_parent,f2ae21e180b652bfebf3d5ddadc548e5a203bc160d1132ebb1cdf640bbc3b27f,toxinpred3_hybrid_score,numeric,true,same_frozen_numeric_contract,minimize,dimensionless,0.0,0.0,0.0,-0.0,false,1e9bbcf7cfe7162336a14888834d086e331f30f0214df11e3c3f0a7ed800982d
fgf2,85a6a1d8789d8f89e2bf165476f4b6556896c48bdbcad48f9b024fb2e105be6a,masked_substitution,5fa7a642416ffacdd2e83a7eb979f7538c79d5b2f5310fb307ad2eafb22ac1c2,primary_parent,f2ae21e180b652bfebf3d5ddadc548e5a203bc160d1132ebb1cdf640bbc3b27f,toxinpred3_label,categorical,true,same_frozen_label_contract,audit,label,Non-Toxin,Non-Toxin,,,false,6ab45f99a0f0ead9c5b3dc6abbfd27c434e975046a3efbf30c6c00ec14755ce9
fgf2,aae99478b5f715103039751fde9a578abce61d55ce22fc368981b5c0660b720f,masked_substitution,d4704da948da6deb99b65d60114919c1be944de552abdf563d368ab9370e5ba8,primary_parent,f2ae21e180b652bfebf3d5ddadc548e5a203bc160d1132ebb1cdf640bbc3b27f,amp_read_log10_mic_um,numeric,true,same_frozen_numeric_contract,minimize,log10(uM),2.597941786798904,2.3709218715664564,-0.22701991523244747,0.22701991523244747,true,5940ca4def04e9e54d097391d4e95971ecd617c56244c2f94d0b2edc6443ba0d
fgf2,aae99478b5f715103039751fde9a578abce61d55ce22fc368981b5c0660b720f,masked_substitution,d4704da948da6deb99b65d60114919c1be944de552abdf563d368ab9370e5ba8,primary_parent,f2ae21e180b652bfebf3d5ddadc548e5a203bc160d1132ebb1cdf640bbc3b27f,guruprasad_instability_index,numeric,true,same_frozen_numeric_contract,minimize,index,29.246154,29.24615384615385,-1.5384615181801564e-07,1.5384615181801564e-07,true,71dd8d157639006b16a2231720df5cf1789ebdfa28145a346fb1635132cb5166
fgf2,aae99478b5f715103039751fde9a578abce61d55ce22fc368981b5c0660b720f,masked_substitution,d4704da948da6deb99b65d60114919c1be944de552abdf563d368ab9370e5ba8,primary_parent,f2ae21e180b652bfebf3d5ddadc548e5a203bc160d1132ebb1cdf640bbc3b27f,hydrophobic_moment_eisenberg,numeric,false,audit_metric_has_no_monotonic_improvement_direction,audit,dimensionless,0.24330416982349223,0.33389488030449294,0.0905907104810007,,true,ffb209de649c6d0de6b48b6898b4b5de48f2f7e50e4f81b9327a3c93d6a9c4f2
fgf2,aae99478b5f715103039751fde9a578abce61d55ce22fc368981b5c0660b720f,masked_substitution,d4704da948da6deb99b65d60114919c1be944de552abdf563d368ab9370e5ba8,primary_parent,f2ae21e180b652bfebf3d5ddadc548e5a203bc160d1132ebb1cdf640bbc3b27f,hydrophobic_ratio_modlamp,numeric,false,audit_metric_has_no_monotonic_improvement_direction,audit,fraction,0.07692307692307693,0.11538461538461539,0.038461538461538464,,true,b87c2cadef626bf19d5ca2460aa37b167b0f7c914416478837699f019d59e4ab
fgf2,aae99478b5f715103039751fde9a578abce61d55ce22fc368981b5c0660b720f,masked_substitution,d4704da948da6deb99b65d60114919c1be944de552abdf563d368ab9370e5ba8,primary_parent,f2ae21e180b652bfebf3d5ddadc548e5a203bc160d1132ebb1cdf640bbc3b27f,llamp_log10_mic_um,numeric,true,same_frozen_numeric_contract,minimize,log10(uM),1.645182728767395,1.679861068725586,0.03467833995819092,-0.03467833995819092,true,0b3ca4fc0346cee09602f85f53935cd84962525d1c7e601610d6ea95f01a56aa
fgf2,aae99478b5f715103039751fde9a578abce61d55ce22fc368981b5c0660b720f,masked_substitution,d4704da948da6deb99b65d60114919c1be944de552abdf563d368ab9370e5ba8,primary_parent,f2ae21e180b652bfebf3d5ddadc548e5a203bc160d1132ebb1cdf640bbc3b27f,macrel_amp_probability,numeric,true,same_frozen_numeric_contract,maximize,probability,0.396,0.287,-0.10900000000000004,-0.10900000000000004,true,4049575bae013eed36da10ec279794d72ac9ca85eb30bddae7a06e3fdd9abffd
fgf2,aae99478b5f715103039751fde9a578abce61d55ce22fc368981b5c0660b720f,masked_substitution,d4704da948da6deb99b65d60114919c1be944de552abdf563d368ab9370e5ba8,primary_parent,f2ae21e180b652bfebf3d5ddadc548e5a203bc160d1132ebb1cdf640bbc3b27f,macrel_hemolysis_label,categorical,true,same_frozen_label_contract,audit,label,low,low,,,false,cb45d58d019a8e1a3cb9469fe137fb4ce7f8064344853c582560f1c73c4f38dc
fgf2,aae99478b5f715103039751fde9a578abce61d55ce22fc368981b5c0660b720f,masked_substitution,d4704da948da6deb99b65d60114919c1be944de552abdf563d368ab9370e5ba8,primary_parent,f2ae21e180b652bfebf3d5ddadc548e5a203bc160d1132ebb1cdf640bbc3b27f,macrel_hemolysis_probability,numeric,true,same_frozen_numeric_contract,minimize,probability,0.416,0.406,-0.009999999999999953,0.009999999999999953,true,f4de1ee87e40874e363a9e29c4428904cc95dfcefcfe2110445fc5eac0ea0c17
fgf2,aae99478b5f715103039751fde9a578abce61d55ce22fc368981b5c0660b720f,masked_substitution,d4704da948da6deb99b65d60114919c1be944de552abdf563d368ab9370e5ba8,primary_parent,f2ae21e180b652bfebf3d5ddadc548e5a203bc160d1132ebb1cdf640bbc3b27f,maximum_hydrophobic_run,numeric,true,same_frozen_numeric_contract,minimize,residues,1.0,1.0,0.0,-0.0,false,36ccdc0767567492391f2f2cf6f64b2e15c17f5bb0acf91c65fde86a4e66a8fd
fgf2,aae99478b5f715103039751fde9a578abce61d55ce22fc368981b5c0660b720f,masked_substitution,d4704da948da6deb99b65d60114919c1be944de552abdf563d368ab9370e5ba8,primary_parent,f2ae21e180b652bfebf3d5ddadc548e5a203bc160d1132ebb1cdf640bbc3b27f,net_charge_ph7_4,numeric,false,audit_metric_has_no_monotonic_improvement_direction,audit,elementary_charge,7.985,6.985,-1.0,,true,2e6b4ebbb06a0b1e301584f6e619ed233ad50f45fa6ac63b486e1251887fc591
fgf2,aae99478b5f715103039751fde9a578abce61d55ce22fc368981b5c0660b720f,masked_substitution,d4704da948da6deb99b65d60114919c1be944de552abdf563d368ab9370e5ba8,primary_parent,f2ae21e180b652bfebf3d5ddadc548e5a203bc160d1132ebb1cdf640bbc3b27f,toxinpred3_hybrid_score,numeric,true,same_frozen_numeric_contract,minimize,dimensionless,0.0,0.0,0.0,-0.0,false,f6a696e4227584d0220cd0ae989811b56e8eb7ec54879e0bd262ac5d92e196c1
fgf2,aae99478b5f715103039751fde9a578abce61d55ce22fc368981b5c0660b720f,masked_substitution,d4704da948da6deb99b65d60114919c1be944de552abdf563d368ab9370e5ba8,primary_parent,f2ae21e180b652bfebf3d5ddadc548e5a203bc160d1132ebb1cdf640bbc3b27f,toxinpred3_label,categorical,true,same_frozen_label_contract,audit,label,Non-Toxin,Non-Toxin,,,false,64c2911409c8bd4156186d751c51e3f57894a562090be971e3b3ca2ba515d1fc
fgf2,079cd9018b96e54653f4a7cedf74014837d086625a7640dc8e521dc596901318,masked_substitution,a6f7ad7554c18fc624940ea3b1255fa7fae369a185140b6c1264f717e0a4f8b1,primary_parent,f2ae21e180b652bfebf3d5ddadc548e5a203bc160d1132ebb1cdf640bbc3b27f,amp_read_log10_mic_um,numeric,true,same_frozen_numeric_contract,minimize,log10(uM),2.597941786798904,2.5447632428226994,-0.05317854397620447,0.05317854397620447,true,055d3c0525f284168cc8f1315b1d63104fcea4a24c1cc0e14d730139c666c035
fgf2,079cd9018b96e54653f4a7cedf74014837d086625a7640dc8e521dc596901318,masked_substitution,a6f7ad7554c18fc624940ea3b1255fa7fae369a185140b6c1264f717e0a4f8b1,primary_parent,f2ae21e180b652bfebf3d5ddadc548e5a203bc160d1132ebb1cdf640bbc3b27f,guruprasad_instability_index,numeric,true,same_frozen_numeric_contract,minimize,index,29.246154,25.98076923076923,-3.2653847692307707,3.2653847692307707,true,fb75bdef92919dee02c0cb954631efac42cb526ccbb834a1652f468d36f33f72
fgf2,079cd9018b96e54653f4a7cedf74014837d086625a7640dc8e521dc596901318,masked_substitution,a6f7ad7554c18fc624940ea3b1255fa7fae369a185140b6c1264f717e0a4f8b1,primary_parent,f2ae21e180b652bfebf3d5ddadc548e5a203bc160d1132ebb1cdf640bbc3b27f,hydrophobic_moment_eisenberg,numeric,false,audit_metric_has_no_monotonic_improvement_direction,audit,dimensionless,0.24330416982349223,0.33389488030449294,0.0905907104810007,,true,497ef4eeec02548cdc170afa064c3a90282bf0a2fd7d756465018347b82d5724
fgf2,079cd9018b96e54653f4a7cedf74014837d086625a7640dc8e521dc596901318,masked_substitution,a6f7ad7554c18fc624940ea3b1255fa7fae369a185140b6c1264f717e0a4f8b1,primary_parent,f2ae21e180b652bfebf3d5ddadc548e5a203bc160d1132ebb1cdf640bbc3b27f,hydrophobic_ratio_modlamp,numeric,false,audit_metric_has_no_monotonic_improvement_direction,audit,fraction,0.07692307692307693,0.11538461538461539,0.038461538461538464,,true,5de87aa3779befa3ceaccf7af929c15641e5c42905f6e27252c746c9856055c8
fgf2,079cd9018b96e54653f4a7cedf74014837d086625a7640dc8e521dc596901318,masked_substitution,a6f7ad7554c18fc624940ea3b1255fa7fae369a185140b6c1264f717e0a4f8b1,primary_parent,f2ae21e180b652bfebf3d5ddadc548e5a203bc160d1132ebb1cdf640bbc3b27f,llamp_log10_mic_um,numeric,true,same_frozen_numeric_contract,minimize,log10(uM),1.645182728767395,1.718579649925232,0.07339692115783691,-0.07339692115783691,true,ce4b7392ed4b6edc5a369d8aa77ab75d918b2a2fa9b6c613ed4ba02f8031ace1
fgf2,079cd9018b96e54653f4a7cedf74014837d086625a7640dc8e521dc596901318,masked_substitution,a6f7ad7554c18fc624940ea3b1255fa7fae369a185140b6c1264f717e0a4f8b1,primary_parent,f2ae21e180b652bfebf3d5ddadc548e5a203bc160d1132ebb1cdf640bbc3b27f,macrel_amp_probability,numeric,true,same_frozen_numeric_contract,maximize,probability,0.396,0.287,-0.10900000000000004,-0.10900000000000004,true,abd2e433e6e95a3e890ce720eaccfb7d8c9bcf1705fa29d392be9eea1188a23b
fgf2,079cd9018b96e54653f4a7cedf74014837d086625a7640dc8e521dc596901318,masked_substitution,a6f7ad7554c18fc624940ea3b1255fa7fae369a185140b6c1264f717e0a4f8b1,primary_parent,f2ae21e180b652bfebf3d5ddadc548e5a203bc160d1132ebb1cdf640bbc3b27f,macrel_hemolysis_label,categorical,true,same_frozen_label_contract,audit,label,low,low,,,false,e2453c90fea7047cb148de0a044ae2d73b35f7bbb19060d5502048b154b295bf
fgf2,079cd9018b96e54653f4a7cedf74014837d086625a7640dc8e521dc596901318,masked_substitution,a6f7ad7554c18fc624940ea3b1255fa7fae369a185140b6c1264f717e0a4f8b1,primary_parent,f2ae21e180b652bfebf3d5ddadc548e5a203bc160d1132ebb1cdf640bbc3b27f,macrel_hemolysis_probability,numeric,true,same_frozen_numeric_contract,minimize,probability,0.416,0.406,-0.009999999999999953,0.009999999999999953,true,31e85b2514abe81b22c7bfe3f5243d546bde4273fe7d4a5d607874a18d806434
fgf2,079cd9018b96e54653f4a7cedf74014837d086625a7640dc8e521dc596901318,masked_substitution,a6f7ad7554c18fc624940ea3b1255fa7fae369a185140b6c1264f717e0a4f8b1,primary_parent,f2ae21e180b652bfebf3d5ddadc548e5a203bc160d1132ebb1cdf640bbc3b27f,maximum_hydrophobic_run,numeric,true,same_frozen_numeric_contract,minimize,residues,1.0,1.0,0.0,-0.0,false,258754cba948dd5777819157bd0f2339ed82cf1e122754504de8437f14b9083a
fgf2,079cd9018b96e54653f4a7cedf74014837d086625a7640dc8e521dc596901318,masked_substitution,a6f7ad7554c18fc624940ea3b1255fa7fae369a185140b6c1264f717e0a4f8b1,primary_parent,f2ae21e180b652bfebf3d5ddadc548e5a203bc160d1132ebb1cdf640bbc3b27f,net_charge_ph7_4,numeric,false,audit_metric_has_no_monotonic_improvement_direction,audit,elementary_charge,7.985,6.985,-1.0,,true,53aa7c8813f38fca35729b0fec9228ca7b8eb19f14828b279e49ca398c304cba
fgf2,079cd9018b96e54653f4a7cedf74014837d086625a7640dc8e521dc596901318,masked_substitution,a6f7ad7554c18fc624940ea3b1255fa7fae369a185140b6c1264f717e0a4f8b1,primary_parent,f2ae21e180b652bfebf3d5ddadc548e5a203bc160d1132ebb1cdf640bbc3b27f,toxinpred3_hybrid_score,numeric,true,same_frozen_numeric_contract,minimize,dimensionless,0.0,0.0,0.0,-0.0,false,0405f818901ac6c8a3006134ef884167c0105888832411ce821b670c20758fa4
fgf2,079cd9018b96e54653f4a7cedf74014837d086625a7640dc8e521dc596901318,masked_substitution,a6f7ad7554c18fc624940ea3b1255fa7fae369a185140b6c1264f717e0a4f8b1,primary_parent,f2ae21e180b652bfebf3d5ddadc548e5a203bc160d1132ebb1cdf640bbc3b27f,toxinpred3_label,categorical,true,same_frozen_label_contract,audit,label,Non-Toxin,Non-Toxin,,,false,722dc9854a43e70cfd84365679f3ec2527b5cb271337fa9b85c35525998d8e1e
fgf2,6294466e725bd2c035d47b4b5b0a1d226d8fd41491244229914fee33d3578d52,masked_substitution,1bd06fb3611b96bf7b8e4c3e8eab8084eaf4cbd2705690d9b9270cb7825800d8,primary_parent,f2ae21e180b652bfebf3d5ddadc548e5a203bc160d1132ebb1cdf640bbc3b27f,amp_read_log10_mic_um,numeric,true,same_frozen_numeric_contract,minimize,log10(uM),2.597941786798904,2.4392396206350417,-0.15870216616386212,0.15870216616386212,true,c3896f8fb0ec655e85c1601d456dcd7f5086762b52becd51d3f019cef35afa19
fgf2,6294466e725bd2c035d47b4b5b0a1d226d8fd41491244229914fee33d3578d52,masked_substitution,1bd06fb3611b96bf7b8e4c3e8eab8084eaf4cbd2705690d9b9270cb7825800d8,primary_parent,f2ae21e180b652bfebf3d5ddadc548e5a203bc160d1132ebb1cdf640bbc3b27f,guruprasad_instability_index,numeric,true,same_frozen_numeric_contract,minimize,index,29.246154,32.511538461538464,3.2653844615384635,-3.2653844615384635,true,2d7c6f25b34c6298bb264379861f125de37f666c8088f101668e09c2ae9ecc21
fgf2,6294466e725bd2c035d47b4b5b0a1d226d8fd41491244229914fee33d3578d52,masked_substitution,1bd06fb3611b96bf7b8e4c3e8eab8084eaf4cbd2705690d9b9270cb7825800d8,primary_parent,f2ae21e180b652bfebf3d5ddadc548e5a203bc160d1132ebb1cdf640bbc3b27f,hydrophobic_moment_eisenberg,numeric,false,audit_metric_has_no_monotonic_improvement_direction,audit,dimensionless,0.24330416982349223,0.3374852735167184,0.09418110369322619,,true,afda79fce758a4a12c7037108b31681799689cf1411e14f0238b3242cebdd278
fgf2,6294466e725bd2c035d47b4b5b0a1d226d8fd41491244229914fee33d3578d52,masked_substitution,1bd06fb3611b96bf7b8e4c3e8eab8084eaf4cbd2705690d9b9270cb7825800d8,primary_parent,f2ae21e180b652bfebf3d5ddadc548e5a203bc160d1132ebb1cdf640bbc3b27f,hydrophobic_ratio_modlamp,numeric,false,audit_metric_has_no_monotonic_improvement_direction,audit,fraction,0.07692307692307693,0.11538461538461539,0.038461538461538464,,true,77ff07140cacafbdd804dc161ce9482b812f1357d42b29eb2afeb84d64ac487b
fgf2,6294466e725bd2c035d47b4b5b0a1d226d8fd41491244229914fee33d3578d52,masked_substitution,1bd06fb3611b96bf7b8e4c3e8eab8084eaf4cbd2705690d9b9270cb7825800d8,primary_parent,f2ae21e180b652bfebf3d5ddadc548e5a203bc160d1132ebb1cdf640bbc3b27f,llamp_log10_mic_um,numeric,true,same_frozen_numeric_contract,minimize,log10(uM),1.645182728767395,1.6714903116226196,0.02630758285522461,-0.02630758285522461,true,7c9c0b52ca2f9ee41444a9234259b0a8bde4d521ef82756c2db053a3af4b947c
fgf2,6294466e725bd2c035d47b4b5b0a1d226d8fd41491244229914fee33d3578d52,masked_substitution,1bd06fb3611b96bf7b8e4c3e8eab8084eaf4cbd2705690d9b9270cb7825800d8,primary_parent,f2ae21e180b652bfebf3d5ddadc548e5a203bc160d1132ebb1cdf640bbc3b27f,macrel_amp_probability,numeric,true,same_frozen_numeric_contract,maximize,probability,0.396,0.386,-0.010000000000000009,-0.010000000000000009,true,355a4ec13bd0ca38e325c6c02880db7ce5b726b8db5cd70a18e15697f5563e78
fgf2,6294466e725bd2c035d47b4b5b0a1d226d8fd41491244229914fee33d3578d52,masked_substitution,1bd06fb3611b96bf7b8e4c3e8eab8084eaf4cbd2705690d9b9270cb7825800d8,primary_parent,f2ae21e180b652bfebf3d5ddadc548e5a203bc160d1132ebb1cdf640bbc3b27f,macrel_hemolysis_label,categorical,true,same_frozen_label_contract,audit,label,low,low,,,false,be3c84024242b4919787444f8ea10ad52be483736ca07d97003cbecc93d92a00
fgf2,6294466e725bd2c035d47b4b5b0a1d226d8fd41491244229914fee33d3578d52,masked_substitution,1bd06fb3611b96bf7b8e4c3e8eab8084eaf4cbd2705690d9b9270cb7825800d8,primary_parent,f2ae21e180b652bfebf3d5ddadc548e5a203bc160d1132ebb1cdf640bbc3b27f,macrel_hemolysis_probability,numeric,true,same_frozen_numeric_contract,minimize,probability,0.416,0.426,0.010000000000000009,-0.010000000000000009,true,78b426939a80cd20d0da96183db46283d1dc44099e65683acbe9eec4ea51216e
fgf2,6294466e725bd2c035d47b4b5b0a1d226d8fd41491244229914fee33d3578d52,masked_substitution,1bd06fb3611b96bf7b8e4c3e8eab8084eaf4cbd2705690d9b9270cb7825800d8,primary_parent,f2ae21e180b652bfebf3d5ddadc548e5a203bc160d1132ebb1cdf640bbc3b27f,maximum_hydrophobic_run,numeric,true,same_frozen_numeric_contract,minimize,residues,1.0,1.0,0.0,-0.0,false,db0b9d6ff7542c261d0dd012a4749e278301dc591761cb3db4dd82cbc007597a
fgf2,6294466e725bd2c035d47b4b5b0a1d226d8fd41491244229914fee33d3578d52,masked_substitution,1bd06fb3611b96bf7b8e4c3e8eab8084eaf4cbd2705690d9b9270cb7825800d8,primary_parent,f2ae21e180b652bfebf3d5ddadc548e5a203bc160d1132ebb1cdf640bbc3b27f,net_charge_ph7_4,numeric,false,audit_metric_has_no_monotonic_improvement_direction,audit,elementary_charge,7.985,6.985,-1.0,,true,c517da7b4a9a38687288c4ecbdc501540808793a9fa80070c18ccdffd3bf808f
fgf2,6294466e725bd2c035d47b4b5b0a1d226d8fd41491244229914fee33d3578d52,masked_substitution,1bd06fb3611b96bf7b8e4c3e8eab8084eaf4cbd2705690d9b9270cb7825800d8,primary_parent,f2ae21e180b652bfebf3d5ddadc548e5a203bc160d1132ebb1cdf640bbc3b27f,toxinpred3_hybrid_score,numeric,true,same_frozen_numeric_contract,minimize,dimensionless,0.0,0.0,0.0,-0.0,false,23c1d5e5a207f41820f25af19a212f17f18c74a0c03911229577337a5b337f5c
fgf2,6294466e725bd2c035d47b4b5b0a1d226d8fd41491244229914fee33d3578d52,masked_substitution,1bd06fb3611b96bf7b8e4c3e8eab8084eaf4cbd2705690d9b9270cb7825800d8,primary_parent,f2ae21e180b652bfebf3d5ddadc548e5a203bc160d1132ebb1cdf640bbc3b27f,toxinpred3_label,categorical,true,same_frozen_label_contract,audit,label,Non-Toxin,Non-Toxin,,,false,08cd6f0b5274298b2d958665245181cc74b6c2de80fbe25048b2e0dd8c92a2c0
fgf2,74d134af4aa6d71cfa352470af758d905b7f02828350cee486fe083b25398fad,masked_substitution,ceb081dfa91bab3f94f416be696db5dd392e08780a18dab6ab298fc66699b7ce,primary_parent,f2ae21e180b652bfebf3d5ddadc548e5a203bc160d1132ebb1cdf640bbc3b27f,amp_read_log10_mic_um,numeric,true,same_frozen_numeric_contract,minimize,log10(uM),2.597941786798904,2.4119762520442327,-0.18596553475467115,0.18596553475467115,true,4d33754382ca4fb02cf547370b7332789b566f299d0092d063861cc0ff172cdb
fgf2,74d134af4aa6d71cfa352470af758d905b7f02828350cee486fe083b25398fad,masked_substitution,ceb081dfa91bab3f94f416be696db5dd392e08780a18dab6ab298fc66699b7ce,primary_parent,f2ae21e180b652bfebf3d5ddadc548e5a203bc160d1132ebb1cdf640bbc3b27f,guruprasad_instability_index,numeric,true,same_frozen_numeric_contract,minimize,index,29.246154,29.24615384615385,-1.5384615181801564e-07,1.5384615181801564e-07,true,c8f62179797bfbfd99bedb8f0e8df9f1bb2adbfb6410d01cc6aac0e2418774d7
fgf2,74d134af4aa6d71cfa352470af758d905b7f02828350cee486fe083b25398fad,masked_substitution,ceb081dfa91bab3f94f416be696db5dd392e08780a18dab6ab298fc66699b7ce,primary_parent,f2ae21e180b652bfebf3d5ddadc548e5a203bc160d1132ebb1cdf640bbc3b27f,hydrophobic_moment_eisenberg,numeric,false,audit_metric_has_no_monotonic_improvement_direction,audit,dimensionless,0.24330416982349223,0.30398269844707887,0.060678528623586636,,true,30f86dbf05f319f1302098ec66b313874e6dfdf973b7c69e314ba34ba181f6f3
fgf2,74d134af4aa6d71cfa352470af758d905b7f02828350cee486fe083b25398fad,masked_substitution,ceb081dfa91bab3f94f416be696db5dd392e08780a18dab6ab298fc66699b7ce,primary_parent,f2ae21e180b652bfebf3d5ddadc548e5a203bc160d1132ebb1cdf640bbc3b27f,hydrophobic_ratio_modlamp,numeric,false,audit_metric_has_no_monotonic_improvement_direction,audit,fraction,0.07692307692307693,0.07692307692307693,0.0,,false,afe9617fd92c829e9453524e96c169f623d0fed36332b9cab8e8f31021690550
fgf2,74d134af4aa6d71cfa352470af758d905b7f02828350cee486fe083b25398fad,masked_substitution,ceb081dfa91bab3f94f416be696db5dd392e08780a18dab6ab298fc66699b7ce,primary_parent,f2ae21e180b652bfebf3d5ddadc548e5a203bc160d1132ebb1cdf640bbc3b27f,llamp_log10_mic_um,numeric,true,same_frozen_numeric_contract,minimize,log10(uM),1.645182728767395,1.7861908674240112,0.1410081386566162,-0.1410081386566162,true,5a2866346af30784002018894a578899bc67eaf597feea49bf7e5c4d101d8561
fgf2,74d134af4aa6d71cfa352470af758d905b7f02828350cee486fe083b25398fad,masked_substitution,ceb081dfa91bab3f94f416be696db5dd392e08780a18dab6ab298fc66699b7ce,primary_parent,f2ae21e180b652bfebf3d5ddadc548e5a203bc160d1132ebb1cdf640bbc3b27f,macrel_amp_probability,numeric,true,same_frozen_numeric_contract,maximize,probability,0.396,0.386,-0.010000000000000009,-0.010000000000000009,true,750390d10b4180447806d1cc22ad5dd9c4c65f07511ae8434457669e87763548
fgf2,74d134af4aa6d71cfa352470af758d905b7f02828350cee486fe083b25398fad,masked_substitution,ceb081dfa91bab3f94f416be696db5dd392e08780a18dab6ab298fc66699b7ce,primary_parent,f2ae21e180b652bfebf3d5ddadc548e5a203bc160d1132ebb1cdf640bbc3b27f,macrel_hemolysis_label,categorical,true,same_frozen_label_contract,audit,label,low,low,,,false,7f89084a2bfaf817b9a2856616e1e4d8b6ca82ffb2c3a898e5ef58bc3991c067
fgf2,74d134af4aa6d71cfa352470af758d905b7f02828350cee486fe083b25398fad,masked_substitution,ceb081dfa91bab3f94f416be696db5dd392e08780a18dab6ab298fc66699b7ce,primary_parent,f2ae21e180b652bfebf3d5ddadc548e5a203bc160d1132ebb1cdf640bbc3b27f,macrel_hemolysis_probability,numeric,true,same_frozen_numeric_contract,minimize,probability,0.416,0.416,0.0,-0.0,false,a35f36c82d4bc4a762272f67c09620bdd4d87bfb2a7c0f5752ac1349b7dca333
fgf2,74d134af4aa6d71cfa352470af758d905b7f02828350cee486fe083b25398fad,masked_substitution,ceb081dfa91bab3f94f416be696db5dd392e08780a18dab6ab298fc66699b7ce,primary_parent,f2ae21e180b652bfebf3d5ddadc548e5a203bc160d1132ebb1cdf640bbc3b27f,maximum_hydrophobic_run,numeric,true,same_frozen_numeric_contract,minimize,residues,1.0,1.0,0.0,-0.0,false,9d58ff61c5586e0adf1f68e5fd49d2521fe9197e66293f23a7d839e3d788e435
fgf2,74d134af4aa6d71cfa352470af758d905b7f02828350cee486fe083b25398fad,masked_substitution,ceb081dfa91bab3f94f416be696db5dd392e08780a18dab6ab298fc66699b7ce,primary_parent,f2ae21e180b652bfebf3d5ddadc548e5a203bc160d1132ebb1cdf640bbc3b27f,net_charge_ph7_4,numeric,false,audit_metric_has_no_monotonic_improvement_direction,audit,elementary_charge,7.985,6.983,-1.0020000000000007,,true,fdc27c940544043caac21c84bb5e0c525d72859f8c42a243bc840b8d005cbcb5
fgf2,74d134af4aa6d71cfa352470af758d905b7f02828350cee486fe083b25398fad,masked_substitution,ceb081dfa91bab3f94f416be696db5dd392e08780a18dab6ab298fc66699b7ce,primary_parent,f2ae21e180b652bfebf3d5ddadc548e5a203bc160d1132ebb1cdf640bbc3b27f,toxinpred3_hybrid_score,numeric,true,same_frozen_numeric_contract,minimize,dimensionless,0.0,0.0,0.0,-0.0,false,2512e2d61792e7ba1af9eec4a81de42edba35f81ca22bc0c5e0255d77cd2e964
fgf2,74d134af4aa6d71cfa352470af758d905b7f02828350cee486fe083b25398fad,masked_substitution,ceb081dfa91bab3f94f416be696db5dd392e08780a18dab6ab298fc66699b7ce,primary_parent,f2ae21e180b652bfebf3d5ddadc548e5a203bc160d1132ebb1cdf640bbc3b27f,toxinpred3_label,categorical,true,same_frozen_label_contract,audit,label,Non-Toxin,Non-Toxin,,,false,0cffe59031db45404c3262cb39adcdc2212dd5d58f8c09abda090d072ad5618a
fgf2,321d1d98c2faddbb364d5b665a05daf530de9d52b9358a6b591f4f6946a3f077,masked_substitution,a00cf93524e673ff30af1bf8d5192a5cfedd2553b484b374839ea86fcd950a42,primary_parent,f2ae21e180b652bfebf3d5ddadc548e5a203bc160d1132ebb1cdf640bbc3b27f,amp_read_log10_mic_um,numeric,true,same_frozen_numeric_contract,minimize,log10(uM),2.597941786798904,2.379562334098516,-0.21837945270038794,0.21837945270038794,true,f0570cabd2cf0dc14654ec0d7c98c31d4405254f6c17f4dcc28aec3c25f366e2
fgf2,321d1d98c2faddbb364d5b665a05daf530de9d52b9358a6b591f4f6946a3f077,masked_substitution,a00cf93524e673ff30af1bf8d5192a5cfedd2553b484b374839ea86fcd950a42,primary_parent,f2ae21e180b652bfebf3d5ddadc548e5a203bc160d1132ebb1cdf640bbc3b27f,guruprasad_instability_index,numeric,true,same_frozen_numeric_contract,minimize,index,29.246154,32.511538461538464,3.2653844615384635,-3.2653844615384635,true,768bd0ac35905b7aa0a8eef9318b205cf78966b9249d42c7dd2a9dbd732995d1
fgf2,321d1d98c2faddbb364d5b665a05daf530de9d52b9358a6b591f4f6946a3f077,masked_substitution,a00cf93524e673ff30af1bf8d5192a5cfedd2553b484b374839ea86fcd950a42,primary_parent,f2ae21e180b652bfebf3d5ddadc548e5a203bc160d1132ebb1cdf640bbc3b27f,hydrophobic_moment_eisenberg,numeric,false,audit_metric_has_no_monotonic_improvement_direction,audit,dimensionless,0.24330416982349223,0.23990400944224605,-0.0034001603812461867,,true,b38b6d2966f701056e47327d7e672a6cb93d259596213b0bd3bcc4a838d94ec4
fgf2,321d1d98c2faddbb364d5b665a05daf530de9d52b9358a6b591f4f6946a3f077,masked_substitution,a00cf93524e673ff30af1bf8d5192a5cfedd2553b484b374839ea86fcd950a42,primary_parent,f2ae21e180b652bfebf3d5ddadc548e5a203bc160d1132ebb1cdf640bbc3b27f,hydrophobic_ratio_modlamp,numeric,false,audit_metric_has_no_monotonic_improvement_direction,audit,fraction,0.07692307692307693,0.11538461538461539,0.038461538461538464,,true,8994ec8c778a318f2edc073cbc4d8082be36961160784ed29123d68807fd76fc
fgf2,321d1d98c2faddbb364d5b665a05daf530de9d52b9358a6b591f4f6946a3f077,masked_substitution,a00cf93524e673ff30af1bf8d5192a5cfedd2553b484b374839ea86fcd950a42,primary_parent,f2ae21e180b652bfebf3d5ddadc548e5a203bc160d1132ebb1cdf640bbc3b27f,llamp_log10_mic_um,numeric,true,same_frozen_numeric_contract,minimize,log10(uM),1.645182728767395,1.5686241388320923,-0.07655858993530273,0.07655858993530273,true,9893e2ff8f7cc4bb81154d44fd71e5e6ed9ed8427093a7ebd210fb3ea56382fc
fgf2,321d1d98c2faddbb364d5b665a05daf530de9d52b9358a6b591f4f6946a3f077,masked_substitution,a00cf93524e673ff30af1bf8d5192a5cfedd2553b484b374839ea86fcd950a42,primary_parent,f2ae21e180b652bfebf3d5ddadc548e5a203bc160d1132ebb1cdf640bbc3b27f,macrel_amp_probability,numeric,true,same_frozen_numeric_contract,maximize,probability,0.396,0.327,-0.069,-0.069,true,dcbb864097799b41f027f19c08a0dc9396c67c555bee33a98188157f96ca6754
fgf2,321d1d98c2faddbb364d5b665a05daf530de9d52b9358a6b591f4f6946a3f077,masked_substitution,a00cf93524e673ff30af1bf8d5192a5cfedd2553b484b374839ea86fcd950a42,primary_parent,f2ae21e180b652bfebf3d5ddadc548e5a203bc160d1132ebb1cdf640bbc3b27f,macrel_hemolysis_label,categorical,true,same_frozen_label_contract,audit,label,low,low,,,false,ca38f513f13c8f475d993715c93d91d5088ba48307ccc6aaa293d3619463227d
fgf2,321d1d98c2faddbb364d5b665a05daf530de9d52b9358a6b591f4f6946a3f077,masked_substitution,a00cf93524e673ff30af1bf8d5192a5cfedd2553b484b374839ea86fcd950a42,primary_parent,f2ae21e180b652bfebf3d5ddadc548e5a203bc160d1132ebb1cdf640bbc3b27f,macrel_hemolysis_probability,numeric,true,same_frozen_numeric_contract,minimize,probability,0.416,0.406,-0.009999999999999953,0.009999999999999953,true,bd17373b73fd391e8ccf13f99c7cfb8762483ec2ce80f755e3f50b88582eb4f3
fgf2,321d1d98c2faddbb364d5b665a05daf530de9d52b9358a6b591f4f6946a3f077,masked_substitution,a00cf93524e673ff30af1bf8d5192a5cfedd2553b484b374839ea86fcd950a42,primary_parent,f2ae21e180b652bfebf3d5ddadc548e5a203bc160d1132ebb1cdf640bbc3b27f,maximum_hydrophobic_run,numeric,true,same_frozen_numeric_contract,minimize,residues,1.0,1.0,0.0,-0.0,false,c4b6a5d9c303371c0e060f6f36cfbf0e9a8612f578b37a243da8fa9080e2ebed
fgf2,321d1d98c2faddbb364d5b665a05daf530de9d52b9358a6b591f4f6946a3f077,masked_substitution,a00cf93524e673ff30af1bf8d5192a5cfedd2553b484b374839ea86fcd950a42,primary_parent,f2ae21e180b652bfebf3d5ddadc548e5a203bc160d1132ebb1cdf640bbc3b27f,net_charge_ph7_4,numeric,false,audit_metric_has_no_monotonic_improvement_direction,audit,elementary_charge,7.985,7.985,0.0,,false,f12f9e81a9a82b2820a0453ab1ad59faf823ee34ce363eb462e1827d89de6c0a
fgf2,321d1d98c2faddbb364d5b665a05daf530de9d52b9358a6b591f4f6946a3f077,masked_substitution,a00cf93524e673ff30af1bf8d5192a5cfedd2553b484b374839ea86fcd950a42,primary_parent,f2ae21e180b652bfebf3d5ddadc548e5a203bc160d1132ebb1cdf640bbc3b27f,toxinpred3_hybrid_score,numeric,true,same_frozen_numeric_contract,minimize,dimensionless,0.0,0.0,0.0,-0.0,false,b64cea5e71173430c9e99987fee1c2e088f97ff53409c68e7807df41906cb02b
fgf2,321d1d98c2faddbb364d5b665a05daf530de9d52b9358a6b591f4f6946a3f077,masked_substitution,a00cf93524e673ff30af1bf8d5192a5cfedd2553b484b374839ea86fcd950a42,primary_parent,f2ae21e180b652bfebf3d5ddadc548e5a203bc160d1132ebb1cdf640bbc3b27f,toxinpred3_label,categorical,true,same_frozen_label_contract,audit,label,Non-Toxin,Non-Toxin,,,false,3bf3d54549d8ba359990adb6534dcfea5a520ac97974630863d226fb2fe9135e
fgf2,458ef729bf39bc48efa0b060cd0be703229825cb68bc749b3993631b1ea1474a,masked_substitution,9fd4d54a6d4d0161b692b7105501094b8d1ac62fd9322c9a31f25930405a5d79,primary_parent,f2ae21e180b652bfebf3d5ddadc548e5a203bc160d1132ebb1cdf640bbc3b27f,amp_read_log10_mic_um,numeric,true,same_frozen_numeric_contract,minimize,log10(uM),2.597941786798904,2.318281838267294,-0.2796599485316098,0.2796599485316098,true,961f69cf11997efa77e5dd9b577318cd35d87db1f8255e53bf083e99793bec87
fgf2,458ef729bf39bc48efa0b060cd0be703229825cb68bc749b3993631b1ea1474a,masked_substitution,9fd4d54a6d4d0161b692b7105501094b8d1ac62fd9322c9a31f25930405a5d79,primary_parent,f2ae21e180b652bfebf3d5ddadc548e5a203bc160d1132ebb1cdf640bbc3b27f,guruprasad_instability_index,numeric,true,same_frozen_numeric_contract,minimize,index,29.246154,29.24615384615385,-1.5384615181801564e-07,1.5384615181801564e-07,true,124ead445ec659e510dc8cfe45c382c2ed27443b8e7bc7176172cb48ea62d271
fgf2,458ef729bf39bc48efa0b060cd0be703229825cb68bc749b3993631b1ea1474a,masked_substitution,9fd4d54a6d4d0161b692b7105501094b8d1ac62fd9322c9a31f25930405a5d79,primary_parent,f2ae21e180b652bfebf3d5ddadc548e5a203bc160d1132ebb1cdf640bbc3b27f,hydrophobic_moment_eisenberg,numeric,false,audit_metric_has_no_monotonic_improvement_direction,audit,dimensionless,0.24330416982349223,0.22239985819680738,-0.02090431162668485,,true,830e1c83192baf56f5ce66c4ecc9c9d8fc07c12f78664a6df809b5d60486cf49
fgf2,458ef729bf39bc48efa0b060cd0be703229825cb68bc749b3993631b1ea1474a,masked_substitution,9fd4d54a6d4d0161b692b7105501094b8d1ac62fd9322c9a31f25930405a5d79,primary_parent,f2ae21e180b652bfebf3d5ddadc548e5a203bc160d1132ebb1cdf640bbc3b27f,hydrophobic_ratio_modlamp,numeric,false,audit_metric_has_no_monotonic_improvement_direction,audit,fraction,0.07692307692307693,0.11538461538461539,0.038461538461538464,,true,0d2066de7b00fc8b1ccb7d48909a614c2ebbdedde3126b6b1cda84beabba2a71
fgf2,458ef729bf39bc48efa0b060cd0be703229825cb68bc749b3993631b1ea1474a,masked_substitution,9fd4d54a6d4d0161b692b7105501094b8d1ac62fd9322c9a31f25930405a5d79,primary_parent,f2ae21e180b652bfebf3d5ddadc548e5a203bc160d1132ebb1cdf640bbc3b27f,llamp_log10_mic_um,numeric,true,same_frozen_numeric_contract,minimize,log10(uM),1.645182728767395,1.4847339391708374,-0.16044878959655762,0.16044878959655762,true,70704c5daa0471e7af2a62475d61531907a9b0324faf6e25aedefb8cf09cbf43
fgf2,458ef729bf39bc48efa0b060cd0be703229825cb68bc749b3993631b1ea1474a,masked_substitution,9fd4d54a6d4d0161b692b7105501094b8d1ac62fd9322c9a31f25930405a5d79,primary_parent,f2ae21e180b652bfebf3d5ddadc548e5a203bc160d1132ebb1cdf640bbc3b27f,macrel_amp_probability,numeric,true,same_frozen_numeric_contract,maximize,probability,0.396,0.347,-0.049000000000000044,-0.049000000000000044,true,2224b1b648750052cc7948e8ee7325d9764a8bdd4984e6893f77c471ed8bf5a2
fgf2,458ef729bf39bc48efa0b060cd0be703229825cb68bc749b3993631b1ea1474a,masked_substitution,9fd4d54a6d4d0161b692b7105501094b8d1ac62fd9322c9a31f25930405a5d79,primary_parent,f2ae21e180b652bfebf3d5ddadc548e5a203bc160d1132ebb1cdf640bbc3b27f,macrel_hemolysis_label,categorical,true,same_frozen_label_contract,audit,label,low,low,,,false,254c1efa71e2d8138919962e41b9e28df072d6476497e397ac23b31f8264dd18
fgf2,458ef729bf39bc48efa0b060cd0be703229825cb68bc749b3993631b1ea1474a,masked_substitution,9fd4d54a6d4d0161b692b7105501094b8d1ac62fd9322c9a31f25930405a5d79,primary_parent,f2ae21e180b652bfebf3d5ddadc548e5a203bc160d1132ebb1cdf640bbc3b27f,macrel_hemolysis_probability,numeric,true,same_frozen_numeric_contract,minimize,probability,0.416,0.436,0.020000000000000018,-0.020000000000000018,true,4f710d4182184ad89a8493b0f039e3f11c7553ae92406dbc27d317f21525eced
fgf2,458ef729bf39bc48efa0b060cd0be703229825cb68bc749b3993631b1ea1474a,masked_substitution,9fd4d54a6d4d0161b692b7105501094b8d1ac62fd9322c9a31f25930405a5d79,primary_parent,f2ae21e180b652bfebf3d5ddadc548e5a203bc160d1132ebb1cdf640bbc3b27f,maximum_hydrophobic_run,numeric,true,same_frozen_numeric_contract,minimize,residues,1.0,1.0,0.0,-0.0,false,97652a29563813b91ec3bf199eb5e02332a63ee2258bc8d2ea715fc0bbd713b7
fgf2,458ef729bf39bc48efa0b060cd0be703229825cb68bc749b3993631b1ea1474a,masked_substitution,9fd4d54a6d4d0161b692b7105501094b8d1ac62fd9322c9a31f25930405a5d79,primary_parent,f2ae21e180b652bfebf3d5ddadc548e5a203bc160d1132ebb1cdf640bbc3b27f,net_charge_ph7_4,numeric,false,audit_metric_has_no_monotonic_improvement_direction,audit,elementary_charge,7.985,7.985,0.0,,false,0577db845dc5590b7c18c265ea880b6fe78a22b5e10e5cb01e1743e30a235e62
fgf2,458ef729bf39bc48efa0b060cd0be703229825cb68bc749b3993631b1ea1474a,masked_substitution,9fd4d54a6d4d0161b692b7105501094b8d1ac62fd9322c9a31f25930405a5d79,primary_parent,f2ae21e180b652bfebf3d5ddadc548e5a203bc160d1132ebb1cdf640bbc3b27f,toxinpred3_hybrid_score,numeric,true,same_frozen_numeric_contract,minimize,dimensionless,0.0,0.0,0.0,-0.0,false,32fc8d9a748cb63f75c8e94a18f228c86ab7ab8f82dbe042d2e2512bec3f87c2
fgf2,458ef729bf39bc48efa0b060cd0be703229825cb68bc749b3993631b1ea1474a,masked_substitution,9fd4d54a6d4d0161b692b7105501094b8d1ac62fd9322c9a31f25930405a5d79,primary_parent,f2ae21e180b652bfebf3d5ddadc548e5a203bc160d1132ebb1cdf640bbc3b27f,toxinpred3_label,categorical,true,same_frozen_label_contract,audit,label,Non-Toxin,Non-Toxin,,,false,e4da5bf3020060fb619f639439b56282b3b87dae5838a622bd60e30548bad26a
fgf2,fdadc8440644b1ca34c06aa6cdefbff5d068c98d0dcbc7828e4a77dba8ab43c5,masked_substitution,e7fc43c3c43b631fc287bd1ee78aec38c9f3235d0a32275615c3bb319c6be97a,primary_parent,f2ae21e180b652bfebf3d5ddadc548e5a203bc160d1132ebb1cdf640bbc3b27f,amp_read_log10_mic_um,numeric,true,same_frozen_numeric_contract,minimize,log10(uM),2.597941786798904,2.3723147719636586,-0.22562701483524528,0.22562701483524528,true,e23abad667b40302a25f44ef0b8384b88bb64046215aa508af8bdb92ead5c34c
fgf2,fdadc8440644b1ca34c06aa6cdefbff5d068c98d0dcbc7828e4a77dba8ab43c5,masked_substitution,e7fc43c3c43b631fc287bd1ee78aec38c9f3235d0a32275615c3bb319c6be97a,primary_parent,f2ae21e180b652bfebf3d5ddadc548e5a203bc160d1132ebb1cdf640bbc3b27f,guruprasad_instability_index,numeric,true,same_frozen_numeric_contract,minimize,index,29.246154,36.65384615384616,7.40769215384616,-7.40769215384616,true,07642a78211aa079c1d04980428ee16a8fa00a4dc8f54aac77f944be48dc9949
fgf2,fdadc8440644b1ca34c06aa6cdefbff5d068c98d0dcbc7828e4a77dba8ab43c5,masked_substitution,e7fc43c3c43b631fc287bd1ee78aec38c9f3235d0a32275615c3bb319c6be97a,primary_parent,f2ae21e180b652bfebf3d5ddadc548e5a203bc160d1132ebb1cdf640bbc3b27f,hydrophobic_moment_eisenberg,numeric,false,audit_metric_has_no_monotonic_improvement_direction,audit,dimensionless,0.24330416982349223,0.22882543117319398,-0.01447873865029825,,true,18f14950c87d914fe2f0e78609b948a18823a47b42a0f1f794add744b4d1a051
fgf2,fdadc8440644b1ca34c06aa6cdefbff5d068c98d0dcbc7828e4a77dba8ab43c5,masked_substitution,e7fc43c3c43b631fc287bd1ee78aec38c9f3235d0a32275615c3bb319c6be97a,primary_parent,f2ae21e180b652bfebf3d5ddadc548e5a203bc160d1132ebb1cdf640bbc3b27f,hydrophobic_ratio_modlamp,numeric,false,audit_metric_has_no_monotonic_improvement_direction,audit,fraction,0.07692307692307693,0.11538461538461539,0.038461538461538464,,true,1dc47578b6f7f138785d10d880e7dbab13db73634e63751a2c7733e3891ef084
fgf2,fdadc8440644b1ca34c06aa6cdefbff5d068c98d0dcbc7828e4a77dba8ab43c5,masked_substitution,e7fc43c3c43b631fc287bd1ee78aec38c9f3235d0a32275615c3bb319c6be97a,primary_parent,f2ae21e180b652bfebf3d5ddadc548e5a203bc160d1132ebb1cdf640bbc3b27f,llamp_log10_mic_um,numeric,true,same_frozen_numeric_contract,minimize,log10(uM),1.645182728767395,1.518034815788269,-0.12714791297912598,0.12714791297912598,true,df0f9594aa86eb1508e8a2f9bc39c3efff3bd3928ce223b5de03607546eb461d
fgf2,fdadc8440644b1ca34c06aa6cdefbff5d068c98d0dcbc7828e4a77dba8ab43c5,masked_substitution,e7fc43c3c43b631fc287bd1ee78aec38c9f3235d0a32275615c3bb319c6be97a,primary_parent,f2ae21e180b652bfebf3d5ddadc548e5a203bc160d1132ebb1cdf640bbc3b27f,macrel_amp_probability,numeric,true,same_frozen_numeric_contract,maximize,probability,0.396,0.337,-0.059,-0.059,true,a1590d4bd1b392ecad1e5f45481ac5e9e7fc3dad5ad7d7ca98d5207680c0e8b7
fgf2,fdadc8440644b1ca34c06aa6cdefbff5d068c98d0dcbc7828e4a77dba8ab43c5,masked_substitution,e7fc43c3c43b631fc287bd1ee78aec38c9f3235d0a32275615c3bb319c6be97a,primary_parent,f2ae21e180b652bfebf3d5ddadc548e5a203bc160d1132ebb1cdf640bbc3b27f,macrel_hemolysis_label,categorical,true,same_frozen_label_contract,audit,label,low,low,,,false,270206ae89b36d06a4a7709302138d5e47d34e10c5b4f7c3c8e3dba361dfb733
fgf2,fdadc8440644b1ca34c06aa6cdefbff5d068c98d0dcbc7828e4a77dba8ab43c5,masked_substitution,e7fc43c3c43b631fc287bd1ee78aec38c9f3235d0a32275615c3bb319c6be97a,primary_parent,f2ae21e180b652bfebf3d5ddadc548e5a203bc160d1132ebb1cdf640bbc3b27f,macrel_hemolysis_probability,numeric,true,same_frozen_numeric_contract,minimize,probability,0.416,0.455,0.039000000000000035,-0.039000000000000035,true,93964d50cd655856a967707b5d3f278fbd0bad473a9c5126ace2bf40643a4687
fgf2,fdadc8440644b1ca34c06aa6cdefbff5d068c98d0dcbc7828e4a77dba8ab43c5,masked_substitution,e7fc43c3c43b631fc287bd1ee78aec38c9f3235d0a32275615c3bb319c6be97a,primary_parent,f2ae21e180b652bfebf3d5ddadc548e5a203bc160d1132ebb1cdf640bbc3b27f,maximum_hydrophobic_run,numeric,true,same_frozen_numeric_contract,minimize,residues,1.0,1.0,0.0,-0.0,false,b3554c156a4dd73e425dd5023ac74c0ededbcbe8a1c81cab348aeb61f099c2a8
fgf2,fdadc8440644b1ca34c06aa6cdefbff5d068c98d0dcbc7828e4a77dba8ab43c5,masked_substitution,e7fc43c3c43b631fc287bd1ee78aec38c9f3235d0a32275615c3bb319c6be97a,primary_parent,f2ae21e180b652bfebf3d5ddadc548e5a203bc160d1132ebb1cdf640bbc3b27f,net_charge_ph7_4,numeric,false,audit_metric_has_no_monotonic_improvement_direction,audit,elementary_charge,7.985,7.985,0.0,,false,ddad26717a427ba5a4390eb014383dcb44056e1e22150c2c4b5785e2f2597e7e
fgf2,fdadc8440644b1ca34c06aa6cdefbff5d068c98d0dcbc7828e4a77dba8ab43c5,masked_substitution,e7fc43c3c43b631fc287bd1ee78aec38c9f3235d0a32275615c3bb319c6be97a,primary_parent,f2ae21e180b652bfebf3d5ddadc548e5a203bc160d1132ebb1cdf640bbc3b27f,toxinpred3_hybrid_score,numeric,true,same_frozen_numeric_contract,minimize,dimensionless,0.0,0.0,0.0,-0.0,false,d28d082078031385e2fc2f032e058572f79dd270581dd25bb6ce9c69e9630d14
fgf2,fdadc8440644b1ca34c06aa6cdefbff5d068c98d0dcbc7828e4a77dba8ab43c5,masked_substitution,e7fc43c3c43b631fc287bd1ee78aec38c9f3235d0a32275615c3bb319c6be97a,primary_parent,f2ae21e180b652bfebf3d5ddadc548e5a203bc160d1132ebb1cdf640bbc3b27f,toxinpred3_label,categorical,true,same_frozen_label_contract,audit,label,Non-Toxin,Non-Toxin,,,false,b1f2f717764376220aedbebfc3fdabe483d7ac73eabf3a8c863de7fb0ff82deb
fgf2,11d81c04c2b5afee17d93d9c4662ec5a901b8ab97cf4e78e7f59ef2f5eed0191,masked_substitution,6905091c35a7af196d2667a2e63690dab3d0f818e262f9ec1633d0b96e9b57fa,primary_parent,f2ae21e180b652bfebf3d5ddadc548e5a203bc160d1132ebb1cdf640bbc3b27f,amp_read_log10_mic_um,numeric,true,same_frozen_numeric_contract,minimize,log10(uM),2.597941786798904,2.3389348053606795,-0.2590069814382243,0.2590069814382243,true,365e459f7d3eb5acbce8038cafdf98628cdd6a5c222e7d17d9dd3f1b20cbf493
fgf2,11d81c04c2b5afee17d93d9c4662ec5a901b8ab97cf4e78e7f59ef2f5eed0191,masked_substitution,6905091c35a7af196d2667a2e63690dab3d0f818e262f9ec1633d0b96e9b57fa,primary_parent,f2ae21e180b652bfebf3d5ddadc548e5a203bc160d1132ebb1cdf640bbc3b27f,guruprasad_instability_index,numeric,true,same_frozen_numeric_contract,minimize,index,29.246154,29.24615384615385,-1.5384615181801564e-07,1.5384615181801564e-07,true,507bcd98a0900de3f8f11fae53b95427c7f79bfec8eabbf05e6c7a52a8cf8e78
fgf2,11d81c04c2b5afee17d93d9c4662ec5a901b8ab97cf4e78e7f59ef2f5eed0191,masked_substitution,6905091c35a7af196d2667a2e63690dab3d0f818e262f9ec1633d0b96e9b57fa,primary_parent,f2ae21e180b652bfebf3d5ddadc548e5a203bc160d1132ebb1cdf640bbc3b27f,hydrophobic_moment_eisenberg,numeric,false,audit_metric_has_no_monotonic_improvement_direction,audit,dimensionless,0.24330416982349223,0.22882543117319398,-0.01447873865029825,,true,9671a21888b1dc36388025022b71cf9726a666bec2b5ac819256fd44a287fe4a
fgf2,11d81c04c2b5afee17d93d9c4662ec5a901b8ab97cf4e78e7f59ef2f5eed0191,masked_substitution,6905091c35a7af196d2667a2e63690dab3d0f818e262f9ec1633d0b96e9b57fa,primary_parent,f2ae21e180b652bfebf3d5ddadc548e5a203bc160d1132ebb1cdf640bbc3b27f,hydrophobic_ratio_modlamp,numeric,false,audit_metric_has_no_monotonic_improvement_direction,audit,fraction,0.07692307692307693,0.11538461538461539,0.038461538461538464,,true,49e2eee920da17ad2a8180d10e4ef4a04c5ff8b682c3dff506f4ab3e05878a91
fgf2,11d81c04c2b5afee17d93d9c4662ec5a901b8ab97cf4e78e7f59ef2f5eed0191,masked_substitution,6905091c35a7af196d2667a2e63690dab3d0f818e262f9ec1633d0b96e9b57fa,primary_parent,f2ae21e180b652bfebf3d5ddadc548e5a203bc160d1132ebb1cdf640bbc3b27f,llamp_log10_mic_um,numeric,true,same_frozen_numeric_contract,minimize,log10(uM),1.645182728767395,1.6640758514404297,0.018893122673034668,-0.018893122673034668,true,bc89b9cd8f1d011080ff982fd86b27f782c162f57d2ccacebf574e7b6afcf269
fgf2,11d81c04c2b5afee17d93d9c4662ec5a901b8ab97cf4e78e7f59ef2f5eed0191,masked_substitution,6905091c35a7af196d2667a2e63690dab3d0f818e262f9ec1633d0b96e9b57fa,primary_parent,f2ae21e180b652bfebf3d5ddadc548e5a203bc160d1132ebb1cdf640bbc3b27f,macrel_amp_probability,numeric,true,same_frozen_numeric_contract,maximize,probability,0.396,0.307,-0.08900000000000002,-0.08900000000000002,true,c88f4958a967b468147cd668e8525fd4856efdfe4ffffab2822be37d0db7e0d9
fgf2,11d81c04c2b5afee17d93d9c4662ec5a901b8ab97cf4e78e7f59ef2f5eed0191,masked_substitution,6905091c35a7af196d2667a2e63690dab3d0f818e262f9ec1633d0b96e9b57fa,primary_parent,f2ae21e180b652bfebf3d5ddadc548e5a203bc160d1132ebb1cdf640bbc3b27f,macrel_hemolysis_label,categorical,true,same_frozen_label_contract,audit,label,low,low,,,false,6e2ee70328c6d51a7a3571b9cd4b2905f809a36b4e4ce3a65e0a7b0a371cdbb4
fgf2,11d81c04c2b5afee17d93d9c4662ec5a901b8ab97cf4e78e7f59ef2f5eed0191,masked_substitution,6905091c35a7af196d2667a2e63690dab3d0f818e262f9ec1633d0b96e9b57fa,primary_parent,f2ae21e180b652bfebf3d5ddadc548e5a203bc160d1132ebb1cdf640bbc3b27f,macrel_hemolysis_probability,numeric,true,same_frozen_numeric_contract,minimize,probability,0.416,0.416,0.0,-0.0,false,70f71eec89613a976923fa6575c14fd47144364c65a810dc92ee6debdd7f0422
fgf2,11d81c04c2b5afee17d93d9c4662ec5a901b8ab97cf4e78e7f59ef2f5eed0191,masked_substitution,6905091c35a7af196d2667a2e63690dab3d0f818e262f9ec1633d0b96e9b57fa,primary_parent,f2ae21e180b652bfebf3d5ddadc548e5a203bc160d1132ebb1cdf640bbc3b27f,maximum_hydrophobic_run,numeric,true,same_frozen_numeric_contract,minimize,residues,1.0,1.0,0.0,-0.0,false,b30bf9acf147b423b7c176d2cff1ad0bd2fe41fcb8feff502d94437fee7cd612
fgf2,11d81c04c2b5afee17d93d9c4662ec5a901b8ab97cf4e78e7f59ef2f5eed0191,masked_substitution,6905091c35a7af196d2667a2e63690dab3d0f818e262f9ec1633d0b96e9b57fa,primary_parent,f2ae21e180b652bfebf3d5ddadc548e5a203bc160d1132ebb1cdf640bbc3b27f,net_charge_ph7_4,numeric,false,audit_metric_has_no_monotonic_improvement_direction,audit,elementary_charge,7.985,7.985,0.0,,false,abb2ad96f9b4563ada76effebb4612dcc3804379865a8b761161d783df1cf38d
fgf2,11d81c04c2b5afee17d93d9c4662ec5a901b8ab97cf4e78e7f59ef2f5eed0191,masked_substitution,6905091c35a7af196d2667a2e63690dab3d0f818e262f9ec1633d0b96e9b57fa,primary_parent,f2ae21e180b652bfebf3d5ddadc548e5a203bc160d1132ebb1cdf640bbc3b27f,toxinpred3_hybrid_score,numeric,true,same_frozen_numeric_contract,minimize,dimensionless,0.0,0.0,0.0,-0.0,false,6d7bcc2241a970da8a884d7f15e40b055f1e422f605d211bebbdd71921f77ee8
fgf2,11d81c04c2b5afee17d93d9c4662ec5a901b8ab97cf4e78e7f59ef2f5eed0191,masked_substitution,6905091c35a7af196d2667a2e63690dab3d0f818e262f9ec1633d0b96e9b57fa,primary_parent,f2ae21e180b652bfebf3d5ddadc548e5a203bc160d1132ebb1cdf640bbc3b27f,toxinpred3_label,categorical,true,same_frozen_label_contract,audit,label,Non-Toxin,Non-Toxin,,,false,7afbf13261c82198c3b249dfd115e997456ba8682c1f8919d900bfbcdc8feee4
fgf2,4a8d2b27e03042fc90211e48de1ca812aefc4861249a4ec6b49d60aa9b579032,masked_substitution,d4f34737c372118863280b3e30d87f7376616be0d2e2dddf5434be45b9ec95a7,primary_parent,f2ae21e180b652bfebf3d5ddadc548e5a203bc160d1132ebb1cdf640bbc3b27f,amp_read_log10_mic_um,numeric,true,same_frozen_numeric_contract,minimize,log10(uM),2.597941786798904,2.3204861252733506,-0.27745566152555323,0.27745566152555323,true,6f2a948a289a6c81122940285e388a82cb6a911a780fcf5be7beb15cb436fd31
fgf2,4a8d2b27e03042fc90211e48de1ca812aefc4861249a4ec6b49d60aa9b579032,masked_substitution,d4f34737c372118863280b3e30d87f7376616be0d2e2dddf5434be45b9ec95a7,primary_parent,f2ae21e180b652bfebf3d5ddadc548e5a203bc160d1132ebb1cdf640bbc3b27f,guruprasad_instability_index,numeric,true,same_frozen_numeric_contract,minimize,index,29.246154,32.511538461538464,3.2653844615384635,-3.2653844615384635,true,223d776f267de8b67feece2500c24305c77d82e6065c82c11511a255ed7523e1
fgf2,4a8d2b27e03042fc90211e48de1ca812aefc4861249a4ec6b49d60aa9b579032,masked_substitution,d4f34737c372118863280b3e30d87f7376616be0d2e2dddf5434be45b9ec95a7,primary_parent,f2ae21e180b652bfebf3d5ddadc548e5a203bc160d1132ebb1cdf640bbc3b27f,hydrophobic_moment_eisenberg,numeric,false,audit_metric_has_no_monotonic_improvement_direction,audit,dimensionless,0.24330416982349223,0.22663854881926465,-0.016665621004227582,,true,80429ae1f322096bde81595bb3fde0484c0638a109eb91da14a62ed7d1c879fd
fgf2,4a8d2b27e03042fc90211e48de1ca812aefc4861249a4ec6b49d60aa9b579032,masked_substitution,d4f34737c372118863280b3e30d87f7376616be0d2e2dddf5434be45b9ec95a7,primary_parent,f2ae21e180b652bfebf3d5ddadc548e5a203bc160d1132ebb1cdf640bbc3b27f,hydrophobic_ratio_modlamp,numeric,false,audit_metric_has_no_monotonic_improvement_direction,audit,fraction,0.07692307692307693,0.11538461538461539,0.038461538461538464,,true,58c40e6eff3d475feca493fe1d9aefae8a149be1bfe498aada9c40d74d1271ee
fgf2,4a8d2b27e03042fc90211e48de1ca812aefc4861249a4ec6b49d60aa9b579032,masked_substitution,d4f34737c372118863280b3e30d87f7376616be0d2e2dddf5434be45b9ec95a7,primary_parent,f2ae21e180b652bfebf3d5ddadc548e5a203bc160d1132ebb1cdf640bbc3b27f,llamp_log10_mic_um,numeric,true,same_frozen_numeric_contract,minimize,log10(uM),1.645182728767395,1.4298993349075317,-0.21528339385986328,0.21528339385986328,true,57f70ff697df1597ba7fad03f774d75aec3de13fcd7a1df3241f769dbe14a8a7
fgf2,4a8d2b27e03042fc90211e48de1ca812aefc4861249a4ec6b49d60aa9b579032,masked_substitution,d4f34737c372118863280b3e30d87f7376616be0d2e2dddf5434be45b9ec95a7,primary_parent,f2ae21e180b652bfebf3d5ddadc548e5a203bc160d1132ebb1cdf640bbc3b27f,macrel_amp_probability,numeric,true,same_frozen_numeric_contract,maximize,probability,0.396,0.396,0.0,0.0,false,60c32a18f784b14aa91f530405d6b47e5a8ca7ce40c609d02fe9b150a66b3e15
fgf2,4a8d2b27e03042fc90211e48de1ca812aefc4861249a4ec6b49d60aa9b579032,masked_substitution,d4f34737c372118863280b3e30d87f7376616be0d2e2dddf5434be45b9ec95a7,primary_parent,f2ae21e180b652bfebf3d5ddadc548e5a203bc160d1132ebb1cdf640bbc3b27f,macrel_hemolysis_label,categorical,true,same_frozen_label_contract,audit,label,low,low,,,false,5859b9d3fd4ffa4f8e5b8fa3bd710bf9f9fbe101d74ce67d2cdc2e10b1a1bc50
fgf2,4a8d2b27e03042fc90211e48de1ca812aefc4861249a4ec6b49d60aa9b579032,masked_substitution,d4f34737c372118863280b3e30d87f7376616be0d2e2dddf5434be45b9ec95a7,primary_parent,f2ae21e180b652bfebf3d5ddadc548e5a203bc160d1132ebb1cdf640bbc3b27f,macrel_hemolysis_probability,numeric,true,same_frozen_numeric_contract,minimize,probability,0.416,0.485,0.069,-0.069,true,0d2ca7ea5c5a6268312d2d56997048cd415d960c01272f4ecc9cfc9fcd22a144
fgf2,4a8d2b27e03042fc90211e48de1ca812aefc4861249a4ec6b49d60aa9b579032,masked_substitution,d4f34737c372118863280b3e30d87f7376616be0d2e2dddf5434be45b9ec95a7,primary_parent,f2ae21e180b652bfebf3d5ddadc548e5a203bc160d1132ebb1cdf640bbc3b27f,maximum_hydrophobic_run,numeric,true,same_frozen_numeric_contract,minimize,residues,1.0,1.0,0.0,-0.0,false,274cb49b172a9865a096df4e836fe4cc58baeb94dab064b819c9dcd10cb99e34
fgf2,4a8d2b27e03042fc90211e48de1ca812aefc4861249a4ec6b49d60aa9b579032,masked_substitution,d4f34737c372118863280b3e30d87f7376616be0d2e2dddf5434be45b9ec95a7,primary_parent,f2ae21e180b652bfebf3d5ddadc548e5a203bc160d1132ebb1cdf640bbc3b27f,net_charge_ph7_4,numeric,false,audit_metric_has_no_monotonic_improvement_direction,audit,elementary_charge,7.985,7.985,0.0,,false,01914d23e48fe987cfcb7890e5af925f6f5448389ddbbddff59239dfe3feaddc
fgf2,4a8d2b27e03042fc90211e48de1ca812aefc4861249a4ec6b49d60aa9b579032,masked_substitution,d4f34737c372118863280b3e30d87f7376616be0d2e2dddf5434be45b9ec95a7,primary_parent,f2ae21e180b652bfebf3d5ddadc548e5a203bc160d1132ebb1cdf640bbc3b27f,toxinpred3_hybrid_score,numeric,true,same_frozen_numeric_contract,minimize,dimensionless,0.0,0.0,0.0,-0.0,false,ab3ec7b08a4b46157d6d1d32f2239b60e5f92ffbc482ac40686560a66b4cb9e2
fgf2,4a8d2b27e03042fc90211e48de1ca812aefc4861249a4ec6b49d60aa9b579032,masked_substitution,d4f34737c372118863280b3e30d87f7376616be0d2e2dddf5434be45b9ec95a7,primary_parent,f2ae21e180b652bfebf3d5ddadc548e5a203bc160d1132ebb1cdf640bbc3b27f,toxinpred3_label,categorical,true,same_frozen_label_contract,audit,label,Non-Toxin,Non-Toxin,,,false,c8057402ba20f6886dc91cf3a8f1a31e78ffcd20adf17e50d6b4892e7fff9447
fgf2,614f17402a920b752ae0ee55ceb019aa10cdd85483784c806759ea040a823f81,masked_substitution,af6e6f6060a1dd47b2ce4a67e05fb5a1cc42284fdb65f6b5cad94a890e107942,primary_parent,f2ae21e180b652bfebf3d5ddadc548e5a203bc160d1132ebb1cdf640bbc3b27f,amp_read_log10_mic_um,numeric,true,same_frozen_numeric_contract,minimize,log10(uM),2.597941786798904,2.333361501030072,-0.26458028576883175,0.26458028576883175,true,ce58b6730bb10d02150010496e549d72e71b39e0285e23589a0189bef6909221
fgf2,614f17402a920b752ae0ee55ceb019aa10cdd85483784c806759ea040a823f81,masked_substitution,af6e6f6060a1dd47b2ce4a67e05fb5a1cc42284fdb65f6b5cad94a890e107942,primary_parent,f2ae21e180b652bfebf3d5ddadc548e5a203bc160d1132ebb1cdf640bbc3b27f,guruprasad_instability_index,numeric,true,same_frozen_numeric_contract,minimize,index,29.246154,32.511538461538464,3.2653844615384635,-3.2653844615384635,true,0b19677749258b745dbc6433484407fd8de6d50027046eb3872c748211e884cb
fgf2,614f17402a920b752ae0ee55ceb019aa10cdd85483784c806759ea040a823f81,masked_substitution,af6e6f6060a1dd47b2ce4a67e05fb5a1cc42284fdb65f6b5cad94a890e107942,primary_parent,f2ae21e180b652bfebf3d5ddadc548e5a203bc160d1132ebb1cdf640bbc3b27f,hydrophobic_moment_eisenberg,numeric,false,audit_metric_has_no_monotonic_improvement_direction,audit,dimensionless,0.24330416982349223,0.2354079851065466,-0.007896184716945642,,true,c4f6c32b7efd2044f7aa1c5d1bc81ec951f4b24c75e882866ffe4e809eb2281c
fgf2,614f17402a920b752ae0ee55ceb019aa10cdd85483784c806759ea040a823f81,masked_substitution,af6e6f6060a1dd47b2ce4a67e05fb5a1cc42284fdb65f6b5cad94a890e107942,primary_parent,f2ae21e180b652bfebf3d5ddadc548e5a203bc160d1132ebb1cdf640bbc3b27f,hydrophobic_ratio_modlamp,numeric,false,audit_metric_has_no_monotonic_improvement_direction,audit,fraction,0.07692307692307693,0.07692307692307693,0.0,,false,bebe303c9555282919c3f791541f822977a7055be43aca7143f5e6180ac37589
fgf2,614f17402a920b752ae0ee55ceb019aa10cdd85483784c806759ea040a823f81,masked_substitution,af6e6f6060a1dd47b2ce4a67e05fb5a1cc42284fdb65f6b5cad94a890e107942,primary_parent,f2ae21e180b652bfebf3d5ddadc548e5a203bc160d1132ebb1cdf640bbc3b27f,llamp_log10_mic_um,numeric,true,same_frozen_numeric_contract,minimize,log10(uM),1.645182728767395,1.4591315984725952,-0.1860511302947998,0.1860511302947998,true,af4402ca34f604d84b935a69a5ac3cd7b8ba81eaef46db8a6daac079d0b27b72
fgf2,614f17402a920b752ae0ee55ceb019aa10cdd85483784c806759ea040a823f81,masked_substitution,af6e6f6060a1dd47b2ce4a67e05fb5a1cc42284fdb65f6b5cad94a890e107942,primary_parent,f2ae21e180b652bfebf3d5ddadc548e5a203bc160d1132ebb1cdf640bbc3b27f,macrel_amp_probability,numeric,true,same_frozen_numeric_contract,maximize,probability,0.396,0.406,0.010000000000000009,0.010000000000000009,true,ea051d218dead9772305c27de4db754bf132c75ce861abe19e40da8039cbccf6
fgf2,614f17402a920b752ae0ee55ceb019aa10cdd85483784c806759ea040a823f81,masked_substitution,af6e6f6060a1dd47b2ce4a67e05fb5a1cc42284fdb65f6b5cad94a890e107942,primary_parent,f2ae21e180b652bfebf3d5ddadc548e5a203bc160d1132ebb1cdf640bbc3b27f,macrel_hemolysis_label,categorical,true,same_frozen_label_contract,audit,label,low,low,,,false,ecc50a7ce1ec66a8d48da364bed4f532ac519e27ef4aec9b609f220736132406
fgf2,614f17402a920b752ae0ee55ceb019aa10cdd85483784c806759ea040a823f81,masked_substitution,af6e6f6060a1dd47b2ce4a67e05fb5a1cc42284fdb65f6b5cad94a890e107942,primary_parent,f2ae21e180b652bfebf3d5ddadc548e5a203bc160d1132ebb1cdf640bbc3b27f,macrel_hemolysis_probability,numeric,true,same_frozen_numeric_contract,minimize,probability,0.416,0.485,0.069,-0.069,true,8395cd719c964ddb9893159700d400a2cd5cf4364e56d4e8496143dd2731c2c0
fgf2,614f17402a920b752ae0ee55ceb019aa10cdd85483784c806759ea040a823f81,masked_substitution,af6e6f6060a1dd47b2ce4a67e05fb5a1cc42284fdb65f6b5cad94a890e107942,primary_parent,f2ae21e180b652bfebf3d5ddadc548e5a203bc160d1132ebb1cdf640bbc3b27f,maximum_hydrophobic_run,numeric,true,same_frozen_numeric_contract,minimize,residues,1.0,1.0,0.0,-0.0,false,37849f8914247fcb981c5a422a0c1931d42b939a03c1c2de259623caa3dabbba
fgf2,614f17402a920b752ae0ee55ceb019aa10cdd85483784c806759ea040a823f81,masked_substitution,af6e6f6060a1dd47b2ce4a67e05fb5a1cc42284fdb65f6b5cad94a890e107942,primary_parent,f2ae21e180b652bfebf3d5ddadc548e5a203bc160d1132ebb1cdf640bbc3b27f,net_charge_ph7_4,numeric,false,audit_metric_has_no_monotonic_improvement_direction,audit,elementary_charge,7.985,7.985,0.0,,false,6425ca9beac7dbbfcddc1218ecee06917cb66692fc9b7311fc0d5012b5370eac
fgf2,614f17402a920b752ae0ee55ceb019aa10cdd85483784c806759ea040a823f81,masked_substitution,af6e6f6060a1dd47b2ce4a67e05fb5a1cc42284fdb65f6b5cad94a890e107942,primary_parent,f2ae21e180b652bfebf3d5ddadc548e5a203bc160d1132ebb1cdf640bbc3b27f,toxinpred3_hybrid_score,numeric,true,same_frozen_numeric_contract,minimize,dimensionless,0.0,0.0,0.0,-0.0,false,d1288503f48a9410f0ab138648d94e043ee5f484f2da4e4e796df66ee4715714
fgf2,614f17402a920b752ae0ee55ceb019aa10cdd85483784c806759ea040a823f81,masked_substitution,af6e6f6060a1dd47b2ce4a67e05fb5a1cc42284fdb65f6b5cad94a890e107942,primary_parent,f2ae21e180b652bfebf3d5ddadc548e5a203bc160d1132ebb1cdf640bbc3b27f,toxinpred3_label,categorical,true,same_frozen_label_contract,audit,label,Non-Toxin,Non-Toxin,,,false,16d93e2e753568258ea5266f56fb9aa0139b532c35e896a16a77dd4136f9dfdf
fgf2,b514ee4c612b79cb1316ade39ae33c6530d1105251644dd34ad971d5928f3390,masked_substitution,6af00e077b9a5efeb4c3a3cd77b8e70ccb58c5792dce0a916ff5b8dc42c7b54f,primary_parent,f2ae21e180b652bfebf3d5ddadc548e5a203bc160d1132ebb1cdf640bbc3b27f,amp_read_log10_mic_um,numeric,true,same_frozen_numeric_contract,minimize,log10(uM),2.597941786798904,2.373810025129347,-0.22413176166955706,0.22413176166955706,true,91102d75940fbc0e0d940182ffcb3ee34dfce8e55bba414b7c8429485c77d40f
fgf2,b514ee4c612b79cb1316ade39ae33c6530d1105251644dd34ad971d5928f3390,masked_substitution,6af00e077b9a5efeb4c3a3cd77b8e70ccb58c5792dce0a916ff5b8dc42c7b54f,primary_parent,f2ae21e180b652bfebf3d5ddadc548e5a203bc160d1132ebb1cdf640bbc3b27f,guruprasad_instability_index,numeric,true,same_frozen_numeric_contract,minimize,index,29.246154,26.00769230769231,-3.238461692307691,3.238461692307691,true,64c913f595630bc245e4468f6311d44c63db71c99a7e8535aa0b484af0de4c70
fgf2,b514ee4c612b79cb1316ade39ae33c6530d1105251644dd34ad971d5928f3390,masked_substitution,6af00e077b9a5efeb4c3a3cd77b8e70ccb58c5792dce0a916ff5b8dc42c7b54f,primary_parent,f2ae21e180b652bfebf3d5ddadc548e5a203bc160d1132ebb1cdf640bbc3b27f,hydrophobic_moment_eisenberg,numeric,false,audit_metric_has_no_monotonic_improvement_direction,audit,dimensionless,0.24330416982349223,0.24878889217712702,0.0054847223536347856,,true,c1a46af14945827f2b68f054a29a580b8b496c29b688e4e214d0474cb409bb3e
fgf2,b514ee4c612b79cb1316ade39ae33c6530d1105251644dd34ad971d5928f3390,masked_substitution,6af00e077b9a5efeb4c3a3cd77b8e70ccb58c5792dce0a916ff5b8dc42c7b54f,primary_parent,f2ae21e180b652bfebf3d5ddadc548e5a203bc160d1132ebb1cdf640bbc3b27f,hydrophobic_ratio_modlamp,numeric,false,audit_metric_has_no_monotonic_improvement_direction,audit,fraction,0.07692307692307693,0.07692307692307693,0.0,,false,dd113add407214a036f0a98005f142f89da4c01428e7db43d6680f0f4159cf5e
fgf2,b514ee4c612b79cb1316ade39ae33c6530d1105251644dd34ad971d5928f3390,masked_substitution,6af00e077b9a5efeb4c3a3cd77b8e70ccb58c5792dce0a916ff5b8dc42c7b54f,primary_parent,f2ae21e180b652bfebf3d5ddadc548e5a203bc160d1132ebb1cdf640bbc3b27f,llamp_log10_mic_um,numeric,true,same_frozen_numeric_contract,minimize,log10(uM),1.645182728767395,1.4764944314956665,-0.16868829727172852,0.16868829727172852,true,4116748a1388b1584f9a0e1dfdaa8933a260a08a40a95b4e29ce46f7a3bdbad3
fgf2,b514ee4c612b79cb1316ade39ae33c6530d1105251644dd34ad971d5928f3390,masked_substitution,6af00e077b9a5efeb4c3a3cd77b8e70ccb58c5792dce0a916ff5b8dc42c7b54f,primary_parent,f2ae21e180b652bfebf3d5ddadc548e5a203bc160d1132ebb1cdf640bbc3b27f,macrel_amp_probability,numeric,true,same_frozen_numeric_contract,maximize,probability,0.396,0.416,0.019999999999999962,0.019999999999999962,true,e7e0823c82d35cda08ab22186513173967b59d24f5b8e1d25f63728b6187c8fb
fgf2,b514ee4c612b79cb1316ade39ae33c6530d1105251644dd34ad971d5928f3390,masked_substitution,6af00e077b9a5efeb4c3a3cd77b8e70ccb58c5792dce0a916ff5b8dc42c7b54f,primary_parent,f2ae21e180b652bfebf3d5ddadc548e5a203bc160d1132ebb1cdf640bbc3b27f,macrel_hemolysis_label,categorical,true,same_frozen_label_contract,audit,label,low,low,,,false,260cf5739ebb019aa2a4a4fb9350e3f0ba84859e101e6695fcf0af75236da7bf
fgf2,b514ee4c612b79cb1316ade39ae33c6530d1105251644dd34ad971d5928f3390,masked_substitution,6af00e077b9a5efeb4c3a3cd77b8e70ccb58c5792dce0a916ff5b8dc42c7b54f,primary_parent,f2ae21e180b652bfebf3d5ddadc548e5a203bc160d1132ebb1cdf640bbc3b27f,macrel_hemolysis_probability,numeric,true,same_frozen_numeric_contract,minimize,probability,0.416,0.465,0.049000000000000044,-0.049000000000000044,true,71de4ec774988f02a560a3f44f078cc1c19db956f2cb431e1e59854ad23b6377
fgf2,b514ee4c612b79cb1316ade39ae33c6530d1105251644dd34ad971d5928f3390,masked_substitution,6af00e077b9a5efeb4c3a3cd77b8e70ccb58c5792dce0a916ff5b8dc42c7b54f,primary_parent,f2ae21e180b652bfebf3d5ddadc548e5a203bc160d1132ebb1cdf640bbc3b27f,maximum_hydrophobic_run,numeric,true,same_frozen_numeric_contract,minimize,residues,1.0,1.0,0.0,-0.0,false,a5e3cbbf3d68cad3cb2a750d52dc113485b310171cd2e1eb07ad6ea4a2e4c385
fgf2,b514ee4c612b79cb1316ade39ae33c6530d1105251644dd34ad971d5928f3390,masked_substitution,6af00e077b9a5efeb4c3a3cd77b8e70ccb58c5792dce0a916ff5b8dc42c7b54f,primary_parent,f2ae21e180b652bfebf3d5ddadc548e5a203bc160d1132ebb1cdf640bbc3b27f,net_charge_ph7_4,numeric,false,audit_metric_has_no_monotonic_improvement_direction,audit,elementary_charge,7.985,7.983,-0.002000000000000668,,true,82d3b5cfeee4f191ced4609af22f894155c4062902ba87437b6df03323979b2c
fgf2,b514ee4c612b79cb1316ade39ae33c6530d1105251644dd34ad971d5928f3390,masked_substitution,6af00e077b9a5efeb4c3a3cd77b8e70ccb58c5792dce0a916ff5b8dc42c7b54f,primary_parent,f2ae21e180b652bfebf3d5ddadc548e5a203bc160d1132ebb1cdf640bbc3b27f,toxinpred3_hybrid_score,numeric,true,same_frozen_numeric_contract,minimize,dimensionless,0.0,0.0,0.0,-0.0,false,178ae9dd252147eeabd4252ace23bb4db2d8564a930443c42494bc39965bb3e5
fgf2,b514ee4c612b79cb1316ade39ae33c6530d1105251644dd34ad971d5928f3390,masked_substitution,6af00e077b9a5efeb4c3a3cd77b8e70ccb58c5792dce0a916ff5b8dc42c7b54f,primary_parent,f2ae21e180b652bfebf3d5ddadc548e5a203bc160d1132ebb1cdf640bbc3b27f,toxinpred3_label,categorical,true,same_frozen_label_contract,audit,label,Non-Toxin,Non-Toxin,,,false,50f911f86cf62ae316819631262f2992b0928b124fa4919c6c7e1fc68b1cbee4
fgf2,3966f585b075f5414a6ea0e3dc263b478a4f80ef5481abab1a46757664da11f4,masked_substitution,efb822df64672c17f4cbe5f86ea94d9b15ae2d8f9cc4e171602fea8224bf9f15,primary_parent,f2ae21e180b652bfebf3d5ddadc548e5a203bc160d1132ebb1cdf640bbc3b27f,amp_read_log10_mic_um,numeric,true,same_frozen_numeric_contract,minimize,log10(uM),2.597941786798904,2.393185619393826,-0.20475616740507796,0.20475616740507796,true,c1d37ed273c11cf5239cbc4b14eacfaa2901f2283c5e16301633715b47b895d3
fgf2,3966f585b075f5414a6ea0e3dc263b478a4f80ef5481abab1a46757664da11f4,masked_substitution,efb822df64672c17f4cbe5f86ea94d9b15ae2d8f9cc4e171602fea8224bf9f15,primary_parent,f2ae21e180b652bfebf3d5ddadc548e5a203bc160d1132ebb1cdf640bbc3b27f,guruprasad_instability_index,numeric,true,same_frozen_numeric_contract,minimize,index,29.246154,9.080769230769233,-20.16538476923077,20.16538476923077,true,2dd3d49c3c729f48a6f4e8179d6b8bdc89a0e99a1b9bdf240d07b42ff5671083
fgf2,3966f585b075f5414a6ea0e3dc263b478a4f80ef5481abab1a46757664da11f4,masked_substitution,efb822df64672c17f4cbe5f86ea94d9b15ae2d8f9cc4e171602fea8224bf9f15,primary_parent,f2ae21e180b652bfebf3d5ddadc548e5a203bc160d1132ebb1cdf640bbc3b27f,hydrophobic_moment_eisenberg,numeric,false,audit_metric_has_no_monotonic_improvement_direction,audit,dimensionless,0.24330416982349223,0.18557877991060012,-0.05772538991289211,,true,8e1b78aa0cfb7ca74afd1b6b5cd4fc504d3ee85fa7be4f8e6ee9adbaea5c3fba
fgf2,3966f585b075f5414a6ea0e3dc263b478a4f80ef5481abab1a46757664da11f4,masked_substitution,efb822df64672c17f4cbe5f86ea94d9b15ae2d8f9cc4e171602fea8224bf9f15,primary_parent,f2ae21e180b652bfebf3d5ddadc548e5a203bc160d1132ebb1cdf640bbc3b27f,hydrophobic_ratio_modlamp,numeric,false,audit_metric_has_no_monotonic_improvement_direction,audit,fraction,0.07692307692307693,0.11538461538461539,0.038461538461538464,,true,17427561c7becf237f591861b45b0adde1fabb045b7272730234fa93b9baf841
fgf2,3966f585b075f5414a6ea0e3dc263b478a4f80ef5481abab1a46757664da11f4,masked_substitution,efb822df64672c17f4cbe5f86ea94d9b15ae2d8f9cc4e171602fea8224bf9f15,primary_parent,f2ae21e180b652bfebf3d5ddadc548e5a203bc160d1132ebb1cdf640bbc3b27f,llamp_log10_mic_um,numeric,true,same_frozen_numeric_contract,minimize,log10(uM),1.645182728767395,1.7878414392471313,0.14265871047973633,-0.14265871047973633,true,91c0b6c5e055d1486a0b1e77f685e9409916728788e1d50427bd5fd391c71808
fgf2,3966f585b075f5414a6ea0e3dc263b478a4f80ef5481abab1a46757664da11f4,masked_substitution,efb822df64672c17f4cbe5f86ea94d9b15ae2d8f9cc4e171602fea8224bf9f15,primary_parent,f2ae21e180b652bfebf3d5ddadc548e5a203bc160d1132ebb1cdf640bbc3b27f,macrel_amp_probability,numeric,true,same_frozen_numeric_contract,maximize,probability,0.396,0.317,-0.07900000000000001,-0.07900000000000001,true,9abeecc11482417b351deeb0a0f4a6c1f1b160acfea390bb65f527766d0be226
fgf2,3966f585b075f5414a6ea0e3dc263b478a4f80ef5481abab1a46757664da11f4,masked_substitution,efb822df64672c17f4cbe5f86ea94d9b15ae2d8f9cc4e171602fea8224bf9f15,primary_parent,f2ae21e180b652bfebf3d5ddadc548e5a203bc160d1132ebb1cdf640bbc3b27f,macrel_hemolysis_label,categorical,true,same_frozen_label_contract,audit,label,low,low,,,false,58e2cd7a9a84c8e1b989ffef3243a314c8c542483818e146af2d24647b30e893
fgf2,3966f585b075f5414a6ea0e3dc263b478a4f80ef5481abab1a46757664da11f4,masked_substitution,efb822df64672c17f4cbe5f86ea94d9b15ae2d8f9cc4e171602fea8224bf9f15,primary_parent,f2ae21e180b652bfebf3d5ddadc548e5a203bc160d1132ebb1cdf640bbc3b27f,macrel_hemolysis_probability,numeric,true,same_frozen_numeric_contract,minimize,probability,0.416,0.376,-0.03999999999999998,0.03999999999999998,true,3c169435281455041e14f20381a7b5763d9f56a3864a42dca3f221e647db7ca4
fgf2,3966f585b075f5414a6ea0e3dc263b478a4f80ef5481abab1a46757664da11f4,masked_substitution,efb822df64672c17f4cbe5f86ea94d9b15ae2d8f9cc4e171602fea8224bf9f15,primary_parent,f2ae21e180b652bfebf3d5ddadc548e5a203bc160d1132ebb1cdf640bbc3b27f,maximum_hydrophobic_run,numeric,true,same_frozen_numeric_contract,minimize,residues,1.0,1.0,0.0,-0.0,false,a8c11d718b8db8a9a9d079aee1f38d3979f542ce504277a6434777d8b24b5069
fgf2,3966f585b075f5414a6ea0e3dc263b478a4f80ef5481abab1a46757664da11f4,masked_substitution,efb822df64672c17f4cbe5f86ea94d9b15ae2d8f9cc4e171602fea8224bf9f15,primary_parent,f2ae21e180b652bfebf3d5ddadc548e5a203bc160d1132ebb1cdf640bbc3b27f,net_charge_ph7_4,numeric,false,audit_metric_has_no_monotonic_improvement_direction,audit,elementary_charge,7.985,6.985,-1.0,,true,7f072d44f7a79c365242cfd4198d14efc5aab9fb81a77fe34249577ef97a0e4e
fgf2,3966f585b075f5414a6ea0e3dc263b478a4f80ef5481abab1a46757664da11f4,masked_substitution,efb822df64672c17f4cbe5f86ea94d9b15ae2d8f9cc4e171602fea8224bf9f15,primary_parent,f2ae21e180b652bfebf3d5ddadc548e5a203bc160d1132ebb1cdf640bbc3b27f,toxinpred3_hybrid_score,numeric,true,same_frozen_numeric_contract,minimize,dimensionless,0.0,0.0,0.0,-0.0,false,57f4b3efb086eb49880159f82983f5dac8b1eef9d495d7a3c55f9da6cb8318a7
fgf2,3966f585b075f5414a6ea0e3dc263b478a4f80ef5481abab1a46757664da11f4,masked_substitution,efb822df64672c17f4cbe5f86ea94d9b15ae2d8f9cc4e171602fea8224bf9f15,primary_parent,f2ae21e180b652bfebf3d5ddadc548e5a203bc160d1132ebb1cdf640bbc3b27f,toxinpred3_label,categorical,true,same_frozen_label_contract,audit,label,Non-Toxin,Non-Toxin,,,false,49dc334605f28eda3fdc4d364e06365eeb04a924c5557f321e3ee2468df92087
fgf2,8ee3de0e4819ccd09e51a4f2e5035257619c19f555d539e36524f2d0c50218b5,masked_substitution,32f960e7186d7629e642ccfd6523af9869566a3c7cf2e056fd8ed42e778c0988,primary_parent,f2ae21e180b652bfebf3d5ddadc548e5a203bc160d1132ebb1cdf640bbc3b27f,amp_read_log10_mic_um,numeric,true,same_frozen_numeric_contract,minimize,log10(uM),2.597941786798904,2.5110204882632434,-0.08692129853566044,0.08692129853566044,true,a6d5625cd74af7d099e3b706dbac811358ee8353299f261c44625bd24bf192f0
fgf2,8ee3de0e4819ccd09e51a4f2e5035257619c19f555d539e36524f2d0c50218b5,masked_substitution,32f960e7186d7629e642ccfd6523af9869566a3c7cf2e056fd8ed42e778c0988,primary_parent,f2ae21e180b652bfebf3d5ddadc548e5a203bc160d1132ebb1cdf640bbc3b27f,guruprasad_instability_index,numeric,true,same_frozen_numeric_contract,minimize,index,29.246154,12.346153846153847,-16.900000153846154,16.900000153846154,true,7531ac20df38413786a31a6d8afd57b5eac505e5b67c0a40ac9c2e699a623dd1
fgf2,8ee3de0e4819ccd09e51a4f2e5035257619c19f555d539e36524f2d0c50218b5,masked_substitution,32f960e7186d7629e642ccfd6523af9869566a3c7cf2e056fd8ed42e778c0988,primary_parent,f2ae21e180b652bfebf3d5ddadc548e5a203bc160d1132ebb1cdf640bbc3b27f,hydrophobic_moment_eisenberg,numeric,false,audit_metric_has_no_monotonic_improvement_direction,audit,dimensionless,0.24330416982349223,0.18640350997882804,-0.05690065984466419,,true,d67007da3113ca59281ef0ba10f0138607076f3d715d7eda328d12dce01b75de
fgf2,8ee3de0e4819ccd09e51a4f2e5035257619c19f555d539e36524f2d0c50218b5,masked_substitution,32f960e7186d7629e642ccfd6523af9869566a3c7cf2e056fd8ed42e778c0988,primary_parent,f2ae21e180b652bfebf3d5ddadc548e5a203bc160d1132ebb1cdf640bbc3b27f,hydrophobic_ratio_modlamp,numeric,false,audit_metric_has_no_monotonic_improvement_direction,audit,fraction,0.07692307692307693,0.11538461538461539,0.038461538461538464,,true,b63fd1a93498d91f250a0ef757371bc5d9c07ebba4b3b4e35edf118ef7e2ff66
fgf2,8ee3de0e4819ccd09e51a4f2e5035257619c19f555d539e36524f2d0c50218b5,masked_substitution,32f960e7186d7629e642ccfd6523af9869566a3c7cf2e056fd8ed42e778c0988,primary_parent,f2ae21e180b652bfebf3d5ddadc548e5a203bc160d1132ebb1cdf640bbc3b27f,llamp_log10_mic_um,numeric,true,same_frozen_numeric_contract,minimize,log10(uM),1.645182728767395,1.633154034614563,-0.012028694152832031,0.012028694152832031,true,a6befd63ad5424b9dd921b061c7b8494ace1169726cd804389b69b0dc61a8a52
fgf2,8ee3de0e4819ccd09e51a4f2e5035257619c19f555d539e36524f2d0c50218b5,masked_substitution,32f960e7186d7629e642ccfd6523af9869566a3c7cf2e056fd8ed42e778c0988,primary_parent,f2ae21e180b652bfebf3d5ddadc548e5a203bc160d1132ebb1cdf640bbc3b27f,macrel_amp_probability,numeric,true,same_frozen_numeric_contract,maximize,probability,0.396,0.317,-0.07900000000000001,-0.07900000000000001,true,301e151425700ec3d5e5317d9e87b129938bd62f57030d36decc52ab0fd592ba
fgf2,8ee3de0e4819ccd09e51a4f2e5035257619c19f555d539e36524f2d0c50218b5,masked_substitution,32f960e7186d7629e642ccfd6523af9869566a3c7cf2e056fd8ed42e778c0988,primary_parent,f2ae21e180b652bfebf3d5ddadc548e5a203bc160d1132ebb1cdf640bbc3b27f,macrel_hemolysis_label,categorical,true,same_frozen_label_contract,audit,label,low,low,,,false,b7e22741e28cd71da38d3f3d4724440585ad497044b99a4709c8d26da0232f30
fgf2,8ee3de0e4819ccd09e51a4f2e5035257619c19f555d539e36524f2d0c50218b5,masked_substitution,32f960e7186d7629e642ccfd6523af9869566a3c7cf2e056fd8ed42e778c0988,primary_parent,f2ae21e180b652bfebf3d5ddadc548e5a203bc160d1132ebb1cdf640bbc3b27f,macrel_hemolysis_probability,numeric,true,same_frozen_numeric_contract,minimize,probability,0.416,0.366,-0.04999999999999999,0.04999999999999999,true,a714d2e47a8fce6687f93740a02944ee9c4aa99f1bf98a0e4f77ac6169bf6500
fgf2,8ee3de0e4819ccd09e51a4f2e5035257619c19f555d539e36524f2d0c50218b5,masked_substitution,32f960e7186d7629e642ccfd6523af9869566a3c7cf2e056fd8ed42e778c0988,primary_parent,f2ae21e180b652bfebf3d5ddadc548e5a203bc160d1132ebb1cdf640bbc3b27f,maximum_hydrophobic_run,numeric,true,same_frozen_numeric_contract,minimize,residues,1.0,1.0,0.0,-0.0,false,cc8cfd380b6703b5ba938c73bfcd0031bfdc12428346f32bf92673d76f3dcf29
fgf2,8ee3de0e4819ccd09e51a4f2e5035257619c19f555d539e36524f2d0c50218b5,masked_substitution,32f960e7186d7629e642ccfd6523af9869566a3c7cf2e056fd8ed42e778c0988,primary_parent,f2ae21e180b652bfebf3d5ddadc548e5a203bc160d1132ebb1cdf640bbc3b27f,net_charge_ph7_4,numeric,false,audit_metric_has_no_monotonic_improvement_direction,audit,elementary_charge,7.985,6.985,-1.0,,true,6285ebc3574c6a87f02265be88e2b92cb7384b440d219e1a5a4fa7886e605bde
fgf2,8ee3de0e4819ccd09e51a4f2e5035257619c19f555d539e36524f2d0c50218b5,masked_substitution,32f960e7186d7629e642ccfd6523af9869566a3c7cf2e056fd8ed42e778c0988,primary_parent,f2ae21e180b652bfebf3d5ddadc548e5a203bc160d1132ebb1cdf640bbc3b27f,toxinpred3_hybrid_score,numeric,true,same_frozen_numeric_contract,minimize,dimensionless,0.0,0.0,0.0,-0.0,false,22be393bb30f5d391a7f0ab01ec280d1c05a74aa466f71d5854b6e645e19b572
fgf2,8ee3de0e4819ccd09e51a4f2e5035257619c19f555d539e36524f2d0c50218b5,masked_substitution,32f960e7186d7629e642ccfd6523af9869566a3c7cf2e056fd8ed42e778c0988,primary_parent,f2ae21e180b652bfebf3d5ddadc548e5a203bc160d1132ebb1cdf640bbc3b27f,toxinpred3_label,categorical,true,same_frozen_label_contract,audit,label,Non-Toxin,Non-Toxin,,,false,2d082f9d49c37d705b406fe6d762f420a1ad054c9d7122bf2ebbb49f940828c0
fgf2,a013f456d03ef15c2276cb488be1046248cdfe9d3e8b384032873a58b049ac45,masked_substitution,e7e50b4f58a71522c94a09c0a04969a2f486af12e0bdbca966ab47463e65c4fd,primary_parent,f2ae21e180b652bfebf3d5ddadc548e5a203bc160d1132ebb1cdf640bbc3b27f,amp_read_log10_mic_um,numeric,true,same_frozen_numeric_contract,minimize,log10(uM),2.597941786798904,2.4095483817599312,-0.18839340503897262,0.18839340503897262,true,336cee9c06e1677457edbec3c19b724e5a9e6b8f4c9429ad6df9a22211a87228
fgf2,a013f456d03ef15c2276cb488be1046248cdfe9d3e8b384032873a58b049ac45,masked_substitution,e7e50b4f58a71522c94a09c0a04969a2f486af12e0bdbca966ab47463e65c4fd,primary_parent,f2ae21e180b652bfebf3d5ddadc548e5a203bc160d1132ebb1cdf640bbc3b27f,guruprasad_instability_index,numeric,true,same_frozen_numeric_contract,minimize,index,29.246154,12.346153846153847,-16.900000153846154,16.900000153846154,true,06559cb73bb4688116d46fccca32fa17dbec71c9fa23ba6490d5802663cb4ea0
fgf2,a013f456d03ef15c2276cb488be1046248cdfe9d3e8b384032873a58b049ac45,masked_substitution,e7e50b4f58a71522c94a09c0a04969a2f486af12e0bdbca966ab47463e65c4fd,primary_parent,f2ae21e180b652bfebf3d5ddadc548e5a203bc160d1132ebb1cdf640bbc3b27f,hydrophobic_moment_eisenberg,numeric,false,audit_metric_has_no_monotonic_improvement_direction,audit,dimensionless,0.24330416982349223,0.18640350997882804,-0.05690065984466419,,true,808a7d7147ac154eb18e1877f8c480a57c4694949c743ba413d62ca63391baa8
fgf2,a013f456d03ef15c2276cb488be1046248cdfe9d3e8b384032873a58b049ac45,masked_substitution,e7e50b4f58a71522c94a09c0a04969a2f486af12e0bdbca966ab47463e65c4fd,primary_parent,f2ae21e180b652bfebf3d5ddadc548e5a203bc160d1132ebb1cdf640bbc3b27f,hydrophobic_ratio_modlamp,numeric,false,audit_metric_has_no_monotonic_improvement_direction,audit,fraction,0.07692307692307693,0.11538461538461539,0.038461538461538464,,true,7b57f569b41f08fb3a44d700ed02d60b8ba818c8eda4195f95f3f57f63571860
fgf2,a013f456d03ef15c2276cb488be1046248cdfe9d3e8b384032873a58b049ac45,masked_substitution,e7e50b4f58a71522c94a09c0a04969a2f486af12e0bdbca966ab47463e65c4fd,primary_parent,f2ae21e180b652bfebf3d5ddadc548e5a203bc160d1132ebb1cdf640bbc3b27f,llamp_log10_mic_um,numeric,true,same_frozen_numeric_contract,minimize,log10(uM),1.645182728767395,1.8706823587417603,0.22549962997436523,-0.22549962997436523,true,ef835dd56e299f4b6bafb389badd21944c605bc284105a012c2c5c441a9b0ef1
fgf2,a013f456d03ef15c2276cb488be1046248cdfe9d3e8b384032873a58b049ac45,masked_substitution,e7e50b4f58a71522c94a09c0a04969a2f486af12e0bdbca966ab47463e65c4fd,primary_parent,f2ae21e180b652bfebf3d5ddadc548e5a203bc160d1132ebb1cdf640bbc3b27f,macrel_amp_probability,numeric,true,same_frozen_numeric_contract,maximize,probability,0.396,0.307,-0.08900000000000002,-0.08900000000000002,true,21790b549b737bf6dc9c584d72f3b582f6a65b2f47695d90c5d75a18022a2565
fgf2,a013f456d03ef15c2276cb488be1046248cdfe9d3e8b384032873a58b049ac45,masked_substitution,e7e50b4f58a71522c94a09c0a04969a2f486af12e0bdbca966ab47463e65c4fd,primary_parent,f2ae21e180b652bfebf3d5ddadc548e5a203bc160d1132ebb1cdf640bbc3b27f,macrel_hemolysis_label,categorical,true,same_frozen_label_contract,audit,label,low,low,,,false,051b4199ee08c11fcc4cb363d15dc7d5762f18bd67a6b182c641e38589d47a67
fgf2,a013f456d03ef15c2276cb488be1046248cdfe9d3e8b384032873a58b049ac45,masked_substitution,e7e50b4f58a71522c94a09c0a04969a2f486af12e0bdbca966ab47463e65c4fd,primary_parent,f2ae21e180b652bfebf3d5ddadc548e5a203bc160d1132ebb1cdf640bbc3b27f,macrel_hemolysis_probability,numeric,true,same_frozen_numeric_contract,minimize,probability,0.416,0.347,-0.069,0.069,true,67d6fc6bce0a4600e4b804e136a3fa66e6b98c6fc5a8d3be82039c8aa24117a5
fgf2,a013f456d03ef15c2276cb488be1046248cdfe9d3e8b384032873a58b049ac45,masked_substitution,e7e50b4f58a71522c94a09c0a04969a2f486af12e0bdbca966ab47463e65c4fd,primary_parent,f2ae21e180b652bfebf3d5ddadc548e5a203bc160d1132ebb1cdf640bbc3b27f,maximum_hydrophobic_run,numeric,true,same_frozen_numeric_contract,minimize,residues,1.0,1.0,0.0,-0.0,false,4f34093b089b8ac4d2bd87ff4d5f2e8e737f00b7e2cec632c47b23620e186dcc
fgf2,a013f456d03ef15c2276cb488be1046248cdfe9d3e8b384032873a58b049ac45,masked_substitution,e7e50b4f58a71522c94a09c0a04969a2f486af12e0bdbca966ab47463e65c4fd,primary_parent,f2ae21e180b652bfebf3d5ddadc548e5a203bc160d1132ebb1cdf640bbc3b27f,net_charge_ph7_4,numeric,false,audit_metric_has_no_monotonic_improvement_direction,audit,elementary_charge,7.985,6.985,-1.0,,true,052dd8111ad8c02b2b0a36970e5c962881cdd604dc20706c093f8c4cc5182c49
fgf2,a013f456d03ef15c2276cb488be1046248cdfe9d3e8b384032873a58b049ac45,masked_substitution,e7e50b4f58a71522c94a09c0a04969a2f486af12e0bdbca966ab47463e65c4fd,primary_parent,f2ae21e180b652bfebf3d5ddadc548e5a203bc160d1132ebb1cdf640bbc3b27f,toxinpred3_hybrid_score,numeric,true,same_frozen_numeric_contract,minimize,dimensionless,0.0,0.0,0.0,-0.0,false,e9467a90ee07c5c5ad4578ce87f94f7fcd02e99d90c9ebc696cb97ba38880d0c
fgf2,a013f456d03ef15c2276cb488be1046248cdfe9d3e8b384032873a58b049ac45,masked_substitution,e7e50b4f58a71522c94a09c0a04969a2f486af12e0bdbca966ab47463e65c4fd,primary_parent,f2ae21e180b652bfebf3d5ddadc548e5a203bc160d1132ebb1cdf640bbc3b27f,toxinpred3_label,categorical,true,same_frozen_label_contract,audit,label,Non-Toxin,Non-Toxin,,,false,ef185d1c323e31e2d5d1bfd939c4a58bd6d5db40415c28673c7735274f5f105b
fgf2,eaee2a0d64362e526baf7d599391dbfa0ec68ec153ced512563a6f33b99a2625,masked_substitution,08933bff05bff73aa1dafbb2fc2d1ce381758ee58014743e49a173f119a42366,primary_parent,f2ae21e180b652bfebf3d5ddadc548e5a203bc160d1132ebb1cdf640bbc3b27f,amp_read_log10_mic_um,numeric,true,same_frozen_numeric_contract,minimize,log10(uM),2.597941786798904,2.4950770610342885,-0.10286472576461536,0.10286472576461536,true,dddc40dfd0d7449a6e6cb92430a6fa75192e558c8d15f2d1d58ea871a9b86a63
fgf2,eaee2a0d64362e526baf7d599391dbfa0ec68ec153ced512563a6f33b99a2625,masked_substitution,08933bff05bff73aa1dafbb2fc2d1ce381758ee58014743e49a173f119a42366,primary_parent,f2ae21e180b652bfebf3d5ddadc548e5a203bc160d1132ebb1cdf640bbc3b27f,guruprasad_instability_index,numeric,true,same_frozen_numeric_contract,minimize,index,29.246154,17.092307692307692,-12.153846307692309,12.153846307692309,true,3abd39d62c8fd0c31c1cb41a5c3d8c19bea9669f3adaf3eb91121841ea54e40f
fgf2,eaee2a0d64362e526baf7d599391dbfa0ec68ec153ced512563a6f33b99a2625,masked_substitution,08933bff05bff73aa1dafbb2fc2d1ce381758ee58014743e49a173f119a42366,primary_parent,f2ae21e180b652bfebf3d5ddadc548e5a203bc160d1132ebb1cdf640bbc3b27f,hydrophobic_moment_eisenberg,numeric,false,audit_metric_has_no_monotonic_improvement_direction,audit,dimensionless,0.24330416982349223,0.1878721210149221,-0.05543204880857014,,true,4c81460ba904981ce829cdd265b41e7e4f22d899dd23f555c4a8bd10ee33b4b6
fgf2,eaee2a0d64362e526baf7d599391dbfa0ec68ec153ced512563a6f33b99a2625,masked_substitution,08933bff05bff73aa1dafbb2fc2d1ce381758ee58014743e49a173f119a42366,primary_parent,f2ae21e180b652bfebf3d5ddadc548e5a203bc160d1132ebb1cdf640bbc3b27f,hydrophobic_ratio_modlamp,numeric,false,audit_metric_has_no_monotonic_improvement_direction,audit,fraction,0.07692307692307693,0.07692307692307693,0.0,,false,2faf4b099f9248c328e309c6201d37cc43667b2244000770670bd5e8857051a0
fgf2,eaee2a0d64362e526baf7d599391dbfa0ec68ec153ced512563a6f33b99a2625,masked_substitution,08933bff05bff73aa1dafbb2fc2d1ce381758ee58014743e49a173f119a42366,primary_parent,f2ae21e180b652bfebf3d5ddadc548e5a203bc160d1132ebb1cdf640bbc3b27f,llamp_log10_mic_um,numeric,true,same_frozen_numeric_contract,minimize,log10(uM),1.645182728767395,1.6312264204025269,-0.013956308364868164,0.013956308364868164,true,37cfd31de89fa51ed04d231572ab6a1ba2ed7188be05965aa914e00bf5dd5d93
fgf2,eaee2a0d64362e526baf7d599391dbfa0ec68ec153ced512563a6f33b99a2625,masked_substitution,08933bff05bff73aa1dafbb2fc2d1ce381758ee58014743e49a173f119a42366,primary_parent,f2ae21e180b652bfebf3d5ddadc548e5a203bc160d1132ebb1cdf640bbc3b27f,macrel_amp_probability,numeric,true,same_frozen_numeric_contract,maximize,probability,0.396,0.386,-0.010000000000000009,-0.010000000000000009,true,51e2f2ac87edcb27b24a659bf702b879ba2ac3e8d70648fc18da8ac4b325ee7d
fgf2,eaee2a0d64362e526baf7d599391dbfa0ec68ec153ced512563a6f33b99a2625,masked_substitution,08933bff05bff73aa1dafbb2fc2d1ce381758ee58014743e49a173f119a42366,primary_parent,f2ae21e180b652bfebf3d5ddadc548e5a203bc160d1132ebb1cdf640bbc3b27f,macrel_hemolysis_label,categorical,true,same_frozen_label_contract,audit,label,low,low,,,false,9f176c34a6e07b98478cbdf7dc22e16bee23d65006b0f0bcbfd40ea27bf8cec4
fgf2,eaee2a0d64362e526baf7d599391dbfa0ec68ec153ced512563a6f33b99a2625,masked_substitution,08933bff05bff73aa1dafbb2fc2d1ce381758ee58014743e49a173f119a42366,primary_parent,f2ae21e180b652bfebf3d5ddadc548e5a203bc160d1132ebb1cdf640bbc3b27f,macrel_hemolysis_probability,numeric,true,same_frozen_numeric_contract,minimize,probability,0.416,0.356,-0.06,0.06,true,4dba0547c65f0da0773bd985cb79cf1d7e008437bba22995afbac7b7686959ed
fgf2,eaee2a0d64362e526baf7d599391dbfa0ec68ec153ced512563a6f33b99a2625,masked_substitution,08933bff05bff73aa1dafbb2fc2d1ce381758ee58014743e49a173f119a42366,primary_parent,f2ae21e180b652bfebf3d5ddadc548e5a203bc160d1132ebb1cdf640bbc3b27f,maximum_hydrophobic_run,numeric,true,same_frozen_numeric_contract,minimize,residues,1.0,1.0,0.0,-0.0,false,020f37247f0b3236870576173baef9815b75ec046a056084f6a72d8dcf06dc47
fgf2,eaee2a0d64362e526baf7d599391dbfa0ec68ec153ced512563a6f33b99a2625,masked_substitution,08933bff05bff73aa1dafbb2fc2d1ce381758ee58014743e49a173f119a42366,primary_parent,f2ae21e180b652bfebf3d5ddadc548e5a203bc160d1132ebb1cdf640bbc3b27f,net_charge_ph7_4,numeric,false,audit_metric_has_no_monotonic_improvement_direction,audit,elementary_charge,7.985,6.985,-1.0,,true,5e5438ee49f121cc84d8f69a1b03ab79d08d51d2f0cdc09cdec7ed05d8f44d24
fgf2,eaee2a0d64362e526baf7d599391dbfa0ec68ec153ced512563a6f33b99a2625,masked_substitution,08933bff05bff73aa1dafbb2fc2d1ce381758ee58014743e49a173f119a42366,primary_parent,f2ae21e180b652bfebf3d5ddadc548e5a203bc160d1132ebb1cdf640bbc3b27f,toxinpred3_hybrid_score,numeric,true,same_frozen_numeric_contract,minimize,dimensionless,0.0,0.0,0.0,-0.0,false,ed431b5c12a67d6d20cf0678fb467724caa2b92cabcfadf4f18969a841efa93e
fgf2,eaee2a0d64362e526baf7d599391dbfa0ec68ec153ced512563a6f33b99a2625,masked_substitution,08933bff05bff73aa1dafbb2fc2d1ce381758ee58014743e49a173f119a42366,primary_parent,f2ae21e180b652bfebf3d5ddadc548e5a203bc160d1132ebb1cdf640bbc3b27f,toxinpred3_label,categorical,true,same_frozen_label_contract,audit,label,Non-Toxin,Non-Toxin,,,false,6dc9d0bcebe8567d903105144d3c5f139a71874770e306f879ff80a14884870b
fgf2,3937435a45176dae4136a4d0669684c35f45709709d7ac2b06484e44a65920dc,masked_substitution,269d8fdd772ffd9d55870d9a87ae740aa34eaa715592bb6df68b95fccbabc9dd,primary_parent,f2ae21e180b652bfebf3d5ddadc548e5a203bc160d1132ebb1cdf640bbc3b27f,amp_read_log10_mic_um,numeric,true,same_frozen_numeric_contract,minimize,log10(uM),2.597941786798904,2.380236602270587,-0.21770518452831666,0.21770518452831666,true,6fd8b3ab258605294c54339b9f89a553931134dcc4ee957b74ccdaa28163047d
fgf2,3937435a45176dae4136a4d0669684c35f45709709d7ac2b06484e44a65920dc,masked_substitution,269d8fdd772ffd9d55870d9a87ae740aa34eaa715592bb6df68b95fccbabc9dd,primary_parent,f2ae21e180b652bfebf3d5ddadc548e5a203bc160d1132ebb1cdf640bbc3b27f,guruprasad_instability_index,numeric,true,same_frozen_numeric_contract,minimize,index,29.246154,4.9384615384615405,-24.30769246153846,24.30769246153846,true,fdce76813969dd39a76ecd8f781570ece3a3797a0c2697c80103e7d460d663f8
fgf2,3937435a45176dae4136a4d0669684c35f45709709d7ac2b06484e44a65920dc,masked_substitution,269d8fdd772ffd9d55870d9a87ae740aa34eaa715592bb6df68b95fccbabc9dd,primary_parent,f2ae21e180b652bfebf3d5ddadc548e5a203bc160d1132ebb1cdf640bbc3b27f,hydrophobic_moment_eisenberg,numeric,false,audit_metric_has_no_monotonic_improvement_direction,audit,dimensionless,0.24330416982349223,0.2703043939731509,0.02700022414965869,,true,ad57b0993b7165544ced53843906ce34c96b51e1c5feb741cf7e258f80ddf1e5
fgf2,3937435a45176dae4136a4d0669684c35f45709709d7ac2b06484e44a65920dc,masked_substitution,269d8fdd772ffd9d55870d9a87ae740aa34eaa715592bb6df68b95fccbabc9dd,primary_parent,f2ae21e180b652bfebf3d5ddadc548e5a203bc160d1132ebb1cdf640bbc3b27f,hydrophobic_ratio_modlamp,numeric,false,audit_metric_has_no_monotonic_improvement_direction,audit,fraction,0.07692307692307693,0.11538461538461539,0.038461538461538464,,true,8c5469eaeefb0b786f991606ee7bd091eccd751958a19e46f9b4d25caca4ad05
fgf2,3937435a45176dae4136a4d0669684c35f45709709d7ac2b06484e44a65920dc,masked_substitution,269d8fdd772ffd9d55870d9a87ae740aa34eaa715592bb6df68b95fccbabc9dd,primary_parent,f2ae21e180b652bfebf3d5ddadc548e5a203bc160d1132ebb1cdf640bbc3b27f,llamp_log10_mic_um,numeric,true,same_frozen_numeric_contract,minimize,log10(uM),1.645182728767395,1.6317027807235718,-0.013479948043823242,0.013479948043823242,true,d4b8a5dafbba11026b8af28b35d2554f657415588b13623178d928e4012b5590
fgf2,3937435a45176dae4136a4d0669684c35f45709709d7ac2b06484e44a65920dc,masked_substitution,269d8fdd772ffd9d55870d9a87ae740aa34eaa715592bb6df68b95fccbabc9dd,primary_parent,f2ae21e180b652bfebf3d5ddadc548e5a203bc160d1132ebb1cdf640bbc3b27f,macrel_amp_probability,numeric,true,same_frozen_numeric_contract,maximize,probability,0.396,0.376,-0.020000000000000018,-0.020000000000000018,true,fc28d179030cebd6463cb39d2ac7b79c086b67184e11c13f494b487be829a817
fgf2,3937435a45176dae4136a4d0669684c35f45709709d7ac2b06484e44a65920dc,masked_substitution,269d8fdd772ffd9d55870d9a87ae740aa34eaa715592bb6df68b95fccbabc9dd,primary_parent,f2ae21e180b652bfebf3d5ddadc548e5a203bc160d1132ebb1cdf640bbc3b27f,macrel_hemolysis_label,categorical,true,same_frozen_label_contract,audit,label,low,low,,,false,30adb8359f4219f733920349c177a3f0358e2c8d2f7cdd49eed5284b289e74c3
fgf2,3937435a45176dae4136a4d0669684c35f45709709d7ac2b06484e44a65920dc,masked_substitution,269d8fdd772ffd9d55870d9a87ae740aa34eaa715592bb6df68b95fccbabc9dd,primary_parent,f2ae21e180b652bfebf3d5ddadc548e5a203bc160d1132ebb1cdf640bbc3b27f,macrel_hemolysis_probability,numeric,true,same_frozen_numeric_contract,minimize,probability,0.416,0.475,0.059,-0.059,true,258093ddb44117805b745fe4612ca6bbb2855df4a6789ad4922abc973137c88b
fgf2,3937435a45176dae4136a4d0669684c35f45709709d7ac2b06484e44a65920dc,masked_substitution,269d8fdd772ffd9d55870d9a87ae740aa34eaa715592bb6df68b95fccbabc9dd,primary_parent,f2ae21e180b652bfebf3d5ddadc548e5a203bc160d1132ebb1cdf640bbc3b27f,maximum_hydrophobic_run,numeric,true,same_frozen_numeric_contract,minimize,residues,1.0,1.0,0.0,-0.0,false,9d154166d115644048689e4d0cbe37bc9b785ed27fd1ecc68b7af3dec89ba1d3
fgf2,3937435a45176dae4136a4d0669684c35f45709709d7ac2b06484e44a65920dc,masked_substitution,269d8fdd772ffd9d55870d9a87ae740aa34eaa715592bb6df68b95fccbabc9dd,primary_parent,f2ae21e180b652bfebf3d5ddadc548e5a203bc160d1132ebb1cdf640bbc3b27f,net_charge_ph7_4,numeric,false,audit_metric_has_no_monotonic_improvement_direction,audit,elementary_charge,7.985,7.985,0.0,,false,6c628508cb70dac8973b8640881c5ee942d155a6588148bb60a7c75bd4c5a590
fgf2,3937435a45176dae4136a4d0669684c35f45709709d7ac2b06484e44a65920dc,masked_substitution,269d8fdd772ffd9d55870d9a87ae740aa34eaa715592bb6df68b95fccbabc9dd,primary_parent,f2ae21e180b652bfebf3d5ddadc548e5a203bc160d1132ebb1cdf640bbc3b27f,toxinpred3_hybrid_score,numeric,true,same_frozen_numeric_contract,minimize,dimensionless,0.0,0.0,0.0,-0.0,false,2f7559242339be032889f1c4bb23f4862411fd56afa74074851a9636b3734dea
fgf2,3937435a45176dae4136a4d0669684c35f45709709d7ac2b06484e44a65920dc,masked_substitution,269d8fdd772ffd9d55870d9a87ae740aa34eaa715592bb6df68b95fccbabc9dd,primary_parent,f2ae21e180b652bfebf3d5ddadc548e5a203bc160d1132ebb1cdf640bbc3b27f,toxinpred3_label,categorical,true,same_frozen_label_contract,audit,label,Non-Toxin,Non-Toxin,,,false,ea3e63ca5cc2dac3004e4a4bce21bbd4b16e7ad5234a34d15639180bafeba1ce
fgf2,12a7156731eaf84c5d69977de31ed61773a5bbbf707251317c63b6b7a80a3ea2,masked_substitution,e518c2a2b53629e7324ca676644e38eca89daa13d8df7760760978fb735f4c4c,primary_parent,f2ae21e180b652bfebf3d5ddadc548e5a203bc160d1132ebb1cdf640bbc3b27f,amp_read_log10_mic_um,numeric,true,same_frozen_numeric_contract,minimize,log10(uM),2.597941786798904,2.20889491921625,-0.3890468675826537,0.3890468675826537,true,419fc82137b2a08c4397d140cfe2d8a6ca0fd6d9dfa8418a4c6d7fbe272e4065
fgf2,12a7156731eaf84c5d69977de31ed61773a5bbbf707251317c63b6b7a80a3ea2,masked_substitution,e518c2a2b53629e7324ca676644e38eca89daa13d8df7760760978fb735f4c4c,primary_parent,f2ae21e180b652bfebf3d5ddadc548e5a203bc160d1132ebb1cdf640bbc3b27f,guruprasad_instability_index,numeric,true,same_frozen_numeric_contract,minimize,index,29.246154,21.83846153846154,-7.40769246153846,7.40769246153846,true,4898859b0c85335b72db7228d90cd68f3dbc95e14e015659fd102f110a63d8cd
fgf2,12a7156731eaf84c5d69977de31ed61773a5bbbf707251317c63b6b7a80a3ea2,masked_substitution,e518c2a2b53629e7324ca676644e38eca89daa13d8df7760760978fb735f4c4c,primary_parent,f2ae21e180b652bfebf3d5ddadc548e5a203bc160d1132ebb1cdf640bbc3b27f,hydrophobic_moment_eisenberg,numeric,false,audit_metric_has_no_monotonic_improvement_direction,audit,dimensionless,0.24330416982349223,0.29733550076180043,0.0540313309383082,,true,af0093254d6bfe86930ce6d6cbbd2d464fea82aecb01d449818f82b67271a7d1
fgf2,12a7156731eaf84c5d69977de31ed61773a5bbbf707251317c63b6b7a80a3ea2,masked_substitution,e518c2a2b53629e7324ca676644e38eca89daa13d8df7760760978fb735f4c4c,primary_parent,f2ae21e180b652bfebf3d5ddadc548e5a203bc160d1132ebb1cdf640bbc3b27f,hydrophobic_ratio_modlamp,numeric,false,audit_metric_has_no_monotonic_improvement_direction,audit,fraction,0.07692307692307693,0.11538461538461539,0.038461538461538464,,true,d5d6f4833b9e10e6c23ea43ffeff61cea3885f24dcfc06b3d3bc6b8aaf9465b4
fgf2,12a7156731eaf84c5d69977de31ed61773a5bbbf707251317c63b6b7a80a3ea2,masked_substitution,e518c2a2b53629e7324ca676644e38eca89daa13d8df7760760978fb735f4c4c,primary_parent,f2ae21e180b652bfebf3d5ddadc548e5a203bc160d1132ebb1cdf640bbc3b27f,llamp_log10_mic_um,numeric,true,same_frozen_numeric_contract,minimize,log10(uM),1.645182728767395,1.705665111541748,0.06048238277435303,-0.06048238277435303,true,c563e8c86745ea346c42f43bc5e142d9b476a1229fda69d0ec9e18b8061ec6c6
fgf2,12a7156731eaf84c5d69977de31ed61773a5bbbf707251317c63b6b7a80a3ea2,masked_substitution,e518c2a2b53629e7324ca676644e38eca89daa13d8df7760760978fb735f4c4c,primary_parent,f2ae21e180b652bfebf3d5ddadc548e5a203bc160d1132ebb1cdf640bbc3b27f,macrel_amp_probability,numeric,true,same_frozen_numeric_contract,maximize,probability,0.396,0.386,-0.010000000000000009,-0.010000000000000009,true,804a107a52fbf6f67d639e5859adbe4eaf658c230932c606b454f629c73e20ee
fgf2,12a7156731eaf84c5d69977de31ed61773a5bbbf707251317c63b6b7a80a3ea2,masked_substitution,e518c2a2b53629e7324ca676644e38eca89daa13d8df7760760978fb735f4c4c,primary_parent,f2ae21e180b652bfebf3d5ddadc548e5a203bc160d1132ebb1cdf640bbc3b27f,macrel_hemolysis_label,categorical,true,same_frozen_label_contract,audit,label,low,low,,,false,22a0174e79613da220612b9dd6eeb7f070f3af3616795dbe06515e64265db81f
fgf2,12a7156731eaf84c5d69977de31ed61773a5bbbf707251317c63b6b7a80a3ea2,masked_substitution,e518c2a2b53629e7324ca676644e38eca89daa13d8df7760760978fb735f4c4c,primary_parent,f2ae21e180b652bfebf3d5ddadc548e5a203bc160d1132ebb1cdf640bbc3b27f,macrel_hemolysis_probability,numeric,true,same_frozen_numeric_contract,minimize,probability,0.416,0.485,0.069,-0.069,true,ba55c94b296ceb9b4c3968c60870f44966b7864a615331024d2bdd9ac52ece01
fgf2,12a7156731eaf84c5d69977de31ed61773a5bbbf707251317c63b6b7a80a3ea2,masked_substitution,e518c2a2b53629e7324ca676644e38eca89daa13d8df7760760978fb735f4c4c,primary_parent,f2ae21e180b652bfebf3d5ddadc548e5a203bc160d1132ebb1cdf640bbc3b27f,maximum_hydrophobic_run,numeric,true,same_frozen_numeric_contract,minimize,residues,1.0,1.0,0.0,-0.0,false,5a10fea3d49790048d2f9d758ea9bbe12ac59fc19ab9a9a0ad9d8b5c09125a3c
fgf2,12a7156731eaf84c5d69977de31ed61773a5bbbf707251317c63b6b7a80a3ea2,masked_substitution,e518c2a2b53629e7324ca676644e38eca89daa13d8df7760760978fb735f4c4c,primary_parent,f2ae21e180b652bfebf3d5ddadc548e5a203bc160d1132ebb1cdf640bbc3b27f,net_charge_ph7_4,numeric,false,audit_metric_has_no_monotonic_improvement_direction,audit,elementary_charge,7.985,7.985,0.0,,false,e958badb570faa780dbce99a4fe2104739bc556ab93f9eb46f31f93c62ba66f3
fgf2,12a7156731eaf84c5d69977de31ed61773a5bbbf707251317c63b6b7a80a3ea2,masked_substitution,e518c2a2b53629e7324ca676644e38eca89daa13d8df7760760978fb735f4c4c,primary_parent,f2ae21e180b652bfebf3d5ddadc548e5a203bc160d1132ebb1cdf640bbc3b27f,toxinpred3_hybrid_score,numeric,true,same_frozen_numeric_contract,minimize,dimensionless,0.0,0.0,0.0,-0.0,false,ca032069378d5f126d8ff169782e5e14cc4ea2a1b181d09078c1e88c8e09d79e
fgf2,12a7156731eaf84c5d69977de31ed61773a5bbbf707251317c63b6b7a80a3ea2,masked_substitution,e518c2a2b53629e7324ca676644e38eca89daa13d8df7760760978fb735f4c4c,primary_parent,f2ae21e180b652bfebf3d5ddadc548e5a203bc160d1132ebb1cdf640bbc3b27f,toxinpred3_label,categorical,true,same_frozen_label_contract,audit,label,Non-Toxin,Non-Toxin,,,false,2066478359264ceba48c52292a392998b3d2ebcb33b0490d9670e51595ed513e
fgf2,11deb89a36a9b34ecba32c1b8ed00f4be6ee39f296b426db59ad9b4950cda7a7,masked_substitution,23785ad21c98d40aca4492df2bdb16212417240972a2267282443d9688a6c6bd,primary_parent,f2ae21e180b652bfebf3d5ddadc548e5a203bc160d1132ebb1cdf640bbc3b27f,amp_read_log10_mic_um,numeric,true,same_frozen_numeric_contract,minimize,log10(uM),2.597941786798904,2.2505289064372636,-0.3474128803616403,0.3474128803616403,true,57d35e89477c96cdc49ac918456ae76155f09f9f370fc261e16d88cd4f563eb6
fgf2,11deb89a36a9b34ecba32c1b8ed00f4be6ee39f296b426db59ad9b4950cda7a7,masked_substitution,23785ad21c98d40aca4492df2bdb16212417240972a2267282443d9688a6c6bd,primary_parent,f2ae21e180b652bfebf3d5ddadc548e5a203bc160d1132ebb1cdf640bbc3b27f,guruprasad_instability_index,numeric,true,same_frozen_numeric_contract,minimize,index,29.246154,4.9384615384615405,-24.30769246153846,24.30769246153846,true,b479c6447fd8e4be8cf4fe37f09406ee2da0c11b631861a7c694e4fe33eef37a
fgf2,11deb89a36a9b34ecba32c1b8ed00f4be6ee39f296b426db59ad9b4950cda7a7,masked_substitution,23785ad21c98d40aca4492df2bdb16212417240972a2267282443d9688a6c6bd,primary_parent,f2ae21e180b652bfebf3d5ddadc548e5a203bc160d1132ebb1cdf640bbc3b27f,hydrophobic_moment_eisenberg,numeric,false,audit_metric_has_no_monotonic_improvement_direction,audit,dimensionless,0.24330416982349223,0.28686907980724163,0.0435649099837494,,true,0bce030665bdf3438724ddcdddc5f7a4c1cfb3d702513558448df3392296ba98
fgf2,11deb89a36a9b34ecba32c1b8ed00f4be6ee39f296b426db59ad9b4950cda7a7,masked_substitution,23785ad21c98d40aca4492df2bdb16212417240972a2267282443d9688a6c6bd,primary_parent,f2ae21e180b652bfebf3d5ddadc548e5a203bc160d1132ebb1cdf640bbc3b27f,hydrophobic_ratio_modlamp,numeric,false,audit_metric_has_no_monotonic_improvement_direction,audit,fraction,0.07692307692307693,0.11538461538461539,0.038461538461538464,,true,37bb3b1f8039bf825f08366377b13a79e41450abd46ee73c9504905758f0a445
fgf2,11deb89a36a9b34ecba32c1b8ed00f4be6ee39f296b426db59ad9b4950cda7a7,masked_substitution,23785ad21c98d40aca4492df2bdb16212417240972a2267282443d9688a6c6bd,primary_parent,f2ae21e180b652bfebf3d5ddadc548e5a203bc160d1132ebb1cdf640bbc3b27f,llamp_log10_mic_um,numeric,true,same_frozen_numeric_contract,minimize,log10(uM),1.645182728767395,1.8015750646591187,0.15639233589172363,-0.15639233589172363,true,d0f84929893b018c56b536a116b5e158e31f317ea4833b94f83274cab86024fc
fgf2,11deb89a36a9b34ecba32c1b8ed00f4be6ee39f296b426db59ad9b4950cda7a7,masked_substitution,23785ad21c98d40aca4492df2bdb16212417240972a2267282443d9688a6c6bd,primary_parent,f2ae21e180b652bfebf3d5ddadc548e5a203bc160d1132ebb1cdf640bbc3b27f,macrel_amp_probability,numeric,true,same_frozen_numeric_contract,maximize,probability,0.396,0.347,-0.049000000000000044,-0.049000000000000044,true,498a95cecf1d436acd716e3ccc277bfd38d248dee9f2804e3b786885ef83c2df
fgf2,11deb89a36a9b34ecba32c1b8ed00f4be6ee39f296b426db59ad9b4950cda7a7,masked_substitution,23785ad21c98d40aca4492df2bdb16212417240972a2267282443d9688a6c6bd,primary_parent,f2ae21e180b652bfebf3d5ddadc548e5a203bc160d1132ebb1cdf640bbc3b27f,macrel_hemolysis_label,categorical,true,same_frozen_label_contract,audit,label,low,low,,,false,31120e0020b1aeb9cf2f8df86a27c021ad69ff0f824bb7ba1879a9168058ae40
fgf2,11deb89a36a9b34ecba32c1b8ed00f4be6ee39f296b426db59ad9b4950cda7a7,masked_substitution,23785ad21c98d40aca4492df2bdb16212417240972a2267282443d9688a6c6bd,primary_parent,f2ae21e180b652bfebf3d5ddadc548e5a203bc160d1132ebb1cdf640bbc3b27f,macrel_hemolysis_probability,numeric,true,same_frozen_numeric_contract,minimize,probability,0.416,0.495,0.07900000000000001,-0.07900000000000001,true,53dc430c45b06d80ec7e38409381950c247bdb46c25811281da5167ace550995
fgf2,11deb89a36a9b34ecba32c1b8ed00f4be6ee39f296b426db59ad9b4950cda7a7,masked_substitution,23785ad21c98d40aca4492df2bdb16212417240972a2267282443d9688a6c6bd,primary_parent,f2ae21e180b652bfebf3d5ddadc548e5a203bc160d1132ebb1cdf640bbc3b27f,maximum_hydrophobic_run,numeric,true,same_frozen_numeric_contract,minimize,residues,1.0,1.0,0.0,-0.0,false,04c364585b312d2b5aa35d52aa8111e65254955424fa28cbbf4214ee1867a7b2
fgf2,11deb89a36a9b34ecba32c1b8ed00f4be6ee39f296b426db59ad9b4950cda7a7,masked_substitution,23785ad21c98d40aca4492df2bdb16212417240972a2267282443d9688a6c6bd,primary_parent,f2ae21e180b652bfebf3d5ddadc548e5a203bc160d1132ebb1cdf640bbc3b27f,net_charge_ph7_4,numeric,false,audit_metric_has_no_monotonic_improvement_direction,audit,elementary_charge,7.985,7.985,0.0,,false,b85005fb598f325eccfac6edfc3c8561d880b704a4c76532119eb6837af0c9b9
fgf2,11deb89a36a9b34ecba32c1b8ed00f4be6ee39f296b426db59ad9b4950cda7a7,masked_substitution,23785ad21c98d40aca4492df2bdb16212417240972a2267282443d9688a6c6bd,primary_parent,f2ae21e180b652bfebf3d5ddadc548e5a203bc160d1132ebb1cdf640bbc3b27f,toxinpred3_hybrid_score,numeric,true,same_frozen_numeric_contract,minimize,dimensionless,0.0,0.0,0.0,-0.0,false,5d0b336d8a3869b0612b6986233544c34421cf2f8c0aacc14b1fb9931a6d4bb8
fgf2,11deb89a36a9b34ecba32c1b8ed00f4be6ee39f296b426db59ad9b4950cda7a7,masked_substitution,23785ad21c98d40aca4492df2bdb16212417240972a2267282443d9688a6c6bd,primary_parent,f2ae21e180b652bfebf3d5ddadc548e5a203bc160d1132ebb1cdf640bbc3b27f,toxinpred3_label,categorical,true,same_frozen_label_contract,audit,label,Non-Toxin,Non-Toxin,,,false,d8ffd6e8dfc054cc4277a87f3441686355d6a2a63e0dd2a51b4dd5a9eeeccab7
fgf2,84f212e0c76a7929a5c77bb235880fc5c0367421456a9d02bfb55023da18825d,masked_substitution,b9ac788a8efd931878d7214786e4f95a2083aaca90c75f87ce688553ac140a24,primary_parent,f2ae21e180b652bfebf3d5ddadc548e5a203bc160d1132ebb1cdf640bbc3b27f,amp_read_log10_mic_um,numeric,true,same_frozen_numeric_contract,minimize,log10(uM),2.597941786798904,2.224175756051004,-0.37376603074790005,0.37376603074790005,true,f00d4ef020110917b41d56699bac71f98ff49d45afc557260b02e5ad1c7e2c54
fgf2,84f212e0c76a7929a5c77bb235880fc5c0367421456a9d02bfb55023da18825d,masked_substitution,b9ac788a8efd931878d7214786e4f95a2083aaca90c75f87ce688553ac140a24,primary_parent,f2ae21e180b652bfebf3d5ddadc548e5a203bc160d1132ebb1cdf640bbc3b27f,guruprasad_instability_index,numeric,true,same_frozen_numeric_contract,minimize,index,29.246154,26.969230769230773,-2.2769232307692278,2.2769232307692278,true,2f3b645e6f8ce4d20434d57950a34f70b01c202f741e96a0a1901a4550af12c5
fgf2,84f212e0c76a7929a5c77bb235880fc5c0367421456a9d02bfb55023da18825d,masked_substitution,b9ac788a8efd931878d7214786e4f95a2083aaca90c75f87ce688553ac140a24,primary_parent,f2ae21e180b652bfebf3d5ddadc548e5a203bc160d1132ebb1cdf640bbc3b27f,hydrophobic_moment_eisenberg,numeric,false,audit_metric_has_no_monotonic_improvement_direction,audit,dimensionless,0.24330416982349223,0.2768325524511875,0.03352838262769525,,true,806b84e5acdee8b956da76251c9d3ca7006428c1457fbcc73a809310d1f7fc89
fgf2,84f212e0c76a7929a5c77bb235880fc5c0367421456a9d02bfb55023da18825d,masked_substitution,b9ac788a8efd931878d7214786e4f95a2083aaca90c75f87ce688553ac140a24,primary_parent,f2ae21e180b652bfebf3d5ddadc548e5a203bc160d1132ebb1cdf640bbc3b27f,hydrophobic_ratio_modlamp,numeric,false,audit_metric_has_no_monotonic_improvement_direction,audit,fraction,0.07692307692307693,0.07692307692307693,0.0,,false,255c0024577c36825995d2914199e74f526b553e20d0b49a4fd2c504086fd45a
fgf2,84f212e0c76a7929a5c77bb235880fc5c0367421456a9d02bfb55023da18825d,masked_substitution,b9ac788a8efd931878d7214786e4f95a2083aaca90c75f87ce688553ac140a24,primary_parent,f2ae21e180b652bfebf3d5ddadc548e5a203bc160d1132ebb1cdf640bbc3b27f,llamp_log10_mic_um,numeric,true,same_frozen_numeric_contract,minimize,log10(uM),1.645182728767395,1.638274073600769,-0.0069086551666259766,0.0069086551666259766,true,ad1800b8fec158e395c76f2c4bbc04de57531e6a3ef0fe97581d6280bb6338dc
fgf2,84f212e0c76a7929a5c77bb235880fc5c0367421456a9d02bfb55023da18825d,masked_substitution,b9ac788a8efd931878d7214786e4f95a2083aaca90c75f87ce688553ac140a24,primary_parent,f2ae21e180b652bfebf3d5ddadc548e5a203bc160d1132ebb1cdf640bbc3b27f,macrel_amp_probability,numeric,true,same_frozen_numeric_contract,maximize,probability,0.396,0.455,0.059,0.059,true,4249750e4ff0feed5b07272cec3f5877c6d66bb57f6aa8f60ff0f8a6db3a6a88
fgf2,84f212e0c76a7929a5c77bb235880fc5c0367421456a9d02bfb55023da18825d,masked_substitution,b9ac788a8efd931878d7214786e4f95a2083aaca90c75f87ce688553ac140a24,primary_parent,f2ae21e180b652bfebf3d5ddadc548e5a203bc160d1132ebb1cdf640bbc3b27f,macrel_hemolysis_label,categorical,true,same_frozen_label_contract,audit,label,low,low,,,false,b541d74f870d22d09665a5a2f478697cb2123c54e5c6fe19e1c444f560c035b0
fgf2,84f212e0c76a7929a5c77bb235880fc5c0367421456a9d02bfb55023da18825d,masked_substitution,b9ac788a8efd931878d7214786e4f95a2083aaca90c75f87ce688553ac140a24,primary_parent,f2ae21e180b652bfebf3d5ddadc548e5a203bc160d1132ebb1cdf640bbc3b27f,macrel_hemolysis_probability,numeric,true,same_frozen_numeric_contract,minimize,probability,0.416,0.495,0.07900000000000001,-0.07900000000000001,true,45e94084409a1d00083c38c1a99d510dce53d4eb5042f36c799231d904955c7e
fgf2,84f212e0c76a7929a5c77bb235880fc5c0367421456a9d02bfb55023da18825d,masked_substitution,b9ac788a8efd931878d7214786e4f95a2083aaca90c75f87ce688553ac140a24,primary_parent,f2ae21e180b652bfebf3d5ddadc548e5a203bc160d1132ebb1cdf640bbc3b27f,maximum_hydrophobic_run,numeric,true,same_frozen_numeric_contract,minimize,residues,1.0,1.0,0.0,-0.0,false,bdb7fe08e17179a1e6abeb869cac5da4966fc7e9ee574b962fe0dadf933e25d9
fgf2,84f212e0c76a7929a5c77bb235880fc5c0367421456a9d02bfb55023da18825d,masked_substitution,b9ac788a8efd931878d7214786e4f95a2083aaca90c75f87ce688553ac140a24,primary_parent,f2ae21e180b652bfebf3d5ddadc548e5a203bc160d1132ebb1cdf640bbc3b27f,net_charge_ph7_4,numeric,false,audit_metric_has_no_monotonic_improvement_direction,audit,elementary_charge,7.985,7.985,0.0,,false,00342a2496feddb635a1e4230915309117e6171d77a51bb997ac4cd8a8b1b776
fgf2,84f212e0c76a7929a5c77bb235880fc5c0367421456a9d02bfb55023da18825d,masked_substitution,b9ac788a8efd931878d7214786e4f95a2083aaca90c75f87ce688553ac140a24,primary_parent,f2ae21e180b652bfebf3d5ddadc548e5a203bc160d1132ebb1cdf640bbc3b27f,toxinpred3_hybrid_score,numeric,true,same_frozen_numeric_contract,minimize,dimensionless,0.0,0.0,0.0,-0.0,false,2fbabd6fb865d9796958b200798f83cb8444b9ada87de96b517c0f398564a65f
fgf2,84f212e0c76a7929a5c77bb235880fc5c0367421456a9d02bfb55023da18825d,masked_substitution,b9ac788a8efd931878d7214786e4f95a2083aaca90c75f87ce688553ac140a24,primary_parent,f2ae21e180b652bfebf3d5ddadc548e5a203bc160d1132ebb1cdf640bbc3b27f,toxinpred3_label,categorical,true,same_frozen_label_contract,audit,label,Non-Toxin,Non-Toxin,,,false,2bf426395b0e044aa5d58572f41e7c37cce2537249bea967c7d8ecb26a873a30
fgf2,7d77b19e5507a8fba17bf6f10a1e0f5fc15b23caf03b8f0909b07eeb97187003,masked_substitution,3bfa9d0c565559f268343bd07cbcde99e9efdaa30f6f7927f4dacda0b407ef20,primary_parent,f2ae21e180b652bfebf3d5ddadc548e5a203bc160d1132ebb1cdf640bbc3b27f,amp_read_log10_mic_um,numeric,true,same_frozen_numeric_contract,minimize,log10(uM),2.597941786798904,2.2438340815169076,-0.3541077052819963,0.3541077052819963,true,f5b4c19660d466764456f8c9c4938f9a2d56d02a6096d9ab81a539cc0dc676ba
fgf2,7d77b19e5507a8fba17bf6f10a1e0f5fc15b23caf03b8f0909b07eeb97187003,masked_substitution,3bfa9d0c565559f268343bd07cbcde99e9efdaa30f6f7927f4dacda0b407ef20,primary_parent,f2ae21e180b652bfebf3d5ddadc548e5a203bc160d1132ebb1cdf640bbc3b27f,guruprasad_instability_index,numeric,true,same_frozen_numeric_contract,minimize,index,29.246154,-0.861538461538461,-30.107692461538463,30.107692461538463,true,56cffd5dbd9ea39cd1ecbcfe9b6875f74ef2994bc1414db82708f995da62615f
fgf2,7d77b19e5507a8fba17bf6f10a1e0f5fc15b23caf03b8f0909b07eeb97187003,masked_substitution,3bfa9d0c565559f268343bd07cbcde99e9efdaa30f6f7927f4dacda0b407ef20,primary_parent,f2ae21e180b652bfebf3d5ddadc548e5a203bc160d1132ebb1cdf640bbc3b27f,hydrophobic_moment_eisenberg,numeric,false,audit_metric_has_no_monotonic_improvement_direction,audit,dimensionless,0.24330416982349223,0.25804989831058456,0.014745728487092324,,true,e0cebb906286fc2336aabec1c828673f59b644a709d881bf10d6966072eb98b1
fgf2,7d77b19e5507a8fba17bf6f10a1e0f5fc15b23caf03b8f0909b07eeb97187003,masked_substitution,3bfa9d0c565559f268343bd07cbcde99e9efdaa30f6f7927f4dacda0b407ef20,primary_parent,f2ae21e180b652bfebf3d5ddadc548e5a203bc160d1132ebb1cdf640bbc3b27f,hydrophobic_ratio_modlamp,numeric,false,audit_metric_has_no_monotonic_improvement_direction,audit,fraction,0.07692307692307693,0.07692307692307693,0.0,,false,daea8a2b1dad3ef1163a9803ccfb77c3b1a37a903131c8c864d84821332a962f
fgf2,7d77b19e5507a8fba17bf6f10a1e0f5fc15b23caf03b8f0909b07eeb97187003,masked_substitution,3bfa9d0c565559f268343bd07cbcde99e9efdaa30f6f7927f4dacda0b407ef20,primary_parent,f2ae21e180b652bfebf3d5ddadc548e5a203bc160d1132ebb1cdf640bbc3b27f,llamp_log10_mic_um,numeric,true,same_frozen_numeric_contract,minimize,log10(uM),1.645182728767395,1.5180386304855347,-0.12714409828186035,0.12714409828186035,true,71f6b8e495e9270f399c6f389388208a557dc48839b3b5bf5979110804534716
fgf2,7d77b19e5507a8fba17bf6f10a1e0f5fc15b23caf03b8f0909b07eeb97187003,masked_substitution,3bfa9d0c565559f268343bd07cbcde99e9efdaa30f6f7927f4dacda0b407ef20,primary_parent,f2ae21e180b652bfebf3d5ddadc548e5a203bc160d1132ebb1cdf640bbc3b27f,macrel_amp_probability,numeric,true,same_frozen_numeric_contract,maximize,probability,0.396,0.337,-0.059,-0.059,true,e51db049232f09e6f56ecf1d3a181515ca13ce7c4e21ed83c8f62d4bbe5a8b8b
fgf2,7d77b19e5507a8fba17bf6f10a1e0f5fc15b23caf03b8f0909b07eeb97187003,masked_substitution,3bfa9d0c565559f268343bd07cbcde99e9efdaa30f6f7927f4dacda0b407ef20,primary_parent,f2ae21e180b652bfebf3d5ddadc548e5a203bc160d1132ebb1cdf640bbc3b27f,macrel_hemolysis_label,categorical,true,same_frozen_label_contract,audit,label,low,low,,,false,ef6283800cb32cec60364b5c147bd00f3b0220648083a20cf749e211d30f479f
fgf2,7d77b19e5507a8fba17bf6f10a1e0f5fc15b23caf03b8f0909b07eeb97187003,masked_substitution,3bfa9d0c565559f268343bd07cbcde99e9efdaa30f6f7927f4dacda0b407ef20,primary_parent,f2ae21e180b652bfebf3d5ddadc548e5a203bc160d1132ebb1cdf640bbc3b27f,macrel_hemolysis_probability,numeric,true,same_frozen_numeric_contract,minimize,probability,0.416,0.495,0.07900000000000001,-0.07900000000000001,true,564f1ed37a5d7134a3e6a24877afe70d0e7c71d8bc43766411a49b6079012400
fgf2,7d77b19e5507a8fba17bf6f10a1e0f5fc15b23caf03b8f0909b07eeb97187003,masked_substitution,3bfa9d0c565559f268343bd07cbcde99e9efdaa30f6f7927f4dacda0b407ef20,primary_parent,f2ae21e180b652bfebf3d5ddadc548e5a203bc160d1132ebb1cdf640bbc3b27f,maximum_hydrophobic_run,numeric,true,same_frozen_numeric_contract,minimize,residues,1.0,1.0,0.0,-0.0,false,979b27babf0108ee09af1b9b0a69027b5a3949835f9e9de0079b02845ea7c96f
fgf2,7d77b19e5507a8fba17bf6f10a1e0f5fc15b23caf03b8f0909b07eeb97187003,masked_substitution,3bfa9d0c565559f268343bd07cbcde99e9efdaa30f6f7927f4dacda0b407ef20,primary_parent,f2ae21e180b652bfebf3d5ddadc548e5a203bc160d1132ebb1cdf640bbc3b27f,net_charge_ph7_4,numeric,false,audit_metric_has_no_monotonic_improvement_direction,audit,elementary_charge,7.985,7.983,-0.002000000000000668,,true,973aa64e40e40abca2fb4d38ec677cdced3bcecfc918a449542586cf8d272476
fgf2,7d77b19e5507a8fba17bf6f10a1e0f5fc15b23caf03b8f0909b07eeb97187003,masked_substitution,3bfa9d0c565559f268343bd07cbcde99e9efdaa30f6f7927f4dacda0b407ef20,primary_parent,f2ae21e180b652bfebf3d5ddadc548e5a203bc160d1132ebb1cdf640bbc3b27f,toxinpred3_hybrid_score,numeric,true,same_frozen_numeric_contract,minimize,dimensionless,0.0,0.0,0.0,-0.0,false,aa6ab3ae8b020b6b4ecbfc0a861e6a00309149d972b51ee3973db9f30fe9c98b
fgf2,7d77b19e5507a8fba17bf6f10a1e0f5fc15b23caf03b8f0909b07eeb97187003,masked_substitution,3bfa9d0c565559f268343bd07cbcde99e9efdaa30f6f7927f4dacda0b407ef20,primary_parent,f2ae21e180b652bfebf3d5ddadc548e5a203bc160d1132ebb1cdf640bbc3b27f,toxinpred3_label,categorical,true,same_frozen_label_contract,audit,label,Non-Toxin,Non-Toxin,,,false,7f18572f0a96e8854dd5ed6c4d318136d5a067174e8afa4e29c519b7deef15e3
fgf2,7901ef79d79b7dad388038f4590d8ebdf88942e505223348599298fe8a9d6d4d,masked_substitution,5fbc981ed7cd4799e0f77d381c064cc2f67b40c2dc3a4ddf2e9e14c41618b388,primary_parent,f2ae21e180b652bfebf3d5ddadc548e5a203bc160d1132ebb1cdf640bbc3b27f,amp_read_log10_mic_um,numeric,true,same_frozen_numeric_contract,minimize,log10(uM),2.597941786798904,2.5233387469784176,-0.07460303982048622,0.07460303982048622,true,1e275ff3485ebb674d0ea749c5ec7bd8121e2c181044243a6999a217e2af4392
fgf2,7901ef79d79b7dad388038f4590d8ebdf88942e505223348599298fe8a9d6d4d,masked_substitution,5fbc981ed7cd4799e0f77d381c064cc2f67b40c2dc3a4ddf2e9e14c41618b388,primary_parent,f2ae21e180b652bfebf3d5ddadc548e5a203bc160d1132ebb1cdf640bbc3b27f,guruprasad_instability_index,numeric,true,same_frozen_numeric_contract,minimize,index,29.246154,21.83846153846154,-7.40769246153846,7.40769246153846,true,5dea3f6e8531477214dbd849394c6115a08e3a95eaf1a05429f4040cab9c3951
fgf2,7901ef79d79b7dad388038f4590d8ebdf88942e505223348599298fe8a9d6d4d,masked_substitution,5fbc981ed7cd4799e0f77d381c064cc2f67b40c2dc3a4ddf2e9e14c41618b388,primary_parent,f2ae21e180b652bfebf3d5ddadc548e5a203bc160d1132ebb1cdf640bbc3b27f,hydrophobic_moment_eisenberg,numeric,false,audit_metric_has_no_monotonic_improvement_direction,audit,dimensionless,0.24330416982349223,0.2660527010989111,0.02274853127541887,,true,07f4844d669cd5c1817d8791f41ccc60e0d063c500c3b11e074a77cd22406e3e
fgf2,7901ef79d79b7dad388038f4590d8ebdf88942e505223348599298fe8a9d6d4d,masked_substitution,5fbc981ed7cd4799e0f77d381c064cc2f67b40c2dc3a4ddf2e9e14c41618b388,primary_parent,f2ae21e180b652bfebf3d5ddadc548e5a203bc160d1132ebb1cdf640bbc3b27f,hydrophobic_ratio_modlamp,numeric,false,audit_metric_has_no_monotonic_improvement_direction,audit,fraction,0.07692307692307693,0.11538461538461539,0.038461538461538464,,true,ba92cdf43532dc13c99433f637053aaef26bf592df480ef3e2aea8692f69a5bf
fgf2,7901ef79d79b7dad388038f4590d8ebdf88942e505223348599298fe8a9d6d4d,masked_substitution,5fbc981ed7cd4799e0f77d381c064cc2f67b40c2dc3a4ddf2e9e14c41618b388,primary_parent,f2ae21e180b652bfebf3d5ddadc548e5a203bc160d1132ebb1cdf640bbc3b27f,llamp_log10_mic_um,numeric,true,same_frozen_numeric_contract,minimize,log10(uM),1.645182728767395,1.7676457166671753,0.12246298789978027,-0.12246298789978027,true,6a8bdaa0db0293f28030c2516b82c7f62ffe777547886016055115ba7b4650cd
fgf2,7901ef79d79b7dad388038f4590d8ebdf88942e505223348599298fe8a9d6d4d,masked_substitution,5fbc981ed7cd4799e0f77d381c064cc2f67b40c2dc3a4ddf2e9e14c41618b388,primary_parent,f2ae21e180b652bfebf3d5ddadc548e5a203bc160d1132ebb1cdf640bbc3b27f,macrel_amp_probability,numeric,true,same_frozen_numeric_contract,maximize,probability,0.396,0.297,-0.09900000000000003,-0.09900000000000003,true,6f3048680010dd127f157d5aa961224da3aa47cc558ec2680120e01b1f0ceabc
fgf2,7901ef79d79b7dad388038f4590d8ebdf88942e505223348599298fe8a9d6d4d,masked_substitution,5fbc981ed7cd4799e0f77d381c064cc2f67b40c2dc3a4ddf2e9e14c41618b388,primary_parent,f2ae21e180b652bfebf3d5ddadc548e5a203bc160d1132ebb1cdf640bbc3b27f,macrel_hemolysis_label,categorical,true,same_frozen_label_contract,audit,label,low,low,,,false,91ab715bcc2bfb973e78bb95b5e50d068750e79c9a11258632e323a7464317bb
fgf2,7901ef79d79b7dad388038f4590d8ebdf88942e505223348599298fe8a9d6d4d,masked_substitution,5fbc981ed7cd4799e0f77d381c064cc2f67b40c2dc3a4ddf2e9e14c41618b388,primary_parent,f2ae21e180b652bfebf3d5ddadc548e5a203bc160d1132ebb1cdf640bbc3b27f,macrel_hemolysis_probability,numeric,true,same_frozen_numeric_contract,minimize,probability,0.416,0.376,-0.03999999999999998,0.03999999999999998,true,e0a7c1045cdf37925ce29df1100f3b5326d4c772e9c03c5c828bef6916cf8c5d
fgf2,7901ef79d79b7dad388038f4590d8ebdf88942e505223348599298fe8a9d6d4d,masked_substitution,5fbc981ed7cd4799e0f77d381c064cc2f67b40c2dc3a4ddf2e9e14c41618b388,primary_parent,f2ae21e180b652bfebf3d5ddadc548e5a203bc160d1132ebb1cdf640bbc3b27f,maximum_hydrophobic_run,numeric,true,same_frozen_numeric_contract,minimize,residues,1.0,1.0,0.0,-0.0,false,14c600d13af8137a5bbf8a4023e6bc890312c0bd63becf434ee21af7c7895690
fgf2,7901ef79d79b7dad388038f4590d8ebdf88942e505223348599298fe8a9d6d4d,masked_substitution,5fbc981ed7cd4799e0f77d381c064cc2f67b40c2dc3a4ddf2e9e14c41618b388,primary_parent,f2ae21e180b652bfebf3d5ddadc548e5a203bc160d1132ebb1cdf640bbc3b27f,net_charge_ph7_4,numeric,false,audit_metric_has_no_monotonic_improvement_direction,audit,elementary_charge,7.985,8.984,0.9989999999999997,,true,6d222e97bc2fded6e8bc0bf8ae6f290a4ac345d7a02999132b16797bbd640235
fgf2,7901ef79d79b7dad388038f4590d8ebdf88942e505223348599298fe8a9d6d4d,masked_substitution,5fbc981ed7cd4799e0f77d381c064cc2f67b40c2dc3a4ddf2e9e14c41618b388,primary_parent,f2ae21e180b652bfebf3d5ddadc548e5a203bc160d1132ebb1cdf640bbc3b27f,toxinpred3_hybrid_score,numeric,true,same_frozen_numeric_contract,minimize,dimensionless,0.0,0.0,0.0,-0.0,false,b7b6159769d54fe52dc14919367bb2bb0317a4afa7b9a256d82c72eec65a4c88
fgf2,7901ef79d79b7dad388038f4590d8ebdf88942e505223348599298fe8a9d6d4d,masked_substitution,5fbc981ed7cd4799e0f77d381c064cc2f67b40c2dc3a4ddf2e9e14c41618b388,primary_parent,f2ae21e180b652bfebf3d5ddadc548e5a203bc160d1132ebb1cdf640bbc3b27f,toxinpred3_label,categorical,true,same_frozen_label_contract,audit,label,Non-Toxin,Non-Toxin,,,false,6cf4fe539d62a774931c756342de9e63bb0f1d4c3b4cc8e7712ee4cfc7842ef1
fgf2,9a3b15a93661b90b159b59f6c628258bbd46a1a4b70886cc3f6a6b9e41848f74,masked_substitution,2faeecddd7f594bb8e15d3ab028414eea506df36945f2a4de5c0616e9c87ba3e,primary_parent,f2ae21e180b652bfebf3d5ddadc548e5a203bc160d1132ebb1cdf640bbc3b27f,amp_read_log10_mic_um,numeric,true,same_frozen_numeric_contract,minimize,log10(uM),2.597941786798904,2.3742282791453335,-0.22371350765357034,0.22371350765357034,true,6af54b11ab49c3e7f07f3c8d57c5072cbca9375b6f1e25f9b8d49a740d2c63f6
fgf2,9a3b15a93661b90b159b59f6c628258bbd46a1a4b70886cc3f6a6b9e41848f74,masked_substitution,2faeecddd7f594bb8e15d3ab028414eea506df36945f2a4de5c0616e9c87ba3e,primary_parent,f2ae21e180b652bfebf3d5ddadc548e5a203bc160d1132ebb1cdf640bbc3b27f,guruprasad_instability_index,numeric,true,same_frozen_numeric_contract,minimize,index,29.246154,18.573076923076922,-10.673077076923079,10.673077076923079,true,12a07538239e873ef2372c7fb810fcfdd327c82657f44c73ed2f03cf6160bb3c
fgf2,9a3b15a93661b90b159b59f6c628258bbd46a1a4b70886cc3f6a6b9e41848f74,masked_substitution,2faeecddd7f594bb8e15d3ab028414eea506df36945f2a4de5c0616e9c87ba3e,primary_parent,f2ae21e180b652bfebf3d5ddadc548e5a203bc160d1132ebb1cdf640bbc3b27f,hydrophobic_moment_eisenberg,numeric,false,audit_metric_has_no_monotonic_improvement_direction,audit,dimensionless,0.24330416982349223,0.28266380216657727,0.03935963234308504,,true,50d8ecb5013d0f43a36dc85d4394d5ad4dc888413a8639287b09c9ef932d3a0e
fgf2,9a3b15a93661b90b159b59f6c628258bbd46a1a4b70886cc3f6a6b9e41848f74,masked_substitution,2faeecddd7f594bb8e15d3ab028414eea506df36945f2a4de5c0616e9c87ba3e,primary_parent,f2ae21e180b652bfebf3d5ddadc548e5a203bc160d1132ebb1cdf640bbc3b27f,hydrophobic_ratio_modlamp,numeric,false,audit_metric_has_no_monotonic_improvement_direction,audit,fraction,0.07692307692307693,0.11538461538461539,0.038461538461538464,,true,6590e6d5fb770ee8d59eca418222e3d3c9815347d988e2d1e157015ba350c1af
fgf2,9a3b15a93661b90b159b59f6c628258bbd46a1a4b70886cc3f6a6b9e41848f74,masked_substitution,2faeecddd7f594bb8e15d3ab028414eea506df36945f2a4de5c0616e9c87ba3e,primary_parent,f2ae21e180b652bfebf3d5ddadc548e5a203bc160d1132ebb1cdf640bbc3b27f,llamp_log10_mic_um,numeric,true,same_frozen_numeric_contract,minimize,log10(uM),1.645182728767395,1.7469993829727173,0.10181665420532227,-0.10181665420532227,true,9603e899f366778ab689733061b04c838a61643882b36cc0d691af1a98da9041
fgf2,9a3b15a93661b90b159b59f6c628258bbd46a1a4b70886cc3f6a6b9e41848f74,masked_substitution,2faeecddd7f594bb8e15d3ab028414eea506df36945f2a4de5c0616e9c87ba3e,primary_parent,f2ae21e180b652bfebf3d5ddadc548e5a203bc160d1132ebb1cdf640bbc3b27f,macrel_amp_probability,numeric,true,same_frozen_numeric_contract,maximize,probability,0.396,0.317,-0.07900000000000001,-0.07900000000000001,true,744a76a56803071b782f191c03958e03654a444410a44c21e47dbb495bb1314b
fgf2,9a3b15a93661b90b159b59f6c628258bbd46a1a4b70886cc3f6a6b9e41848f74,masked_substitution,2faeecddd7f594bb8e15d3ab028414eea506df36945f2a4de5c0616e9c87ba3e,primary_parent,f2ae21e180b652bfebf3d5ddadc548e5a203bc160d1132ebb1cdf640bbc3b27f,macrel_hemolysis_label,categorical,true,same_frozen_label_contract,audit,label,low,low,,,false,eda4b789cb50875549ee7e9a09bd3cae840b2959d31ea31e700f561492effcef
fgf2,9a3b15a93661b90b159b59f6c628258bbd46a1a4b70886cc3f6a6b9e41848f74,masked_substitution,2faeecddd7f594bb8e15d3ab028414eea506df36945f2a4de5c0616e9c87ba3e,primary_parent,f2ae21e180b652bfebf3d5ddadc548e5a203bc160d1132ebb1cdf640bbc3b27f,macrel_hemolysis_probability,numeric,true,same_frozen_numeric_contract,minimize,probability,0.416,0.436,0.020000000000000018,-0.020000000000000018,true,1ef3d147344f0554b04ed0b78728f299187d916105152f7475e4128b739b62fc
fgf2,9a3b15a93661b90b159b59f6c628258bbd46a1a4b70886cc3f6a6b9e41848f74,masked_substitution,2faeecddd7f594bb8e15d3ab028414eea506df36945f2a4de5c0616e9c87ba3e,primary_parent,f2ae21e180b652bfebf3d5ddadc548e5a203bc160d1132ebb1cdf640bbc3b27f,maximum_hydrophobic_run,numeric,true,same_frozen_numeric_contract,minimize,residues,1.0,1.0,0.0,-0.0,false,8859d2c61af92e5626e1a43cc656a8b893eb79dadd89d1806305d1d4f8017562
fgf2,9a3b15a93661b90b159b59f6c628258bbd46a1a4b70886cc3f6a6b9e41848f74,masked_substitution,2faeecddd7f594bb8e15d3ab028414eea506df36945f2a4de5c0616e9c87ba3e,primary_parent,f2ae21e180b652bfebf3d5ddadc548e5a203bc160d1132ebb1cdf640bbc3b27f,net_charge_ph7_4,numeric,false,audit_metric_has_no_monotonic_improvement_direction,audit,elementary_charge,7.985,8.984,0.9989999999999997,,true,af9b46f531bf71d9d786098fba6c3b805bc7d89a976fcfd713b134e70c3b68f4
fgf2,9a3b15a93661b90b159b59f6c628258bbd46a1a4b70886cc3f6a6b9e41848f74,masked_substitution,2faeecddd7f594bb8e15d3ab028414eea506df36945f2a4de5c0616e9c87ba3e,primary_parent,f2ae21e180b652bfebf3d5ddadc548e5a203bc160d1132ebb1cdf640bbc3b27f,toxinpred3_hybrid_score,numeric,true,same_frozen_numeric_contract,minimize,dimensionless,0.0,0.0,0.0,-0.0,false,e0f1bcb8159f3bf108d2719ccb0d982ae63de2b6f601d5d76f66c47b98c85f50
fgf2,9a3b15a93661b90b159b59f6c628258bbd46a1a4b70886cc3f6a6b9e41848f74,masked_substitution,2faeecddd7f594bb8e15d3ab028414eea506df36945f2a4de5c0616e9c87ba3e,primary_parent,f2ae21e180b652bfebf3d5ddadc548e5a203bc160d1132ebb1cdf640bbc3b27f,toxinpred3_label,categorical,true,same_frozen_label_contract,audit,label,Non-Toxin,Non-Toxin,,,false,c8a46e8eb1d7d93648e3bf48e231357da42d5ec58ea095fb24ac3406839b5fef
fgf2,351a03570863786e79aaff47429c7cb4b1b0840f8b5279fe0b3cffd8d0e56c6d,masked_substitution,31d742e0005b460d756725106a44762bfac44233efdf903dcea76269ce2398ae,primary_parent,f2ae21e180b652bfebf3d5ddadc548e5a203bc160d1132ebb1cdf640bbc3b27f,amp_read_log10_mic_um,numeric,true,same_frozen_numeric_contract,minimize,log10(uM),2.597941786798904,2.381478584586221,-0.21646320221268267,0.21646320221268267,true,61685a9e5dc96316fe58dcca3b0f0dfa8aa7b68517ea90cad21c0635fb90f4a7
fgf2,351a03570863786e79aaff47429c7cb4b1b0840f8b5279fe0b3cffd8d0e56c6d,masked_substitution,31d742e0005b460d756725106a44762bfac44233efdf903dcea76269ce2398ae,primary_parent,f2ae21e180b652bfebf3d5ddadc548e5a203bc160d1132ebb1cdf640bbc3b27f,guruprasad_instability_index,numeric,true,same_frozen_numeric_contract,minimize,index,29.246154,18.573076923076922,-10.673077076923079,10.673077076923079,true,156b9e0f7a10eb9a854c82807a6724e25a9b8ae3c840208a63f0dc24e3e53616
fgf2,351a03570863786e79aaff47429c7cb4b1b0840f8b5279fe0b3cffd8d0e56c6d,masked_substitution,31d742e0005b460d756725106a44762bfac44233efdf903dcea76269ce2398ae,primary_parent,f2ae21e180b652bfebf3d5ddadc548e5a203bc160d1132ebb1cdf640bbc3b27f,hydrophobic_moment_eisenberg,numeric,false,audit_metric_has_no_monotonic_improvement_direction,audit,dimensionless,0.24330416982349223,0.2760074648493057,0.032703295025813484,,true,476292f21ccd44956cafda30c41dd321b978bf5af7782e5208ebbe55cad70c2b
fgf2,351a03570863786e79aaff47429c7cb4b1b0840f8b5279fe0b3cffd8d0e56c6d,masked_substitution,31d742e0005b460d756725106a44762bfac44233efdf903dcea76269ce2398ae,primary_parent,f2ae21e180b652bfebf3d5ddadc548e5a203bc160d1132ebb1cdf640bbc3b27f,hydrophobic_ratio_modlamp,numeric,false,audit_metric_has_no_monotonic_improvement_direction,audit,fraction,0.07692307692307693,0.11538461538461539,0.038461538461538464,,true,42cd3bcf7da2177765fcd2646d2beca36ed4344fe0a913d63d21f671b12e1da3
fgf2,351a03570863786e79aaff47429c7cb4b1b0840f8b5279fe0b3cffd8d0e56c6d,masked_substitution,31d742e0005b460d756725106a44762bfac44233efdf903dcea76269ce2398ae,primary_parent,f2ae21e180b652bfebf3d5ddadc548e5a203bc160d1132ebb1cdf640bbc3b27f,llamp_log10_mic_um,numeric,true,same_frozen_numeric_contract,minimize,log10(uM),1.645182728767395,1.6867297887802124,0.04154706001281738,-0.04154706001281738,true,591a262fc741996843c5c1241b6ac7b58551c7c23944f2a63c494473dbbf3b68
fgf2,351a03570863786e79aaff47429c7cb4b1b0840f8b5279fe0b3cffd8d0e56c6d,masked_substitution,31d742e0005b460d756725106a44762bfac44233efdf903dcea76269ce2398ae,primary_parent,f2ae21e180b652bfebf3d5ddadc548e5a203bc160d1132ebb1cdf640bbc3b27f,macrel_amp_probability,numeric,true,same_frozen_numeric_contract,maximize,probability,0.396,0.307,-0.08900000000000002,-0.08900000000000002,true,3a100fe359da56ec6b2d4ab28ef6c92da2f5c05aca64c6d71671ff331d302c5c
fgf2,351a03570863786e79aaff47429c7cb4b1b0840f8b5279fe0b3cffd8d0e56c6d,masked_substitution,31d742e0005b460d756725106a44762bfac44233efdf903dcea76269ce2398ae,primary_parent,f2ae21e180b652bfebf3d5ddadc548e5a203bc160d1132ebb1cdf640bbc3b27f,macrel_hemolysis_label,categorical,true,same_frozen_label_contract,audit,label,low,low,,,false,320b3a6bf407e88ced5a359dfb5a409743c8ec5d482daa80e16cb9adcb0b2ca2
fgf2,351a03570863786e79aaff47429c7cb4b1b0840f8b5279fe0b3cffd8d0e56c6d,masked_substitution,31d742e0005b460d756725106a44762bfac44233efdf903dcea76269ce2398ae,primary_parent,f2ae21e180b652bfebf3d5ddadc548e5a203bc160d1132ebb1cdf640bbc3b27f,macrel_hemolysis_probability,numeric,true,same_frozen_numeric_contract,minimize,probability,0.416,0.446,0.030000000000000027,-0.030000000000000027,true,3cf9faa7b11f75761d054100173d68d309844545ea251050c7e5e6399d6fd0c9
fgf2,351a03570863786e79aaff47429c7cb4b1b0840f8b5279fe0b3cffd8d0e56c6d,masked_substitution,31d742e0005b460d756725106a44762bfac44233efdf903dcea76269ce2398ae,primary_parent,f2ae21e180b652bfebf3d5ddadc548e5a203bc160d1132ebb1cdf640bbc3b27f,maximum_hydrophobic_run,numeric,true,same_frozen_numeric_contract,minimize,residues,1.0,1.0,0.0,-0.0,false,d38a1d0773abc481810e79c61d4e310a2e50a98560a8aee921e31e2571aa39a8
fgf2,351a03570863786e79aaff47429c7cb4b1b0840f8b5279fe0b3cffd8d0e56c6d,masked_substitution,31d742e0005b460d756725106a44762bfac44233efdf903dcea76269ce2398ae,primary_parent,f2ae21e180b652bfebf3d5ddadc548e5a203bc160d1132ebb1cdf640bbc3b27f,net_charge_ph7_4,numeric,false,audit_metric_has_no_monotonic_improvement_direction,audit,elementary_charge,7.985,8.984,0.9989999999999997,,true,f4ae1615f450a425a660e0d911c6cac0feb237902df28963b1b2ddfb6c6125e3
fgf2,351a03570863786e79aaff47429c7cb4b1b0840f8b5279fe0b3cffd8d0e56c6d,masked_substitution,31d742e0005b460d756725106a44762bfac44233efdf903dcea76269ce2398ae,primary_parent,f2ae21e180b652bfebf3d5ddadc548e5a203bc160d1132ebb1cdf640bbc3b27f,toxinpred3_hybrid_score,numeric,true,same_frozen_numeric_contract,minimize,dimensionless,0.0,0.0,0.0,-0.0,false,3c8c40e168a9a7a5ba483ef48fc0b08eaef8369143081a650a22010456aeb21b
fgf2,351a03570863786e79aaff47429c7cb4b1b0840f8b5279fe0b3cffd8d0e56c6d,masked_substitution,31d742e0005b460d756725106a44762bfac44233efdf903dcea76269ce2398ae,primary_parent,f2ae21e180b652bfebf3d5ddadc548e5a203bc160d1132ebb1cdf640bbc3b27f,toxinpred3_label,categorical,true,same_frozen_label_contract,audit,label,Non-Toxin,Non-Toxin,,,false,3c1974ed56cce61d63d328704e9551833877a1846f6adb74c6e33b1d1c5c57c8
fgf2,ab709509d31b728e926ee05bae5214b114ee7f8938fdf060453245ef0cb07924,masked_substitution,dc02bd922759218dc74904c8b9e4cecc4ea8afcba3549f560bc8fc26bcce5c2e,primary_parent,f2ae21e180b652bfebf3d5ddadc548e5a203bc160d1132ebb1cdf640bbc3b27f,amp_read_log10_mic_um,numeric,true,same_frozen_numeric_contract,minimize,log10(uM),2.597941786798904,2.5542041136114606,-0.04373767318744326,0.04373767318744326,true,2a4daa35f6c8ed6faf48c836a7b13330008c8b0cc71d6cfd700c878cbfd60ac5
fgf2,ab709509d31b728e926ee05bae5214b114ee7f8938fdf060453245ef0cb07924,masked_substitution,dc02bd922759218dc74904c8b9e4cecc4ea8afcba3549f560bc8fc26bcce5c2e,primary_parent,f2ae21e180b652bfebf3d5ddadc548e5a203bc160d1132ebb1cdf640bbc3b27f,guruprasad_instability_index,numeric,true,same_frozen_numeric_contract,minimize,index,29.246154,20.73076923076923,-8.51538476923077,8.51538476923077,true,0dec064fa89e09c4e10a904231fc28ff85656bf551c670341d788f6e1b93e81a
fgf2,ab709509d31b728e926ee05bae5214b114ee7f8938fdf060453245ef0cb07924,masked_substitution,dc02bd922759218dc74904c8b9e4cecc4ea8afcba3549f560bc8fc26bcce5c2e,primary_parent,f2ae21e180b652bfebf3d5ddadc548e5a203bc160d1132ebb1cdf640bbc3b27f,hydrophobic_moment_eisenberg,numeric,false,audit_metric_has_no_monotonic_improvement_direction,audit,dimensionless,0.24330416982349223,0.2760074648493057,0.032703295025813484,,true,9b677c2ff56b86067827bb918c0b59251800642e729d8b176a8c92c1b1cf2c1c
fgf2,ab709509d31b728e926ee05bae5214b114ee7f8938fdf060453245ef0cb07924,masked_substitution,dc02bd922759218dc74904c8b9e4cecc4ea8afcba3549f560bc8fc26bcce5c2e,primary_parent,f2ae21e180b652bfebf3d5ddadc548e5a203bc160d1132ebb1cdf640bbc3b27f,hydrophobic_ratio_modlamp,numeric,false,audit_metric_has_no_monotonic_improvement_direction,audit,fraction,0.07692307692307693,0.11538461538461539,0.038461538461538464,,true,96d405060a477129655e9b52c3038102d8118c9b485e0536e9ade201d4e2a3cb
fgf2,ab709509d31b728e926ee05bae5214b114ee7f8938fdf060453245ef0cb07924,masked_substitution,dc02bd922759218dc74904c8b9e4cecc4ea8afcba3549f560bc8fc26bcce5c2e,primary_parent,f2ae21e180b652bfebf3d5ddadc548e5a203bc160d1132ebb1cdf640bbc3b27f,llamp_log10_mic_um,numeric,true,same_frozen_numeric_contract,minimize,log10(uM),1.645182728767395,1.7627415657043457,0.11755883693695068,-0.11755883693695068,true,e2c7ba5d521fa839fa9880d3e89c1664443bf04edd0c648277e08cf9892deff0
fgf2,ab709509d31b728e926ee05bae5214b114ee7f8938fdf060453245ef0cb07924,masked_substitution,dc02bd922759218dc74904c8b9e4cecc4ea8afcba3549f560bc8fc26bcce5c2e,primary_parent,f2ae21e180b652bfebf3d5ddadc548e5a203bc160d1132ebb1cdf640bbc3b27f,macrel_amp_probability,numeric,true,same_frozen_numeric_contract,maximize,probability,0.396,0.297,-0.09900000000000003,-0.09900000000000003,true,dc49d108b359d1d0a25838cc7cad4f25b711afc23b45c4c4998507cc0e67c82a
fgf2,ab709509d31b728e926ee05bae5214b114ee7f8938fdf060453245ef0cb07924,masked_substitution,dc02bd922759218dc74904c8b9e4cecc4ea8afcba3549f560bc8fc26bcce5c2e,primary_parent,f2ae21e180b652bfebf3d5ddadc548e5a203bc160d1132ebb1cdf640bbc3b27f,macrel_hemolysis_label,categorical,true,same_frozen_label_contract,audit,label,low,low,,,false,ce1123e81cd04035ac1051cba90d9474dc01bb5f2a10a377e20a05e0aa1d0361
fgf2,ab709509d31b728e926ee05bae5214b114ee7f8938fdf060453245ef0cb07924,masked_substitution,dc02bd922759218dc74904c8b9e4cecc4ea8afcba3549f560bc8fc26bcce5c2e,primary_parent,f2ae21e180b652bfebf3d5ddadc548e5a203bc160d1132ebb1cdf640bbc3b27f,macrel_hemolysis_probability,numeric,true,same_frozen_numeric_contract,minimize,probability,0.416,0.406,-0.009999999999999953,0.009999999999999953,true,73d5079e88c50afd2202da0bd9fd7b45cd080ca7276df6269411fb1eba2280e3
fgf2,ab709509d31b728e926ee05bae5214b114ee7f8938fdf060453245ef0cb07924,masked_substitution,dc02bd922759218dc74904c8b9e4cecc4ea8afcba3549f560bc8fc26bcce5c2e,primary_parent,f2ae21e180b652bfebf3d5ddadc548e5a203bc160d1132ebb1cdf640bbc3b27f,maximum_hydrophobic_run,numeric,true,same_frozen_numeric_contract,minimize,residues,1.0,1.0,0.0,-0.0,false,85ec6efe531ca9d29d0bfd68ad1d2d09451eca1c37251735f77176d802cde36a
fgf2,ab709509d31b728e926ee05bae5214b114ee7f8938fdf060453245ef0cb07924,masked_substitution,dc02bd922759218dc74904c8b9e4cecc4ea8afcba3549f560bc8fc26bcce5c2e,primary_parent,f2ae21e180b652bfebf3d5ddadc548e5a203bc160d1132ebb1cdf640bbc3b27f,net_charge_ph7_4,numeric,false,audit_metric_has_no_monotonic_improvement_direction,audit,elementary_charge,7.985,8.984,0.9989999999999997,,true,45a9d6b7a075327cf1f7e38c215e954fc82e1307b5c05903e507ce193a436971
fgf2,ab709509d31b728e926ee05bae5214b114ee7f8938fdf060453245ef0cb07924,masked_substitution,dc02bd922759218dc74904c8b9e4cecc4ea8afcba3549f560bc8fc26bcce5c2e,primary_parent,f2ae21e180b652bfebf3d5ddadc548e5a203bc160d1132ebb1cdf640bbc3b27f,toxinpred3_hybrid_score,numeric,true,same_frozen_numeric_contract,minimize,dimensionless,0.0,0.0,0.0,-0.0,false,bac17f1b2cb37943cdc8b02b47571b3a8aaeeb5100c2fd14166e13ecf160f488
fgf2,ab709509d31b728e926ee05bae5214b114ee7f8938fdf060453245ef0cb07924,masked_substitution,dc02bd922759218dc74904c8b9e4cecc4ea8afcba3549f560bc8fc26bcce5c2e,primary_parent,f2ae21e180b652bfebf3d5ddadc548e5a203bc160d1132ebb1cdf640bbc3b27f,toxinpred3_label,categorical,true,same_frozen_label_contract,audit,label,Non-Toxin,Non-Toxin,,,false,afef5770df1359c0a1a1067f5ca00ce8e46731b5ad28d4f2ebfc520ab5a9d229
fgf2,b7c5cb15eea20df2728ced679291302713eef412f4c1a0a6d1df75b5d1b24cb6,masked_substitution,71222ec58d997901152860d5efea8a089b12a2b1dd57e5bc8c62ce1286a63139,primary_parent,f2ae21e180b652bfebf3d5ddadc548e5a203bc160d1132ebb1cdf640bbc3b27f,amp_read_log10_mic_um,numeric,true,same_frozen_numeric_contract,minimize,log10(uM),2.597941786798904,2.2335969506052615,-0.36434483619364233,0.36434483619364233,true,bc567cbce880b4416ccfbea7dd0dff84038d3959f8bcd328b21d7e58aabe9f1c
fgf2,b7c5cb15eea20df2728ced679291302713eef412f4c1a0a6d1df75b5d1b24cb6,masked_substitution,71222ec58d997901152860d5efea8a089b12a2b1dd57e5bc8c62ce1286a63139,primary_parent,f2ae21e180b652bfebf3d5ddadc548e5a203bc160d1132ebb1cdf640bbc3b27f,guruprasad_instability_index,numeric,true,same_frozen_numeric_contract,minimize,index,29.246154,16.05769230769231,-13.18846169230769,13.18846169230769,true,ba61d8cc4a297ccb0b0533e2297a57e44cc8e55aa59be038d01f3529cdfa2c60
fgf2,b7c5cb15eea20df2728ced679291302713eef412f4c1a0a6d1df75b5d1b24cb6,masked_substitution,71222ec58d997901152860d5efea8a089b12a2b1dd57e5bc8c62ce1286a63139,primary_parent,f2ae21e180b652bfebf3d5ddadc548e5a203bc160d1132ebb1cdf640bbc3b27f,hydrophobic_moment_eisenberg,numeric,false,audit_metric_has_no_monotonic_improvement_direction,audit,dimensionless,0.24330416982349223,0.27819076725866704,0.034886597435174804,,true,b67cb8227f133c2d96b50b4287e43f0fefc2c76bb654322b7f117f5482a76345
fgf2,b7c5cb15eea20df2728ced679291302713eef412f4c1a0a6d1df75b5d1b24cb6,masked_substitution,71222ec58d997901152860d5efea8a089b12a2b1dd57e5bc8c62ce1286a63139,primary_parent,f2ae21e180b652bfebf3d5ddadc548e5a203bc160d1132ebb1cdf640bbc3b27f,hydrophobic_ratio_modlamp,numeric,false,audit_metric_has_no_monotonic_improvement_direction,audit,fraction,0.07692307692307693,0.11538461538461539,0.038461538461538464,,true,e26ae994e1fdba629d6ee7a6617bd9d9239814b08a4cc0f51be7033f5e8f5e12
fgf2,b7c5cb15eea20df2728ced679291302713eef412f4c1a0a6d1df75b5d1b24cb6,masked_substitution,71222ec58d997901152860d5efea8a089b12a2b1dd57e5bc8c62ce1286a63139,primary_parent,f2ae21e180b652bfebf3d5ddadc548e5a203bc160d1132ebb1cdf640bbc3b27f,llamp_log10_mic_um,numeric,true,same_frozen_numeric_contract,minimize,log10(uM),1.645182728767395,1.7152644395828247,0.07008171081542969,-0.07008171081542969,true,bb2a3def721baae17fec6d5365b91773cb493a11f532066eeadc79ff999962fa
fgf2,b7c5cb15eea20df2728ced679291302713eef412f4c1a0a6d1df75b5d1b24cb6,masked_substitution,71222ec58d997901152860d5efea8a089b12a2b1dd57e5bc8c62ce1286a63139,primary_parent,f2ae21e180b652bfebf3d5ddadc548e5a203bc160d1132ebb1cdf640bbc3b27f,macrel_amp_probability,numeric,true,same_frozen_numeric_contract,maximize,probability,0.396,0.386,-0.010000000000000009,-0.010000000000000009,true,05d1299cc70687bb68a8e9314311f9c39cc9a2599cea2cceee730adbce11d603
fgf2,b7c5cb15eea20df2728ced679291302713eef412f4c1a0a6d1df75b5d1b24cb6,masked_substitution,71222ec58d997901152860d5efea8a089b12a2b1dd57e5bc8c62ce1286a63139,primary_parent,f2ae21e180b652bfebf3d5ddadc548e5a203bc160d1132ebb1cdf640bbc3b27f,macrel_hemolysis_label,categorical,true,same_frozen_label_contract,audit,label,low,low,,,false,1a80b006c4f9500fb2a020497a4ebb81232b71e5eefe4902eb17a07078b47e7b
fgf2,b7c5cb15eea20df2728ced679291302713eef412f4c1a0a6d1df75b5d1b24cb6,masked_substitution,71222ec58d997901152860d5efea8a089b12a2b1dd57e5bc8c62ce1286a63139,primary_parent,f2ae21e180b652bfebf3d5ddadc548e5a203bc160d1132ebb1cdf640bbc3b27f,macrel_hemolysis_probability,numeric,true,same_frozen_numeric_contract,minimize,probability,0.416,0.446,0.030000000000000027,-0.030000000000000027,true,1c794738252073923f7b8b02ed394506180c620d6aac7866f727e8f6fde8898a
fgf2,b7c5cb15eea20df2728ced679291302713eef412f4c1a0a6d1df75b5d1b24cb6,masked_substitution,71222ec58d997901152860d5efea8a089b12a2b1dd57e5bc8c62ce1286a63139,primary_parent,f2ae21e180b652bfebf3d5ddadc548e5a203bc160d1132ebb1cdf640bbc3b27f,maximum_hydrophobic_run,numeric,true,same_frozen_numeric_contract,minimize,residues,1.0,1.0,0.0,-0.0,false,a8217c22f907c4fe19d7eff08bc4eacb45a8231bc8bee4472918048be399ce7c
fgf2,b7c5cb15eea20df2728ced679291302713eef412f4c1a0a6d1df75b5d1b24cb6,masked_substitution,71222ec58d997901152860d5efea8a089b12a2b1dd57e5bc8c62ce1286a63139,primary_parent,f2ae21e180b652bfebf3d5ddadc548e5a203bc160d1132ebb1cdf640bbc3b27f,net_charge_ph7_4,numeric,false,audit_metric_has_no_monotonic_improvement_direction,audit,elementary_charge,7.985,8.984,0.9989999999999997,,true,d87533ca1302450e8326c22419d00da13b4a50a9f862089633c1a795ed2e9974
fgf2,b7c5cb15eea20df2728ced679291302713eef412f4c1a0a6d1df75b5d1b24cb6,masked_substitution,71222ec58d997901152860d5efea8a089b12a2b1dd57e5bc8c62ce1286a63139,primary_parent,f2ae21e180b652bfebf3d5ddadc548e5a203bc160d1132ebb1cdf640bbc3b27f,toxinpred3_hybrid_score,numeric,true,same_frozen_numeric_contract,minimize,dimensionless,0.0,0.0,0.0,-0.0,false,308414b0927ba2b0188a23e18c30ea248d5f943cd4c94c65293fe61a67cd7989
fgf2,b7c5cb15eea20df2728ced679291302713eef412f4c1a0a6d1df75b5d1b24cb6,masked_substitution,71222ec58d997901152860d5efea8a089b12a2b1dd57e5bc8c62ce1286a63139,primary_parent,f2ae21e180b652bfebf3d5ddadc548e5a203bc160d1132ebb1cdf640bbc3b27f,toxinpred3_label,categorical,true,same_frozen_label_contract,audit,label,Non-Toxin,Non-Toxin,,,false,ac47124085cf176dc06164300316eb6a18c546c067fa61525707a930845a969d
fgf2,3b9827c1789cab0e05c65c15c0a83a0f1cbff4b40cfc0729102f7039d8d5493c,masked_substitution,bbd9439edcbb8270ce412ff57cd6924e9d7f43275f4e59ebb37f57dd8142c797,primary_parent,f2ae21e180b652bfebf3d5ddadc548e5a203bc160d1132ebb1cdf640bbc3b27f,amp_read_log10_mic_um,numeric,true,same_frozen_numeric_contract,minimize,log10(uM),2.597941786798904,2.467923211090704,-0.13001857570819997,0.13001857570819997,true,fa8868718271dfd020898a09f118598b282d72b31a8b44d95f3a9d8e9bff5ac7
fgf2,3b9827c1789cab0e05c65c15c0a83a0f1cbff4b40cfc0729102f7039d8d5493c,masked_substitution,bbd9439edcbb8270ce412ff57cd6924e9d7f43275f4e59ebb37f57dd8142c797,primary_parent,f2ae21e180b652bfebf3d5ddadc548e5a203bc160d1132ebb1cdf640bbc3b27f,guruprasad_instability_index,numeric,true,same_frozen_numeric_contract,minimize,index,29.246154,21.83846153846154,-7.40769246153846,7.40769246153846,true,d150c326e587d292714292dbb481ab96e0fe7c3dc135dc26981fff5868321f77
fgf2,3b9827c1789cab0e05c65c15c0a83a0f1cbff4b40cfc0729102f7039d8d5493c,masked_substitution,bbd9439edcbb8270ce412ff57cd6924e9d7f43275f4e59ebb37f57dd8142c797,primary_parent,f2ae21e180b652bfebf3d5ddadc548e5a203bc160d1132ebb1cdf640bbc3b27f,hydrophobic_moment_eisenberg,numeric,false,audit_metric_has_no_monotonic_improvement_direction,audit,dimensionless,0.24330416982349223,0.26988604923581255,0.02658187941232032,,true,4f907591884b42899ba933840f16a9d8943473c3b9c47875e682587194200c03
fgf2,3b9827c1789cab0e05c65c15c0a83a0f1cbff4b40cfc0729102f7039d8d5493c,masked_substitution,bbd9439edcbb8270ce412ff57cd6924e9d7f43275f4e59ebb37f57dd8142c797,primary_parent,f2ae21e180b652bfebf3d5ddadc548e5a203bc160d1132ebb1cdf640bbc3b27f,hydrophobic_ratio_modlamp,numeric,false,audit_metric_has_no_monotonic_improvement_direction,audit,fraction,0.07692307692307693,0.07692307692307693,0.0,,false,5bd3e9240b440f2e35c2b1fc9ee2445e81ce4adea2751374a07842df97bc8d73
fgf2,3b9827c1789cab0e05c65c15c0a83a0f1cbff4b40cfc0729102f7039d8d5493c,masked_substitution,bbd9439edcbb8270ce412ff57cd6924e9d7f43275f4e59ebb37f57dd8142c797,primary_parent,f2ae21e180b652bfebf3d5ddadc548e5a203bc160d1132ebb1cdf640bbc3b27f,llamp_log10_mic_um,numeric,true,same_frozen_numeric_contract,minimize,log10(uM),1.645182728767395,1.6820307970046997,0.03684806823730469,-0.03684806823730469,true,556472fc9108dc79c188427515039d4367b22321e95179ec03575df19fde842b
fgf2,3b9827c1789cab0e05c65c15c0a83a0f1cbff4b40cfc0729102f7039d8d5493c,masked_substitution,bbd9439edcbb8270ce412ff57cd6924e9d7f43275f4e59ebb37f57dd8142c797,primary_parent,f2ae21e180b652bfebf3d5ddadc548e5a203bc160d1132ebb1cdf640bbc3b27f,macrel_amp_probability,numeric,true,same_frozen_numeric_contract,maximize,probability,0.396,0.386,-0.010000000000000009,-0.010000000000000009,true,c2d020ba84e5482e1763489cc62655bdf411c3cce8953430d622ac9083778919
fgf2,3b9827c1789cab0e05c65c15c0a83a0f1cbff4b40cfc0729102f7039d8d5493c,masked_substitution,bbd9439edcbb8270ce412ff57cd6924e9d7f43275f4e59ebb37f57dd8142c797,primary_parent,f2ae21e180b652bfebf3d5ddadc548e5a203bc160d1132ebb1cdf640bbc3b27f,macrel_hemolysis_label,categorical,true,same_frozen_label_contract,audit,label,low,low,,,false,23ba4dca2edfee4b840eea6791e742f86718176cfd840733da4b8ab1ed2ab9fd
fgf2,3b9827c1789cab0e05c65c15c0a83a0f1cbff4b40cfc0729102f7039d8d5493c,masked_substitution,bbd9439edcbb8270ce412ff57cd6924e9d7f43275f4e59ebb37f57dd8142c797,primary_parent,f2ae21e180b652bfebf3d5ddadc548e5a203bc160d1132ebb1cdf640bbc3b27f,macrel_hemolysis_probability,numeric,true,same_frozen_numeric_contract,minimize,probability,0.416,0.436,0.020000000000000018,-0.020000000000000018,true,a9cfb2aa186c9e27c9f35b18b15fc7d4984398ca084ea13c6d73aa64d8cd2083
fgf2,3b9827c1789cab0e05c65c15c0a83a0f1cbff4b40cfc0729102f7039d8d5493c,masked_substitution,bbd9439edcbb8270ce412ff57cd6924e9d7f43275f4e59ebb37f57dd8142c797,primary_parent,f2ae21e180b652bfebf3d5ddadc548e5a203bc160d1132ebb1cdf640bbc3b27f,maximum_hydrophobic_run,numeric,true,same_frozen_numeric_contract,minimize,residues,1.0,1.0,0.0,-0.0,false,ca38b840fe2c9c7efd8fa89ddc2ff6c53b40e69d7fcb8dd6c0878d10f47a894c
fgf2,3b9827c1789cab0e05c65c15c0a83a0f1cbff4b40cfc0729102f7039d8d5493c,masked_substitution,bbd9439edcbb8270ce412ff57cd6924e9d7f43275f4e59ebb37f57dd8142c797,primary_parent,f2ae21e180b652bfebf3d5ddadc548e5a203bc160d1132ebb1cdf640bbc3b27f,net_charge_ph7_4,numeric,false,audit_metric_has_no_monotonic_improvement_direction,audit,elementary_charge,7.985,8.984,0.9989999999999997,,true,4ce76b96350769f682e38bb925aaf8e2a80be8bfb784a93a3e458d6805f8566a
fgf2,3b9827c1789cab0e05c65c15c0a83a0f1cbff4b40cfc0729102f7039d8d5493c,masked_substitution,bbd9439edcbb8270ce412ff57cd6924e9d7f43275f4e59ebb37f57dd8142c797,primary_parent,f2ae21e180b652bfebf3d5ddadc548e5a203bc160d1132ebb1cdf640bbc3b27f,toxinpred3_hybrid_score,numeric,true,same_frozen_numeric_contract,minimize,dimensionless,0.0,0.0,0.0,-0.0,false,a519bf55ecc488da102bc9f714808b2313b430ec433faeffcda6857ad1e24314
fgf2,3b9827c1789cab0e05c65c15c0a83a0f1cbff4b40cfc0729102f7039d8d5493c,masked_substitution,bbd9439edcbb8270ce412ff57cd6924e9d7f43275f4e59ebb37f57dd8142c797,primary_parent,f2ae21e180b652bfebf3d5ddadc548e5a203bc160d1132ebb1cdf640bbc3b27f,toxinpred3_label,categorical,true,same_frozen_label_contract,audit,label,Non-Toxin,Non-Toxin,,,false,e9f742224a9a1810f7b419ad39ff5facfe4a5316ff0911f9e8fa7cbeb38405ee
fgf2,91cb5be5ef5c41ade6179b41892ef55af7d69289070e1c2d5fcb10d134b37daa,masked_substitution,aa61e5b49e9763b257b2e227e06c85f73343cb89580b9e42795033b7049041ec,primary_parent,f2ae21e180b652bfebf3d5ddadc548e5a203bc160d1132ebb1cdf640bbc3b27f,amp_read_log10_mic_um,numeric,true,same_frozen_numeric_contract,minimize,log10(uM),2.597941786798904,2.2990364859898973,-0.29890530080900657,0.29890530080900657,true,9e5203816b55ed27d0e290879dd110d33f6455559dcb2646a15017ab296fadda
fgf2,91cb5be5ef5c41ade6179b41892ef55af7d69289070e1c2d5fcb10d134b37daa,masked_substitution,aa61e5b49e9763b257b2e227e06c85f73343cb89580b9e42795033b7049041ec,primary_parent,f2ae21e180b652bfebf3d5ddadc548e5a203bc160d1132ebb1cdf640bbc3b27f,guruprasad_instability_index,numeric,true,same_frozen_numeric_contract,minimize,index,29.246154,21.83846153846154,-7.40769246153846,7.40769246153846,true,91b48afcb5434e73881febfd688a0404dd1657648d6a958295d73a85c3b18ba8
fgf2,91cb5be5ef5c41ade6179b41892ef55af7d69289070e1c2d5fcb10d134b37daa,masked_substitution,aa61e5b49e9763b257b2e227e06c85f73343cb89580b9e42795033b7049041ec,primary_parent,f2ae21e180b652bfebf3d5ddadc548e5a203bc160d1132ebb1cdf640bbc3b27f,hydrophobic_moment_eisenberg,numeric,false,audit_metric_has_no_monotonic_improvement_direction,audit,dimensionless,0.24330416982349223,0.25919937571731805,0.015895205893825815,,true,18804ca3e785bfeca4c4165d3957d93493b5cceb671938ff7254a7f26c82691e
fgf2,91cb5be5ef5c41ade6179b41892ef55af7d69289070e1c2d5fcb10d134b37daa,masked_substitution,aa61e5b49e9763b257b2e227e06c85f73343cb89580b9e42795033b7049041ec,primary_parent,f2ae21e180b652bfebf3d5ddadc548e5a203bc160d1132ebb1cdf640bbc3b27f,hydrophobic_ratio_modlamp,numeric,false,audit_metric_has_no_monotonic_improvement_direction,audit,fraction,0.07692307692307693,0.07692307692307693,0.0,,false,e43474225c863a02d09e468de208f92a53e08ad433866a4d3db57315ba60b2e8
fgf2,91cb5be5ef5c41ade6179b41892ef55af7d69289070e1c2d5fcb10d134b37daa,masked_substitution,aa61e5b49e9763b257b2e227e06c85f73343cb89580b9e42795033b7049041ec,primary_parent,f2ae21e180b652bfebf3d5ddadc548e5a203bc160d1132ebb1cdf640bbc3b27f,llamp_log10_mic_um,numeric,true,same_frozen_numeric_contract,minimize,log10(uM),1.645182728767395,1.690401315689087,0.045218586921691895,-0.045218586921691895,true,f3cd899cf0dbeb6ae851e69f2120b842bc62a180ac117d22bdf76f4a554ebfc3
fgf2,91cb5be5ef5c41ade6179b41892ef55af7d69289070e1c2d5fcb10d134b37daa,masked_substitution,aa61e5b49e9763b257b2e227e06c85f73343cb89580b9e42795033b7049041ec,primary_parent,f2ae21e180b652bfebf3d5ddadc548e5a203bc160d1132ebb1cdf640bbc3b27f,macrel_amp_probability,numeric,true,same_frozen_numeric_contract,maximize,probability,0.396,0.386,-0.010000000000000009,-0.010000000000000009,true,10cf0a5c18417c99d704b13a5e1d3d9a81f336a2912a6f60ecfbd891420d17f3
fgf2,91cb5be5ef5c41ade6179b41892ef55af7d69289070e1c2d5fcb10d134b37daa,masked_substitution,aa61e5b49e9763b257b2e227e06c85f73343cb89580b9e42795033b7049041ec,primary_parent,f2ae21e180b652bfebf3d5ddadc548e5a203bc160d1132ebb1cdf640bbc3b27f,macrel_hemolysis_label,categorical,true,same_frozen_label_contract,audit,label,low,low,,,false,1c696be7d97472d228aabf5e0cd42c67dedf47652f2193042faa1ccfcca2d8c8
fgf2,91cb5be5ef5c41ade6179b41892ef55af7d69289070e1c2d5fcb10d134b37daa,masked_substitution,aa61e5b49e9763b257b2e227e06c85f73343cb89580b9e42795033b7049041ec,primary_parent,f2ae21e180b652bfebf3d5ddadc548e5a203bc160d1132ebb1cdf640bbc3b27f,macrel_hemolysis_probability,numeric,true,same_frozen_numeric_contract,minimize,probability,0.416,0.416,0.0,-0.0,false,062627acba3bdd545d09da7d7e7c80fcb4a83ec9b1de530003c67ca7f47e534a
fgf2,91cb5be5ef5c41ade6179b41892ef55af7d69289070e1c2d5fcb10d134b37daa,masked_substitution,aa61e5b49e9763b257b2e227e06c85f73343cb89580b9e42795033b7049041ec,primary_parent,f2ae21e180b652bfebf3d5ddadc548e5a203bc160d1132ebb1cdf640bbc3b27f,maximum_hydrophobic_run,numeric,true,same_frozen_numeric_contract,minimize,residues,1.0,1.0,0.0,-0.0,false,f79595f3a61d3854a6bbfc4f00d6d115fd6a1a5f85f03f2770b8d88375211003
fgf2,91cb5be5ef5c41ade6179b41892ef55af7d69289070e1c2d5fcb10d134b37daa,masked_substitution,aa61e5b49e9763b257b2e227e06c85f73343cb89580b9e42795033b7049041ec,primary_parent,f2ae21e180b652bfebf3d5ddadc548e5a203bc160d1132ebb1cdf640bbc3b27f,net_charge_ph7_4,numeric,false,audit_metric_has_no_monotonic_improvement_direction,audit,elementary_charge,7.985,8.982,0.996999999999999,,true,e9c871abfd61f6cda2869ef2d461d1c3a94f7867e3e8812f1079b3083850ae0c
fgf2,91cb5be5ef5c41ade6179b41892ef55af7d69289070e1c2d5fcb10d134b37daa,masked_substitution,aa61e5b49e9763b257b2e227e06c85f73343cb89580b9e42795033b7049041ec,primary_parent,f2ae21e180b652bfebf3d5ddadc548e5a203bc160d1132ebb1cdf640bbc3b27f,toxinpred3_hybrid_score,numeric,true,same_frozen_numeric_contract,minimize,dimensionless,0.0,0.0,0.0,-0.0,false,ada0415765b316d85273a510d8e01cf2011a21b7571c1e46f9d29d13af32db84
fgf2,91cb5be5ef5c41ade6179b41892ef55af7d69289070e1c2d5fcb10d134b37daa,masked_substitution,aa61e5b49e9763b257b2e227e06c85f73343cb89580b9e42795033b7049041ec,primary_parent,f2ae21e180b652bfebf3d5ddadc548e5a203bc160d1132ebb1cdf640bbc3b27f,toxinpred3_label,categorical,true,same_frozen_label_contract,audit,label,Non-Toxin,Non-Toxin,,,false,de254b24ba6c15f9f829a7df0fa8b529229f61eb88688bb4aff6f1eab5be099a
fgf2,6c2342461bfa2b2c34e1742c9263248bf2e76f3d7e763356d11849e9cba5277a,masked_substitution,d5dbdee8dbdfbb69e205bbd6e687da5ddba8943c057830d2a62dd0cca64504de,primary_parent,f2ae21e180b652bfebf3d5ddadc548e5a203bc160d1132ebb1cdf640bbc3b27f,amp_read_log10_mic_um,numeric,true,same_frozen_numeric_contract,minimize,log10(uM),2.597941786798904,2.535288335062063,-0.06265345173684089,0.06265345173684089,true,a551e0575a4633e223d59c60759c68f14627875bf9f2150a14c2899a7f9c546f
fgf2,6c2342461bfa2b2c34e1742c9263248bf2e76f3d7e763356d11849e9cba5277a,masked_substitution,d5dbdee8dbdfbb69e205bbd6e687da5ddba8943c057830d2a62dd0cca64504de,primary_parent,f2ae21e180b652bfebf3d5ddadc548e5a203bc160d1132ebb1cdf640bbc3b27f,guruprasad_instability_index,numeric,true,same_frozen_numeric_contract,minimize,index,29.246154,29.24615384615385,-1.5384615181801564e-07,1.5384615181801564e-07,true,4d9c6226d64709ea90b7aa9c41ba551908f8ef39021bb655a4b42b481fd44f43
fgf2,6c2342461bfa2b2c34e1742c9263248bf2e76f3d7e763356d11849e9cba5277a,masked_substitution,d5dbdee8dbdfbb69e205bbd6e687da5ddba8943c057830d2a62dd0cca64504de,primary_parent,f2ae21e180b652bfebf3d5ddadc548e5a203bc160d1132ebb1cdf640bbc3b27f,hydrophobic_moment_eisenberg,numeric,false,audit_metric_has_no_monotonic_improvement_direction,audit,dimensionless,0.24330416982349223,0.2561325168382049,0.012828347014712693,,true,0f68747e5ea641ed5d347e436831f5dd4dd06bd60f166912dcfbb581d8abbbfa
fgf2,6c2342461bfa2b2c34e1742c9263248bf2e76f3d7e763356d11849e9cba5277a,masked_substitution,d5dbdee8dbdfbb69e205bbd6e687da5ddba8943c057830d2a62dd0cca64504de,primary_parent,f2ae21e180b652bfebf3d5ddadc548e5a203bc160d1132ebb1cdf640bbc3b27f,hydrophobic_ratio_modlamp,numeric,false,audit_metric_has_no_monotonic_improvement_direction,audit,fraction,0.07692307692307693,0.11538461538461539,0.038461538461538464,,true,f1d5155ec2365c94053336bf6a9ae91206400138151cc3a5aca221f70e738186
fgf2,6c2342461bfa2b2c34e1742c9263248bf2e76f3d7e763356d11849e9cba5277a,masked_substitution,d5dbdee8dbdfbb69e205bbd6e687da5ddba8943c057830d2a62dd0cca64504de,primary_parent,f2ae21e180b652bfebf3d5ddadc548e5a203bc160d1132ebb1cdf640bbc3b27f,llamp_log10_mic_um,numeric,true,same_frozen_numeric_contract,minimize,log10(uM),1.645182728767395,1.836742877960205,0.19156014919281006,-0.19156014919281006,true,bcac1bbde10e2146e8cfe2e2da4efdcc87028c6618678f661700bf4770d58800
fgf2,6c2342461bfa2b2c34e1742c9263248bf2e76f3d7e763356d11849e9cba5277a,masked_substitution,d5dbdee8dbdfbb69e205bbd6e687da5ddba8943c057830d2a62dd0cca64504de,primary_parent,f2ae21e180b652bfebf3d5ddadc548e5a203bc160d1132ebb1cdf640bbc3b27f,macrel_amp_probability,numeric,true,same_frozen_numeric_contract,maximize,probability,0.396,0.297,-0.09900000000000003,-0.09900000000000003,true,ae83386e60ef7434050dfa308d0d11ef23fa2525fbc7d2b19d34aebcfdc4b625
fgf2,6c2342461bfa2b2c34e1742c9263248bf2e76f3d7e763356d11849e9cba5277a,masked_substitution,d5dbdee8dbdfbb69e205bbd6e687da5ddba8943c057830d2a62dd0cca64504de,primary_parent,f2ae21e180b652bfebf3d5ddadc548e5a203bc160d1132ebb1cdf640bbc3b27f,macrel_hemolysis_label,categorical,true,same_frozen_label_contract,audit,label,low,low,,,false,e29f1155031dd811f0213e6bed9047ebbbd2aa90f9684866b7d34a13d3f5df36
fgf2,6c2342461bfa2b2c34e1742c9263248bf2e76f3d7e763356d11849e9cba5277a,masked_substitution,d5dbdee8dbdfbb69e205bbd6e687da5ddba8943c057830d2a62dd0cca64504de,primary_parent,f2ae21e180b652bfebf3d5ddadc548e5a203bc160d1132ebb1cdf640bbc3b27f,macrel_hemolysis_probability,numeric,true,same_frozen_numeric_contract,minimize,probability,0.416,0.297,-0.119,0.119,true,6d5dc9df86190b38fb4265b97409cf32eaba0ec05b2eda78600e1af6e3398a08
fgf2,6c2342461bfa2b2c34e1742c9263248bf2e76f3d7e763356d11849e9cba5277a,masked_substitution,d5dbdee8dbdfbb69e205bbd6e687da5ddba8943c057830d2a62dd0cca64504de,primary_parent,f2ae21e180b652bfebf3d5ddadc548e5a203bc160d1132ebb1cdf640bbc3b27f,maximum_hydrophobic_run,numeric,true,same_frozen_numeric_contract,minimize,residues,1.0,1.0,0.0,-0.0,false,af2ca0db4a44c77a46c26b760b6dcdc62af678299651e0fe1f37224823983ec6
fgf2,6c2342461bfa2b2c34e1742c9263248bf2e76f3d7e763356d11849e9cba5277a,masked_substitution,d5dbdee8dbdfbb69e205bbd6e687da5ddba8943c057830d2a62dd0cca64504de,primary_parent,f2ae21e180b652bfebf3d5ddadc548e5a203bc160d1132ebb1cdf640bbc3b27f,net_charge_ph7_4,numeric,false,audit_metric_has_no_monotonic_improvement_direction,audit,elementary_charge,7.985,6.985,-1.0,,true,d786cbea14c7a371909a62895fd83bd8ff77169a61dbc936032240566faf22e0
fgf2,6c2342461bfa2b2c34e1742c9263248bf2e76f3d7e763356d11849e9cba5277a,masked_substitution,d5dbdee8dbdfbb69e205bbd6e687da5ddba8943c057830d2a62dd0cca64504de,primary_parent,f2ae21e180b652bfebf3d5ddadc548e5a203bc160d1132ebb1cdf640bbc3b27f,toxinpred3_hybrid_score,numeric,true,same_frozen_numeric_contract,minimize,dimensionless,0.0,0.34,0.34,-0.34,true,94e4187d759703e26721c3519f98ebc51dc7e59cfcfbb9f782869eb0d69b7d46
fgf2,6c2342461bfa2b2c34e1742c9263248bf2e76f3d7e763356d11849e9cba5277a,masked_substitution,d5dbdee8dbdfbb69e205bbd6e687da5ddba8943c057830d2a62dd0cca64504de,primary_parent,f2ae21e180b652bfebf3d5ddadc548e5a203bc160d1132ebb1cdf640bbc3b27f,toxinpred3_label,categorical,true,same_frozen_label_contract,audit,label,Non-Toxin,Non-Toxin,,,false,1fafd86e27afed415898df7300ae47fc247974a93e6a7347703c7131a0d8d695
fgf2,e70c584cce0a5886c88fdac2f5c0bf5532dd3e30f6a66f3ae7bdbce3154ac7c8,masked_substitution,1577c51215d2419d8af24419f5a1370377566ddbd05ecde56375a9fe533e65d1,primary_parent,f2ae21e180b652bfebf3d5ddadc548e5a203bc160d1132ebb1cdf640bbc3b27f,amp_read_log10_mic_um,numeric,true,same_frozen_numeric_contract,minimize,log10(uM),2.597941786798904,2.460685730214578,-0.13725605658432594,0.13725605658432594,true,842a2a16d33019a147f1da7da199b09c9ae35dd852f5d9ef2cccd6c9afa15cf0
fgf2,e70c584cce0a5886c88fdac2f5c0bf5532dd3e30f6a66f3ae7bdbce3154ac7c8,masked_substitution,1577c51215d2419d8af24419f5a1370377566ddbd05ecde56375a9fe533e65d1,primary_parent,f2ae21e180b652bfebf3d5ddadc548e5a203bc160d1132ebb1cdf640bbc3b27f,guruprasad_instability_index,numeric,true,same_frozen_numeric_contract,minimize,index,29.246154,22.715384615384618,-6.5307693846153825,6.5307693846153825,true,715935a4a43a83862ec5f8f44ed31597e14c4aa663e8a6daa750965def2a9c7e
fgf2,e70c584cce0a5886c88fdac2f5c0bf5532dd3e30f6a66f3ae7bdbce3154ac7c8,masked_substitution,1577c51215d2419d8af24419f5a1370377566ddbd05ecde56375a9fe533e65d1,primary_parent,f2ae21e180b652bfebf3d5ddadc548e5a203bc160d1132ebb1cdf640bbc3b27f,hydrophobic_moment_eisenberg,numeric,false,audit_metric_has_no_monotonic_improvement_direction,audit,dimensionless,0.24330416982349223,0.26703425440959727,0.023730084586105038,,true,9746430d67521682d7c1a172887ac89a97b94768c0a37107f2232f74673ffe10
fgf2,e70c584cce0a5886c88fdac2f5c0bf5532dd3e30f6a66f3ae7bdbce3154ac7c8,masked_substitution,1577c51215d2419d8af24419f5a1370377566ddbd05ecde56375a9fe533e65d1,primary_parent,f2ae21e180b652bfebf3d5ddadc548e5a203bc160d1132ebb1cdf640bbc3b27f,hydrophobic_ratio_modlamp,numeric,false,audit_metric_has_no_monotonic_improvement_direction,audit,fraction,0.07692307692307693,0.11538461538461539,0.038461538461538464,,true,a1e6c7a8195b504ea5e0ace5ce621bf8161dca35b91a1e16e59282533e8b5b61
fgf2,e70c584cce0a5886c88fdac2f5c0bf5532dd3e30f6a66f3ae7bdbce3154ac7c8,masked_substitution,1577c51215d2419d8af24419f5a1370377566ddbd05ecde56375a9fe533e65d1,primary_parent,f2ae21e180b652bfebf3d5ddadc548e5a203bc160d1132ebb1cdf640bbc3b27f,llamp_log10_mic_um,numeric,true,same_frozen_numeric_contract,minimize,log10(uM),1.645182728767395,1.709125280380249,0.063942551612854,-0.063942551612854,true,f576b84e76b6665ae0fb0062b9c6d45cbac476a32c22fad9f416c3256c3fdf85
fgf2,e70c584cce0a5886c88fdac2f5c0bf5532dd3e30f6a66f3ae7bdbce3154ac7c8,masked_substitution,1577c51215d2419d8af24419f5a1370377566ddbd05ecde56375a9fe533e65d1,primary_parent,f2ae21e180b652bfebf3d5ddadc548e5a203bc160d1132ebb1cdf640bbc3b27f,macrel_amp_probability,numeric,true,same_frozen_numeric_contract,maximize,probability,0.396,0.297,-0.09900000000000003,-0.09900000000000003,true,5fa2d438f7b553d13d47eb4a6131493c5a144e6c6888283aee56c18da5d45c2e
fgf2,e70c584cce0a5886c88fdac2f5c0bf5532dd3e30f6a66f3ae7bdbce3154ac7c8,masked_substitution,1577c51215d2419d8af24419f5a1370377566ddbd05ecde56375a9fe533e65d1,primary_parent,f2ae21e180b652bfebf3d5ddadc548e5a203bc160d1132ebb1cdf640bbc3b27f,macrel_hemolysis_label,categorical,true,same_frozen_label_contract,audit,label,low,low,,,false,a49956b453586912691fc305d9df655f22c9b06201943ad6d2ebff0e1dc4e2d8
fgf2,e70c584cce0a5886c88fdac2f5c0bf5532dd3e30f6a66f3ae7bdbce3154ac7c8,masked_substitution,1577c51215d2419d8af24419f5a1370377566ddbd05ecde56375a9fe533e65d1,primary_parent,f2ae21e180b652bfebf3d5ddadc548e5a203bc160d1132ebb1cdf640bbc3b27f,macrel_hemolysis_probability,numeric,true,same_frozen_numeric_contract,minimize,probability,0.416,0.337,-0.07899999999999996,0.07899999999999996,true,7ccd0688f9728510330e1dfc0d972e6bd53893fd6958ae366bcd0538355b1165
fgf2,e70c584cce0a5886c88fdac2f5c0bf5532dd3e30f6a66f3ae7bdbce3154ac7c8,masked_substitution,1577c51215d2419d8af24419f5a1370377566ddbd05ecde56375a9fe533e65d1,primary_parent,f2ae21e180b652bfebf3d5ddadc548e5a203bc160d1132ebb1cdf640bbc3b27f,maximum_hydrophobic_run,numeric,true,same_frozen_numeric_contract,minimize,residues,1.0,1.0,0.0,-0.0,false,3f5d2f89c3c8a49629f400d7ed44c43ac000b1b7f3af2ec92c04d87770922381
fgf2,e70c584cce0a5886c88fdac2f5c0bf5532dd3e30f6a66f3ae7bdbce3154ac7c8,masked_substitution,1577c51215d2419d8af24419f5a1370377566ddbd05ecde56375a9fe533e65d1,primary_parent,f2ae21e180b652bfebf3d5ddadc548e5a203bc160d1132ebb1cdf640bbc3b27f,net_charge_ph7_4,numeric,false,audit_metric_has_no_monotonic_improvement_direction,audit,elementary_charge,7.985,6.985,-1.0,,true,49b7f73dfe82751f6a7731814c6abf50f539723ddbfce68c4f69656c38536e76
fgf2,e70c584cce0a5886c88fdac2f5c0bf5532dd3e30f6a66f3ae7bdbce3154ac7c8,masked_substitution,1577c51215d2419d8af24419f5a1370377566ddbd05ecde56375a9fe533e65d1,primary_parent,f2ae21e180b652bfebf3d5ddadc548e5a203bc160d1132ebb1cdf640bbc3b27f,toxinpred3_hybrid_score,numeric,true,same_frozen_numeric_contract,minimize,dimensionless,0.0,0.35,0.35,-0.35,true,5eb224375632992812d047d29b1e291cfd28d2d8c0fd4ede31a4c1d2f01255e8
fgf2,e70c584cce0a5886c88fdac2f5c0bf5532dd3e30f6a66f3ae7bdbce3154ac7c8,masked_substitution,1577c51215d2419d8af24419f5a1370377566ddbd05ecde56375a9fe533e65d1,primary_parent,f2ae21e180b652bfebf3d5ddadc548e5a203bc160d1132ebb1cdf640bbc3b27f,toxinpred3_label,categorical,true,same_frozen_label_contract,audit,label,Non-Toxin,Non-Toxin,,,false,5d38750a3694abf476907e4ce3c687311e306e8529bf38dec6a977f668b3feac
fgf2,962f30398dacb5914ec1fa0b351332f128b5e8f127918d29027c30f0f0924b9c,masked_substitution,25ad3211d7e7e4096c2dc6d14c68aef5a11a5703248bbbff19ce283701a0c347,primary_parent,f2ae21e180b652bfebf3d5ddadc548e5a203bc160d1132ebb1cdf640bbc3b27f,amp_read_log10_mic_um,numeric,true,same_frozen_numeric_contract,minimize,log10(uM),2.597941786798904,2.5595415657991447,-0.03840022099975915,0.03840022099975915,true,714d50f77f37bdd8df7562e8c622877ef3c2a2ddfc2831294137b8bb97cb77aa
fgf2,962f30398dacb5914ec1fa0b351332f128b5e8f127918d29027c30f0f0924b9c,masked_substitution,25ad3211d7e7e4096c2dc6d14c68aef5a11a5703248bbbff19ce283701a0c347,primary_parent,f2ae21e180b652bfebf3d5ddadc548e5a203bc160d1132ebb1cdf640bbc3b27f,guruprasad_instability_index,numeric,true,same_frozen_numeric_contract,minimize,index,29.246154,22.715384615384618,-6.5307693846153825,6.5307693846153825,true,347fded2b9573a5fbac14cec6ee6136d6873bfdcfa16b86c84de2361d1c5331d
fgf2,962f30398dacb5914ec1fa0b351332f128b5e8f127918d29027c30f0f0924b9c,masked_substitution,25ad3211d7e7e4096c2dc6d14c68aef5a11a5703248bbbff19ce283701a0c347,primary_parent,f2ae21e180b652bfebf3d5ddadc548e5a203bc160d1132ebb1cdf640bbc3b27f,hydrophobic_moment_eisenberg,numeric,false,audit_metric_has_no_monotonic_improvement_direction,audit,dimensionless,0.24330416982349223,0.2624893322909087,0.019185162467416472,,true,bcc5914ecdd5070e869df6871b3437b13f5a432b61cbe5931bdc6ea3ae4d1a90
fgf2,962f30398dacb5914ec1fa0b351332f128b5e8f127918d29027c30f0f0924b9c,masked_substitution,25ad3211d7e7e4096c2dc6d14c68aef5a11a5703248bbbff19ce283701a0c347,primary_parent,f2ae21e180b652bfebf3d5ddadc548e5a203bc160d1132ebb1cdf640bbc3b27f,hydrophobic_ratio_modlamp,numeric,false,audit_metric_has_no_monotonic_improvement_direction,audit,fraction,0.07692307692307693,0.11538461538461539,0.038461538461538464,,true,4bad65a81a3439d6b2e409daab6f29c6b9615355cbbdd477f493bc23e9558eb3
fgf2,962f30398dacb5914ec1fa0b351332f128b5e8f127918d29027c30f0f0924b9c,masked_substitution,25ad3211d7e7e4096c2dc6d14c68aef5a11a5703248bbbff19ce283701a0c347,primary_parent,f2ae21e180b652bfebf3d5ddadc548e5a203bc160d1132ebb1cdf640bbc3b27f,llamp_log10_mic_um,numeric,true,same_frozen_numeric_contract,minimize,log10(uM),1.645182728767395,1.6237870454788208,-0.02139568328857422,0.02139568328857422,true,222f9f0f677646ba0f48ab2f02f999342b100500497168c59b673cef5b339d9b
fgf2,962f30398dacb5914ec1fa0b351332f128b5e8f127918d29027c30f0f0924b9c,masked_substitution,25ad3211d7e7e4096c2dc6d14c68aef5a11a5703248bbbff19ce283701a0c347,primary_parent,f2ae21e180b652bfebf3d5ddadc548e5a203bc160d1132ebb1cdf640bbc3b27f,macrel_amp_probability,numeric,true,same_frozen_numeric_contract,maximize,probability,0.396,0.297,-0.09900000000000003,-0.09900000000000003,true,86800ca4637cb34dff7cfdc5fb1e95a4d223d20e9bfd0e34735bc94835fdc353
fgf2,962f30398dacb5914ec1fa0b351332f128b5e8f127918d29027c30f0f0924b9c,masked_substitution,25ad3211d7e7e4096c2dc6d14c68aef5a11a5703248bbbff19ce283701a0c347,primary_parent,f2ae21e180b652bfebf3d5ddadc548e5a203bc160d1132ebb1cdf640bbc3b27f,macrel_hemolysis_label,categorical,true,same_frozen_label_contract,audit,label,low,low,,,false,10a4613599a45becc81454641c1c2d59863d750de70b27d69d2bcbd45843ee84
fgf2,962f30398dacb5914ec1fa0b351332f128b5e8f127918d29027c30f0f0924b9c,masked_substitution,25ad3211d7e7e4096c2dc6d14c68aef5a11a5703248bbbff19ce283701a0c347,primary_parent,f2ae21e180b652bfebf3d5ddadc548e5a203bc160d1132ebb1cdf640bbc3b27f,macrel_hemolysis_probability,numeric,true,same_frozen_numeric_contract,minimize,probability,0.416,0.356,-0.06,0.06,true,c1f642e999b7635440cbe4f8112645a9d63694b92fac038f41325cf08676d540
fgf2,962f30398dacb5914ec1fa0b351332f128b5e8f127918d29027c30f0f0924b9c,masked_substitution,25ad3211d7e7e4096c2dc6d14c68aef5a11a5703248bbbff19ce283701a0c347,primary_parent,f2ae21e180b652bfebf3d5ddadc548e5a203bc160d1132ebb1cdf640bbc3b27f,maximum_hydrophobic_run,numeric,true,same_frozen_numeric_contract,minimize,residues,1.0,1.0,0.0,-0.0,false,f81b1ac306b93f2ac309e1c0cba586a15e021f59b86d31b1d859db49eb95b8d0
fgf2,962f30398dacb5914ec1fa0b351332f128b5e8f127918d29027c30f0f0924b9c,masked_substitution,25ad3211d7e7e4096c2dc6d14c68aef5a11a5703248bbbff19ce283701a0c347,primary_parent,f2ae21e180b652bfebf3d5ddadc548e5a203bc160d1132ebb1cdf640bbc3b27f,net_charge_ph7_4,numeric,false,audit_metric_has_no_monotonic_improvement_direction,audit,elementary_charge,7.985,6.985,-1.0,,true,576dd82acac4e362a289a119198d5cf7d9079c14345fe321734340e0248ebddf
fgf2,962f30398dacb5914ec1fa0b351332f128b5e8f127918d29027c30f0f0924b9c,masked_substitution,25ad3211d7e7e4096c2dc6d14c68aef5a11a5703248bbbff19ce283701a0c347,primary_parent,f2ae21e180b652bfebf3d5ddadc548e5a203bc160d1132ebb1cdf640bbc3b27f,toxinpred3_hybrid_score,numeric,true,same_frozen_numeric_contract,minimize,dimensionless,0.0,0.0,0.0,-0.0,false,6cc47ff94999d35d935f7cb3a355bac99e5d496e89482aaeae82017928152cb7
fgf2,962f30398dacb5914ec1fa0b351332f128b5e8f127918d29027c30f0f0924b9c,masked_substitution,25ad3211d7e7e4096c2dc6d14c68aef5a11a5703248bbbff19ce283701a0c347,primary_parent,f2ae21e180b652bfebf3d5ddadc548e5a203bc160d1132ebb1cdf640bbc3b27f,toxinpred3_label,categorical,true,same_frozen_label_contract,audit,label,Non-Toxin,Non-Toxin,,,false,95b4869a2a284725a825b6a4070c31cd5234de7116c42bddf34ccb66221b1c10
fgf2,e8da9008fe56d9a7708e5140ab6401c408adbab8cc96ba702f74f56c6acf57b2,masked_substitution,0fa6da197b782ea03161c6785a01da33ccc81c62c3949ab077f0f7dc0bc64e53,primary_parent,f2ae21e180b652bfebf3d5ddadc548e5a203bc160d1132ebb1cdf640bbc3b27f,amp_read_log10_mic_um,numeric,true,same_frozen_numeric_contract,minimize,log10(uM),2.597941786798904,2.5031909142853666,-0.09475087251353731,0.09475087251353731,true,4f5454e59ea40121dbd78ce98f6dd82db6b012c86795bd720de83afe1aafd44d
fgf2,e8da9008fe56d9a7708e5140ab6401c408adbab8cc96ba702f74f56c6acf57b2,masked_substitution,0fa6da197b782ea03161c6785a01da33ccc81c62c3949ab077f0f7dc0bc64e53,primary_parent,f2ae21e180b652bfebf3d5ddadc548e5a203bc160d1132ebb1cdf640bbc3b27f,guruprasad_instability_index,numeric,true,same_frozen_numeric_contract,minimize,index,29.246154,24.873076923076926,-4.3730770769230745,4.3730770769230745,true,9590a831fcc130e684f6d6a5c8da196f9732d004067a15d3b23f488db2de4217
fgf2,e8da9008fe56d9a7708e5140ab6401c408adbab8cc96ba702f74f56c6acf57b2,masked_substitution,0fa6da197b782ea03161c6785a01da33ccc81c62c3949ab077f0f7dc0bc64e53,primary_parent,f2ae21e180b652bfebf3d5ddadc548e5a203bc160d1132ebb1cdf640bbc3b27f,hydrophobic_moment_eisenberg,numeric,false,audit_metric_has_no_monotonic_improvement_direction,audit,dimensionless,0.24330416982349223,0.2624893322909087,0.019185162467416472,,true,7ebb7570a6765bfa262d9d4d3a5d3aea835ff3160030b18f8532387afe169cd7
fgf2,e8da9008fe56d9a7708e5140ab6401c408adbab8cc96ba702f74f56c6acf57b2,masked_substitution,0fa6da197b782ea03161c6785a01da33ccc81c62c3949ab077f0f7dc0bc64e53,primary_parent,f2ae21e180b652bfebf3d5ddadc548e5a203bc160d1132ebb1cdf640bbc3b27f,hydrophobic_ratio_modlamp,numeric,false,audit_metric_has_no_monotonic_improvement_direction,audit,fraction,0.07692307692307693,0.11538461538461539,0.038461538461538464,,true,27aebbdcbb2efdcd74db3c9ae5731b6eb329e66d23e80dba28d8366f44b044ba
fgf2,e8da9008fe56d9a7708e5140ab6401c408adbab8cc96ba702f74f56c6acf57b2,masked_substitution,0fa6da197b782ea03161c6785a01da33ccc81c62c3949ab077f0f7dc0bc64e53,primary_parent,f2ae21e180b652bfebf3d5ddadc548e5a203bc160d1132ebb1cdf640bbc3b27f,llamp_log10_mic_um,numeric,true,same_frozen_numeric_contract,minimize,log10(uM),1.645182728767395,1.7602181434631348,0.11503541469573975,-0.11503541469573975,true,87a234f701cfe3dbe4c245630a06b42e2637a911c356b594518202d0b2a4acc5
fgf2,e8da9008fe56d9a7708e5140ab6401c408adbab8cc96ba702f74f56c6acf57b2,masked_substitution,0fa6da197b782ea03161c6785a01da33ccc81c62c3949ab077f0f7dc0bc64e53,primary_parent,f2ae21e180b652bfebf3d5ddadc548e5a203bc160d1132ebb1cdf640bbc3b27f,macrel_amp_probability,numeric,true,same_frozen_numeric_contract,maximize,probability,0.396,0.287,-0.10900000000000004,-0.10900000000000004,true,f5e43c1781c9bbed81b0a928b49028c3cf34b7b7dce666a88b738746f5510a19
fgf2,e8da9008fe56d9a7708e5140ab6401c408adbab8cc96ba702f74f56c6acf57b2,masked_substitution,0fa6da197b782ea03161c6785a01da33ccc81c62c3949ab077f0f7dc0bc64e53,primary_parent,f2ae21e180b652bfebf3d5ddadc548e5a203bc160d1132ebb1cdf640bbc3b27f,macrel_hemolysis_label,categorical,true,same_frozen_label_contract,audit,label,low,low,,,false,4e6a502c6fb60399f0bf9de2efedb8ba34a8565eb14bbdf8e8fd1640a78d453b
fgf2,e8da9008fe56d9a7708e5140ab6401c408adbab8cc96ba702f74f56c6acf57b2,masked_substitution,0fa6da197b782ea03161c6785a01da33ccc81c62c3949ab077f0f7dc0bc64e53,primary_parent,f2ae21e180b652bfebf3d5ddadc548e5a203bc160d1132ebb1cdf640bbc3b27f,macrel_hemolysis_probability,numeric,true,same_frozen_numeric_contract,minimize,probability,0.416,0.317,-0.09899999999999998,0.09899999999999998,true,2901e8c96042877d50d0a2f541c32a56cbf9eeb208e08befaeb9231998be77c2
fgf2,e8da9008fe56d9a7708e5140ab6401c408adbab8cc96ba702f74f56c6acf57b2,masked_substitution,0fa6da197b782ea03161c6785a01da33ccc81c62c3949ab077f0f7dc0bc64e53,primary_parent,f2ae21e180b652bfebf3d5ddadc548e5a203bc160d1132ebb1cdf640bbc3b27f,maximum_hydrophobic_run,numeric,true,same_frozen_numeric_contract,minimize,residues,1.0,1.0,0.0,-0.0,false,bd60668b4cfc6b5f09bcf907d5ab7be36af46adad2e5d7d4d252deb1a89972e3
fgf2,e8da9008fe56d9a7708e5140ab6401c408adbab8cc96ba702f74f56c6acf57b2,masked_substitution,0fa6da197b782ea03161c6785a01da33ccc81c62c3949ab077f0f7dc0bc64e53,primary_parent,f2ae21e180b652bfebf3d5ddadc548e5a203bc160d1132ebb1cdf640bbc3b27f,net_charge_ph7_4,numeric,false,audit_metric_has_no_monotonic_improvement_direction,audit,elementary_charge,7.985,6.985,-1.0,,true,e1e89769bb29f1bbc62308fbfb1a53803a0c92298a5fa9a51c67c822516d1164
fgf2,e8da9008fe56d9a7708e5140ab6401c408adbab8cc96ba702f74f56c6acf57b2,masked_substitution,0fa6da197b782ea03161c6785a01da33ccc81c62c3949ab077f0f7dc0bc64e53,primary_parent,f2ae21e180b652bfebf3d5ddadc548e5a203bc160d1132ebb1cdf640bbc3b27f,toxinpred3_hybrid_score,numeric,true,same_frozen_numeric_contract,minimize,dimensionless,0.0,0.285,0.285,-0.285,true,6c9a64ff001223784d0c0b836a996cc9109c1c7cc2f496f8a301f60596d99ee1
fgf2,e8da9008fe56d9a7708e5140ab6401c408adbab8cc96ba702f74f56c6acf57b2,masked_substitution,0fa6da197b782ea03161c6785a01da33ccc81c62c3949ab077f0f7dc0bc64e53,primary_parent,f2ae21e180b652bfebf3d5ddadc548e5a203bc160d1132ebb1cdf640bbc3b27f,toxinpred3_label,categorical,true,same_frozen_label_contract,audit,label,Non-Toxin,Non-Toxin,,,false,e8d28043e91d2054878588ae6c6d1e33ee66f6123d5e0f5838ffceb0bbf575e1
fgf2,fd9641bcec340fe0cd7b12953ef9baa339755c921775de92cfa3ceeab111e484,masked_substitution,acd3f3fd7e27635d53e83627a6bd1994b3367f35a11df50666d7497a6bbec935,primary_parent,f2ae21e180b652bfebf3d5ddadc548e5a203bc160d1132ebb1cdf640bbc3b27f,amp_read_log10_mic_um,numeric,true,same_frozen_numeric_contract,minimize,log10(uM),2.597941786798904,2.5253319354933286,-0.07260985130557529,0.07260985130557529,true,b7dd32956376549ac71ad2c643374c5d0ae200e0be844c569c74768865a7dfad
fgf2,fd9641bcec340fe0cd7b12953ef9baa339755c921775de92cfa3ceeab111e484,masked_substitution,acd3f3fd7e27635d53e83627a6bd1994b3367f35a11df50666d7497a6bbec935,primary_parent,f2ae21e180b652bfebf3d5ddadc548e5a203bc160d1132ebb1cdf640bbc3b27f,guruprasad_instability_index,numeric,true,same_frozen_numeric_contract,minimize,index,29.246154,23.465384615384618,-5.7807693846153825,5.7807693846153825,true,c547c6b826606a90b1402fc3b2f64e7dffbbadc6ce3aad9f96a9234466c6befe
fgf2,fd9641bcec340fe0cd7b12953ef9baa339755c921775de92cfa3ceeab111e484,masked_substitution,acd3f3fd7e27635d53e83627a6bd1994b3367f35a11df50666d7497a6bbec935,primary_parent,f2ae21e180b652bfebf3d5ddadc548e5a203bc160d1132ebb1cdf640bbc3b27f,hydrophobic_moment_eisenberg,numeric,false,audit_metric_has_no_monotonic_improvement_direction,audit,dimensionless,0.24330416982349223,0.2639569628839103,0.020652793060418062,,true,747e14df413d6efe8594d0bf7a526a89b30915a71f93b0b3ce233d6aa8801556
fgf2,fd9641bcec340fe0cd7b12953ef9baa339755c921775de92cfa3ceeab111e484,masked_substitution,acd3f3fd7e27635d53e83627a6bd1994b3367f35a11df50666d7497a6bbec935,primary_parent,f2ae21e180b652bfebf3d5ddadc548e5a203bc160d1132ebb1cdf640bbc3b27f,hydrophobic_ratio_modlamp,numeric,false,audit_metric_has_no_monotonic_improvement_direction,audit,fraction,0.07692307692307693,0.11538461538461539,0.038461538461538464,,true,2dc65aef9763dbfb82b4385ae2e66e3a22a79b785a780fbb578968fe5b7c5dbd
fgf2,fd9641bcec340fe0cd7b12953ef9baa339755c921775de92cfa3ceeab111e484,masked_substitution,acd3f3fd7e27635d53e83627a6bd1994b3367f35a11df50666d7497a6bbec935,primary_parent,f2ae21e180b652bfebf3d5ddadc548e5a203bc160d1132ebb1cdf640bbc3b27f,llamp_log10_mic_um,numeric,true,same_frozen_numeric_contract,minimize,log10(uM),1.645182728767395,1.6558417081832886,0.010658979415893555,-0.010658979415893555,true,7e63f4c617689dedcdecd5c771ab3655dc27dac3d114a5436c5e312c40def63b
fgf2,fd9641bcec340fe0cd7b12953ef9baa339755c921775de92cfa3ceeab111e484,masked_substitution,acd3f3fd7e27635d53e83627a6bd1994b3367f35a11df50666d7497a6bbec935,primary_parent,f2ae21e180b652bfebf3d5ddadc548e5a203bc160d1132ebb1cdf640bbc3b27f,macrel_amp_probability,numeric,true,same_frozen_numeric_contract,maximize,probability,0.396,0.376,-0.020000000000000018,-0.020000000000000018,true,3864ae9ccf2ab6f98f1536e9512e9acbd2e4e804476ecde8d530a3bf2b7460c0
fgf2,fd9641bcec340fe0cd7b12953ef9baa339755c921775de92cfa3ceeab111e484,masked_substitution,acd3f3fd7e27635d53e83627a6bd1994b3367f35a11df50666d7497a6bbec935,primary_parent,f2ae21e180b652bfebf3d5ddadc548e5a203bc160d1132ebb1cdf640bbc3b27f,macrel_hemolysis_label,categorical,true,same_frozen_label_contract,audit,label,low,low,,,false,c39e3eb3e7919e67a4792de483b01699c3c820df873e9e5034b2a0a9755b0117
fgf2,fd9641bcec340fe0cd7b12953ef9baa339755c921775de92cfa3ceeab111e484,masked_substitution,acd3f3fd7e27635d53e83627a6bd1994b3367f35a11df50666d7497a6bbec935,primary_parent,f2ae21e180b652bfebf3d5ddadc548e5a203bc160d1132ebb1cdf640bbc3b27f,macrel_hemolysis_probability,numeric,true,same_frozen_numeric_contract,minimize,probability,0.416,0.356,-0.06,0.06,true,d96de4cc88b9856d70f140f7e1b678fb3c7f64d736659faceb9eada4eeb1a150
fgf2,fd9641bcec340fe0cd7b12953ef9baa339755c921775de92cfa3ceeab111e484,masked_substitution,acd3f3fd7e27635d53e83627a6bd1994b3367f35a11df50666d7497a6bbec935,primary_parent,f2ae21e180b652bfebf3d5ddadc548e5a203bc160d1132ebb1cdf640bbc3b27f,maximum_hydrophobic_run,numeric,true,same_frozen_numeric_contract,minimize,residues,1.0,1.0,0.0,-0.0,false,fd74d5a7e14734714f8a2d8423221fbdff2e72bb2b3acd141606f25025817c5f
fgf2,fd9641bcec340fe0cd7b12953ef9baa339755c921775de92cfa3ceeab111e484,masked_substitution,acd3f3fd7e27635d53e83627a6bd1994b3367f35a11df50666d7497a6bbec935,primary_parent,f2ae21e180b652bfebf3d5ddadc548e5a203bc160d1132ebb1cdf640bbc3b27f,net_charge_ph7_4,numeric,false,audit_metric_has_no_monotonic_improvement_direction,audit,elementary_charge,7.985,6.985,-1.0,,true,91f7bc777b98ee017d22fa54303620d5530b98a41501a156d1d294fee1d59c23
fgf2,fd9641bcec340fe0cd7b12953ef9baa339755c921775de92cfa3ceeab111e484,masked_substitution,acd3f3fd7e27635d53e83627a6bd1994b3367f35a11df50666d7497a6bbec935,primary_parent,f2ae21e180b652bfebf3d5ddadc548e5a203bc160d1132ebb1cdf640bbc3b27f,toxinpred3_hybrid_score,numeric,true,same_frozen_numeric_contract,minimize,dimensionless,0.0,0.325,0.325,-0.325,true,021ef6ca2b200ef59c220f70c41875be0e9090186b63f924298fea7f8a1720f7
fgf2,fd9641bcec340fe0cd7b12953ef9baa339755c921775de92cfa3ceeab111e484,masked_substitution,acd3f3fd7e27635d53e83627a6bd1994b3367f35a11df50666d7497a6bbec935,primary_parent,f2ae21e180b652bfebf3d5ddadc548e5a203bc160d1132ebb1cdf640bbc3b27f,toxinpred3_label,categorical,true,same_frozen_label_contract,audit,label,Non-Toxin,Non-Toxin,,,false,59f3d8711fbbb79b1d541dc177496bfc480632d04a71e0240fd660e993c0d85f
fgf2,bb78aec549da7838dabd4de2e2040d8895622f90a33cc262125ebe34e43bf817,masked_substitution,77bdb94e719e6eddde70c9f91578783fb43db030158437df97c8f181369397c0,primary_parent,f2ae21e180b652bfebf3d5ddadc548e5a203bc160d1132ebb1cdf640bbc3b27f,amp_read_log10_mic_um,numeric,true,same_frozen_numeric_contract,minimize,log10(uM),2.597941786798904,2.480379751283747,-0.11756203551515698,0.11756203551515698,true,ef5019c69237cd86bbdcc7207c6074c87e6d12d2950f30cbd5c785ad8427b397
fgf2,bb78aec549da7838dabd4de2e2040d8895622f90a33cc262125ebe34e43bf817,masked_substitution,77bdb94e719e6eddde70c9f91578783fb43db030158437df97c8f181369397c0,primary_parent,f2ae21e180b652bfebf3d5ddadc548e5a203bc160d1132ebb1cdf640bbc3b27f,guruprasad_instability_index,numeric,true,same_frozen_numeric_contract,minimize,index,29.246154,29.24615384615385,-1.5384615181801564e-07,1.5384615181801564e-07,true,b03e04cb1905bdcf4133994f8ecd712fa318e361aef0a68ec99030fe2e9cec45
fgf2,bb78aec549da7838dabd4de2e2040d8895622f90a33cc262125ebe34e43bf817,masked_substitution,77bdb94e719e6eddde70c9f91578783fb43db030158437df97c8f181369397c0,primary_parent,f2ae21e180b652bfebf3d5ddadc548e5a203bc160d1132ebb1cdf640bbc3b27f,hydrophobic_moment_eisenberg,numeric,false,audit_metric_has_no_monotonic_improvement_direction,audit,dimensionless,0.24330416982349223,0.25214800400060583,0.008843834177113596,,true,e3f5b71311c53337353127954b2f66ec9e9768d1fab204d84bc566538ecdbbb5
fgf2,bb78aec549da7838dabd4de2e2040d8895622f90a33cc262125ebe34e43bf817,masked_substitution,77bdb94e719e6eddde70c9f91578783fb43db030158437df97c8f181369397c0,primary_parent,f2ae21e180b652bfebf3d5ddadc548e5a203bc160d1132ebb1cdf640bbc3b27f,hydrophobic_ratio_modlamp,numeric,false,audit_metric_has_no_monotonic_improvement_direction,audit,fraction,0.07692307692307693,0.07692307692307693,0.0,,false,854d20c4522bf871c01326d826b83383b12b20ee787f02fcec74c0e0c2dbf8ca
fgf2,bb78aec549da7838dabd4de2e2040d8895622f90a33cc262125ebe34e43bf817,masked_substitution,77bdb94e719e6eddde70c9f91578783fb43db030158437df97c8f181369397c0,primary_parent,f2ae21e180b652bfebf3d5ddadc548e5a203bc160d1132ebb1cdf640bbc3b27f,llamp_log10_mic_um,numeric,true,same_frozen_numeric_contract,minimize,log10(uM),1.645182728767395,1.7567225694656372,0.11153984069824219,-0.11153984069824219,true,bca2d950a25756025ba37bb9bacb8df598d123ffc38e3828a9f7aadb7bad2dec
fgf2,bb78aec549da7838dabd4de2e2040d8895622f90a33cc262125ebe34e43bf817,masked_substitution,77bdb94e719e6eddde70c9f91578783fb43db030158437df97c8f181369397c0,primary_parent,f2ae21e180b652bfebf3d5ddadc548e5a203bc160d1132ebb1cdf640bbc3b27f,macrel_amp_probability,numeric,true,same_frozen_numeric_contract,maximize,probability,0.396,0.386,-0.010000000000000009,-0.010000000000000009,true,f34ad7da8c5006f7aa7698c1c6a5bf5411bf8365a98432b9b1d69321c29ceb41
fgf2,bb78aec549da7838dabd4de2e2040d8895622f90a33cc262125ebe34e43bf817,masked_substitution,77bdb94e719e6eddde70c9f91578783fb43db030158437df97c8f181369397c0,primary_parent,f2ae21e180b652bfebf3d5ddadc548e5a203bc160d1132ebb1cdf640bbc3b27f,macrel_hemolysis_label,categorical,true,same_frozen_label_contract,audit,label,low,low,,,false,93d43e6f1464ffdda9b156569f9af8daf39de9fc2c2e355d27c4ac9632bd9937
fgf2,bb78aec549da7838dabd4de2e2040d8895622f90a33cc262125ebe34e43bf817,masked_substitution,77bdb94e719e6eddde70c9f91578783fb43db030158437df97c8f181369397c0,primary_parent,f2ae21e180b652bfebf3d5ddadc548e5a203bc160d1132ebb1cdf640bbc3b27f,macrel_hemolysis_probability,numeric,true,same_frozen_numeric_contract,minimize,probability,0.416,0.356,-0.06,0.06,true,0036d90648c2771e63d0cc09a2146bff441abda4f7101181b93c3c5b74452b9f
fgf2,bb78aec549da7838dabd4de2e2040d8895622f90a33cc262125ebe34e43bf817,masked_substitution,77bdb94e719e6eddde70c9f91578783fb43db030158437df97c8f181369397c0,primary_parent,f2ae21e180b652bfebf3d5ddadc548e5a203bc160d1132ebb1cdf640bbc3b27f,maximum_hydrophobic_run,numeric,true,same_frozen_numeric_contract,minimize,residues,1.0,1.0,0.0,-0.0,false,4ed9741fbe111c9ef9eff710bd38253e925bf0620c3e9db48b491fccaee1261a
fgf2,bb78aec549da7838dabd4de2e2040d8895622f90a33cc262125ebe34e43bf817,masked_substitution,77bdb94e719e6eddde70c9f91578783fb43db030158437df97c8f181369397c0,primary_parent,f2ae21e180b652bfebf3d5ddadc548e5a203bc160d1132ebb1cdf640bbc3b27f,net_charge_ph7_4,numeric,false,audit_metric_has_no_monotonic_improvement_direction,audit,elementary_charge,7.985,6.983,-1.0020000000000007,,true,060455c5179eb11363ebc58309e27f9f529954ea89f4413248c4744a23fcaf78
fgf2,bb78aec549da7838dabd4de2e2040d8895622f90a33cc262125ebe34e43bf817,masked_substitution,77bdb94e719e6eddde70c9f91578783fb43db030158437df97c8f181369397c0,primary_parent,f2ae21e180b652bfebf3d5ddadc548e5a203bc160d1132ebb1cdf640bbc3b27f,toxinpred3_hybrid_score,numeric,true,same_frozen_numeric_contract,minimize,dimensionless,0.0,0.31,0.31,-0.31,true,ff3cd3e6fc128fbd57c4caac6a8d2e8daf586f3eafe8dbf3779e7c4d73a102de
fgf2,bb78aec549da7838dabd4de2e2040d8895622f90a33cc262125ebe34e43bf817,masked_substitution,77bdb94e719e6eddde70c9f91578783fb43db030158437df97c8f181369397c0,primary_parent,f2ae21e180b652bfebf3d5ddadc548e5a203bc160d1132ebb1cdf640bbc3b27f,toxinpred3_label,categorical,true,same_frozen_label_contract,audit,label,Non-Toxin,Non-Toxin,,,false,a7480f68d725ce2776ca706718a9226c74c75383b50c09337bd8c3443f66cb49
fgf2,9a24a4f8fcd32e75762bde963f61718ec389fa246bd771b94426ce19f9f97850,masked_substitution,1e66da8e8c46bb69904b2476d4c1d9467fb75582a66aa8d470cc0993235dc6e8,primary_parent,f2ae21e180b652bfebf3d5ddadc548e5a203bc160d1132ebb1cdf640bbc3b27f,amp_read_log10_mic_um,numeric,true,same_frozen_numeric_contract,minimize,log10(uM),2.597941786798904,2.3694581968435404,-0.22848358995536344,0.22848358995536344,true,d30f0bf31a4d288b6eb2b3e1e5c33f20e1f21c8da0138647d7f5e54d0332934e
fgf2,9a24a4f8fcd32e75762bde963f61718ec389fa246bd771b94426ce19f9f97850,masked_substitution,1e66da8e8c46bb69904b2476d4c1d9467fb75582a66aa8d470cc0993235dc6e8,primary_parent,f2ae21e180b652bfebf3d5ddadc548e5a203bc160d1132ebb1cdf640bbc3b27f,guruprasad_instability_index,numeric,true,same_frozen_numeric_contract,minimize,index,29.246154,32.511538461538464,3.2653844615384635,-3.2653844615384635,true,674661d4cc212d50c602cd6975ca911b79bf2a248a3bdad813f67cc006d22e7b
fgf2,9a24a4f8fcd32e75762bde963f61718ec389fa246bd771b94426ce19f9f97850,masked_substitution,1e66da8e8c46bb69904b2476d4c1d9467fb75582a66aa8d470cc0993235dc6e8,primary_parent,f2ae21e180b652bfebf3d5ddadc548e5a203bc160d1132ebb1cdf640bbc3b27f,hydrophobic_moment_eisenberg,numeric,false,audit_metric_has_no_monotonic_improvement_direction,audit,dimensionless,0.24330416982349223,0.23032121872736316,-0.01298295109612907,,true,182a0f2f2bc4b599d156d14e216be709a5e4100428a8544a9cd480d210d515c1
fgf2,9a24a4f8fcd32e75762bde963f61718ec389fa246bd771b94426ce19f9f97850,masked_substitution,1e66da8e8c46bb69904b2476d4c1d9467fb75582a66aa8d470cc0993235dc6e8,primary_parent,f2ae21e180b652bfebf3d5ddadc548e5a203bc160d1132ebb1cdf640bbc3b27f,hydrophobic_ratio_modlamp,numeric,false,audit_metric_has_no_monotonic_improvement_direction,audit,fraction,0.07692307692307693,0.11538461538461539,0.038461538461538464,,true,6ef096e0150bfe9a7a1bb8151837da93e176448f6880ef7db6b10a48032e523b
fgf2,9a24a4f8fcd32e75762bde963f61718ec389fa246bd771b94426ce19f9f97850,masked_substitution,1e66da8e8c46bb69904b2476d4c1d9467fb75582a66aa8d470cc0993235dc6e8,primary_parent,f2ae21e180b652bfebf3d5ddadc548e5a203bc160d1132ebb1cdf640bbc3b27f,llamp_log10_mic_um,numeric,true,same_frozen_numeric_contract,minimize,log10(uM),1.645182728767395,1.4876478910446167,-0.15753483772277832,0.15753483772277832,true,b94c76ac03fbb5620d131e3562d4cfe7de8057909440ce543a2552cc0bd6657c
fgf2,9a24a4f8fcd32e75762bde963f61718ec389fa246bd771b94426ce19f9f97850,masked_substitution,1e66da8e8c46bb69904b2476d4c1d9467fb75582a66aa8d470cc0993235dc6e8,primary_parent,f2ae21e180b652bfebf3d5ddadc548e5a203bc160d1132ebb1cdf640bbc3b27f,macrel_amp_probability,numeric,true,same_frozen_numeric_contract,maximize,probability,0.396,0.337,-0.059,-0.059,true,6184f9280ee4f0d5439f32c759daac1a7dbe0f5c5fc5561871e8a1cbcbc1e50a
fgf2,9a24a4f8fcd32e75762bde963f61718ec389fa246bd771b94426ce19f9f97850,masked_substitution,1e66da8e8c46bb69904b2476d4c1d9467fb75582a66aa8d470cc0993235dc6e8,primary_parent,f2ae21e180b652bfebf3d5ddadc548e5a203bc160d1132ebb1cdf640bbc3b27f,macrel_hemolysis_label,categorical,true,same_frozen_label_contract,audit,label,low,low,,,false,311d045c1f5541abc78f32ec38901b970b5fff6b08a8dafbb3f5d5c8cf327f7b
fgf2,9a24a4f8fcd32e75762bde963f61718ec389fa246bd771b94426ce19f9f97850,masked_substitution,1e66da8e8c46bb69904b2476d4c1d9467fb75582a66aa8d470cc0993235dc6e8,primary_parent,f2ae21e180b652bfebf3d5ddadc548e5a203bc160d1132ebb1cdf640bbc3b27f,macrel_hemolysis_probability,numeric,true,same_frozen_numeric_contract,minimize,probability,0.416,0.406,-0.009999999999999953,0.009999999999999953,true,bee5971458627ffaea54bb4bb60c66c2c0c221862070d5efcc982183b228cef1
fgf2,9a24a4f8fcd32e75762bde963f61718ec389fa246bd771b94426ce19f9f97850,masked_substitution,1e66da8e8c46bb69904b2476d4c1d9467fb75582a66aa8d470cc0993235dc6e8,primary_parent,f2ae21e180b652bfebf3d5ddadc548e5a203bc160d1132ebb1cdf640bbc3b27f,maximum_hydrophobic_run,numeric,true,same_frozen_numeric_contract,minimize,residues,1.0,1.0,0.0,-0.0,false,a25eaafc76850c6c419830e8938628e6ee65a89949f55d0b59b381819c83418c
fgf2,9a24a4f8fcd32e75762bde963f61718ec389fa246bd771b94426ce19f9f97850,masked_substitution,1e66da8e8c46bb69904b2476d4c1d9467fb75582a66aa8d470cc0993235dc6e8,primary_parent,f2ae21e180b652bfebf3d5ddadc548e5a203bc160d1132ebb1cdf640bbc3b27f,net_charge_ph7_4,numeric,false,audit_metric_has_no_monotonic_improvement_direction,audit,elementary_charge,7.985,8.985,0.9999999999999991,,true,8c87431b22d08f01d8f99e9b73ac075199d39d64b9e04b10d7715df721e2897d
fgf2,9a24a4f8fcd32e75762bde963f61718ec389fa246bd771b94426ce19f9f97850,masked_substitution,1e66da8e8c46bb69904b2476d4c1d9467fb75582a66aa8d470cc0993235dc6e8,primary_parent,f2ae21e180b652bfebf3d5ddadc548e5a203bc160d1132ebb1cdf640bbc3b27f,toxinpred3_hybrid_score,numeric,true,same_frozen_numeric_contract,minimize,dimensionless,0.0,0.355,0.355,-0.355,true,890451ba8b7f75954bd49ca80ac394589340eb9eeeae562dd139d0a154779377
fgf2,9a24a4f8fcd32e75762bde963f61718ec389fa246bd771b94426ce19f9f97850,masked_substitution,1e66da8e8c46bb69904b2476d4c1d9467fb75582a66aa8d470cc0993235dc6e8,primary_parent,f2ae21e180b652bfebf3d5ddadc548e5a203bc160d1132ebb1cdf640bbc3b27f,toxinpred3_label,categorical,true,same_frozen_label_contract,audit,label,Non-Toxin,Non-Toxin,,,false,d87f387337a2c4bf378f0f3b8c51a5c3ff5d3e8593d33ccb928234a4244ba161
fgf2,d6d73b21ba7ecfc87b4e59a08d875df639289cdbf393fedc0c80f567f4820f41,masked_substitution,36a81bf473f751d261177593cc86fc1229ad09c200a21a26d38a1b32ba0574ac,primary_parent,f2ae21e180b652bfebf3d5ddadc548e5a203bc160d1132ebb1cdf640bbc3b27f,amp_read_log10_mic_um,numeric,true,same_frozen_numeric_contract,minimize,log10(uM),2.597941786798904,2.328927821690444,-0.26901396510846,0.26901396510846,true,29809c69aa3856e7a68f6be3aa91721fec0484feba638118a32859c5de25ec31
fgf2,d6d73b21ba7ecfc87b4e59a08d875df639289cdbf393fedc0c80f567f4820f41,masked_substitution,36a81bf473f751d261177593cc86fc1229ad09c200a21a26d38a1b32ba0574ac,primary_parent,f2ae21e180b652bfebf3d5ddadc548e5a203bc160d1132ebb1cdf640bbc3b27f,guruprasad_instability_index,numeric,true,same_frozen_numeric_contract,minimize,index,29.246154,25.980769230769237,-3.2653847692307636,3.2653847692307636,true,f5392749ddc57bec0e846712092a1fccf8aae09ae3a4b07d498f32f6e48b9708
fgf2,d6d73b21ba7ecfc87b4e59a08d875df639289cdbf393fedc0c80f567f4820f41,masked_substitution,36a81bf473f751d261177593cc86fc1229ad09c200a21a26d38a1b32ba0574ac,primary_parent,f2ae21e180b652bfebf3d5ddadc548e5a203bc160d1132ebb1cdf640bbc3b27f,hydrophobic_moment_eisenberg,numeric,false,audit_metric_has_no_monotonic_improvement_direction,audit,dimensionless,0.24330416982349223,0.2292297399976171,-0.014074429825875145,,true,1c03b28888c62306c21b7ac957c06b12beca01fd02da8901fe43884c9c6d82ec
fgf2,d6d73b21ba7ecfc87b4e59a08d875df639289cdbf393fedc0c80f567f4820f41,masked_substitution,36a81bf473f751d261177593cc86fc1229ad09c200a21a26d38a1b32ba0574ac,primary_parent,f2ae21e180b652bfebf3d5ddadc548e5a203bc160d1132ebb1cdf640bbc3b27f,hydrophobic_ratio_modlamp,numeric,false,audit_metric_has_no_monotonic_improvement_direction,audit,fraction,0.07692307692307693,0.11538461538461539,0.038461538461538464,,true,5e61cb5ae237836b634492e670e31876bad368964c15a134fe02706cccf88565
fgf2,d6d73b21ba7ecfc87b4e59a08d875df639289cdbf393fedc0c80f567f4820f41,masked_substitution,36a81bf473f751d261177593cc86fc1229ad09c200a21a26d38a1b32ba0574ac,primary_parent,f2ae21e180b652bfebf3d5ddadc548e5a203bc160d1132ebb1cdf640bbc3b27f,llamp_log10_mic_um,numeric,true,same_frozen_numeric_contract,minimize,log10(uM),1.645182728767395,1.4660742282867432,-0.17910850048065186,0.17910850048065186,true,62a36bdc2a986804db38932852002a3f2a64139ff26d9b61815ee888e01c64fa
fgf2,d6d73b21ba7ecfc87b4e59a08d875df639289cdbf393fedc0c80f567f4820f41,masked_substitution,36a81bf473f751d261177593cc86fc1229ad09c200a21a26d38a1b32ba0574ac,primary_parent,f2ae21e180b652bfebf3d5ddadc548e5a203bc160d1132ebb1cdf640bbc3b27f,macrel_amp_probability,numeric,true,same_frozen_numeric_contract,maximize,probability,0.396,0.347,-0.049000000000000044,-0.049000000000000044,true,568cd58514db6c29f3757a932f179e0929ff3953960262563cfde4c5871c47d1
fgf2,d6d73b21ba7ecfc87b4e59a08d875df639289cdbf393fedc0c80f567f4820f41,masked_substitution,36a81bf473f751d261177593cc86fc1229ad09c200a21a26d38a1b32ba0574ac,primary_parent,f2ae21e180b652bfebf3d5ddadc548e5a203bc160d1132ebb1cdf640bbc3b27f,macrel_hemolysis_label,categorical,true,same_frozen_label_contract,audit,label,low,low,,,false,c2c684b6ba02050ab58904e852a425fa4c90a9ef0f33f4d2b195b4d8670afd01
fgf2,d6d73b21ba7ecfc87b4e59a08d875df639289cdbf393fedc0c80f567f4820f41,masked_substitution,36a81bf473f751d261177593cc86fc1229ad09c200a21a26d38a1b32ba0574ac,primary_parent,f2ae21e180b652bfebf3d5ddadc548e5a203bc160d1132ebb1cdf640bbc3b27f,macrel_hemolysis_probability,numeric,true,same_frozen_numeric_contract,minimize,probability,0.416,0.465,0.049000000000000044,-0.049000000000000044,true,1513b37e4b94c46bc780e3111bfc3c95312ab0d89afeef32ae0ca9cd7bfc294e
fgf2,d6d73b21ba7ecfc87b4e59a08d875df639289cdbf393fedc0c80f567f4820f41,masked_substitution,36a81bf473f751d261177593cc86fc1229ad09c200a21a26d38a1b32ba0574ac,primary_parent,f2ae21e180b652bfebf3d5ddadc548e5a203bc160d1132ebb1cdf640bbc3b27f,maximum_hydrophobic_run,numeric,true,same_frozen_numeric_contract,minimize,residues,1.0,1.0,0.0,-0.0,false,9a0b5ea2cb91dc17337da6d1c1d26f8d88846535b1b08abd58f99a0a6fb58693
fgf2,d6d73b21ba7ecfc87b4e59a08d875df639289cdbf393fedc0c80f567f4820f41,masked_substitution,36a81bf473f751d261177593cc86fc1229ad09c200a21a26d38a1b32ba0574ac,primary_parent,f2ae21e180b652bfebf3d5ddadc548e5a203bc160d1132ebb1cdf640bbc3b27f,net_charge_ph7_4,numeric,false,audit_metric_has_no_monotonic_improvement_direction,audit,elementary_charge,7.985,8.985,0.9999999999999991,,true,483885242f32084b62e9cc6262c5b19bdcda06f6d5ceed3ac7f9359fe81049a0
fgf2,d6d73b21ba7ecfc87b4e59a08d875df639289cdbf393fedc0c80f567f4820f41,masked_substitution,36a81bf473f751d261177593cc86fc1229ad09c200a21a26d38a1b32ba0574ac,primary_parent,f2ae21e180b652bfebf3d5ddadc548e5a203bc160d1132ebb1cdf640bbc3b27f,toxinpred3_hybrid_score,numeric,true,same_frozen_numeric_contract,minimize,dimensionless,0.0,0.38,0.38,-0.38,true,363a98aa18306af3b4e507016839d74bb7d988a5e6c4ee9e08c4703adfc317e1
fgf2,d6d73b21ba7ecfc87b4e59a08d875df639289cdbf393fedc0c80f567f4820f41,masked_substitution,36a81bf473f751d261177593cc86fc1229ad09c200a21a26d38a1b32ba0574ac,primary_parent,f2ae21e180b652bfebf3d5ddadc548e5a203bc160d1132ebb1cdf640bbc3b27f,toxinpred3_label,categorical,true,same_frozen_label_contract,audit,label,Non-Toxin,Non-Toxin,,,false,ba16a3a911caebfc320ec38b981cbcb62b635e349d9ebfed9bb7b4f2f6e05d7b
fgf2,a5df6363f682bdb8adfdd703937d0165ab0ef5959b8656b2da4582f829d9ee84,masked_substitution,6af28b387319550b3357c6b9a16efe0c01b970af42f54c21e1acbe06e653ff4e,primary_parent,f2ae21e180b652bfebf3d5ddadc548e5a203bc160d1132ebb1cdf640bbc3b27f,amp_read_log10_mic_um,numeric,true,same_frozen_numeric_contract,minimize,log10(uM),2.597941786798904,2.36474556528121,-0.23319622151769392,0.23319622151769392,true,194c0e29763724200f67158818591ade5affebdff07775044972aa21bc2499d2
fgf2,a5df6363f682bdb8adfdd703937d0165ab0ef5959b8656b2da4582f829d9ee84,masked_substitution,6af28b387319550b3357c6b9a16efe0c01b970af42f54c21e1acbe06e653ff4e,primary_parent,f2ae21e180b652bfebf3d5ddadc548e5a203bc160d1132ebb1cdf640bbc3b27f,guruprasad_instability_index,numeric,true,same_frozen_numeric_contract,minimize,index,29.246154,28.138461538461545,-1.1076924615384556,1.1076924615384556,true,d9467fb1c9779b61fb8a251eaaf3b070c394322ecef4616b7c71d833bd2951d1
fgf2,a5df6363f682bdb8adfdd703937d0165ab0ef5959b8656b2da4582f829d9ee84,masked_substitution,6af28b387319550b3357c6b9a16efe0c01b970af42f54c21e1acbe06e653ff4e,primary_parent,f2ae21e180b652bfebf3d5ddadc548e5a203bc160d1132ebb1cdf640bbc3b27f,hydrophobic_moment_eisenberg,numeric,false,audit_metric_has_no_monotonic_improvement_direction,audit,dimensionless,0.24330416982349223,0.2291858966338259,-0.014118273189666325,,true,612aa84333046c469e95deb7d328cd2c4a2f8e8aec5159c609d6b96b79f0d525
fgf2,a5df6363f682bdb8adfdd703937d0165ab0ef5959b8656b2da4582f829d9ee84,masked_substitution,6af28b387319550b3357c6b9a16efe0c01b970af42f54c21e1acbe06e653ff4e,primary_parent,f2ae21e180b652bfebf3d5ddadc548e5a203bc160d1132ebb1cdf640bbc3b27f,hydrophobic_ratio_modlamp,numeric,false,audit_metric_has_no_monotonic_improvement_direction,audit,fraction,0.07692307692307693,0.11538461538461539,0.038461538461538464,,true,bf027ad3d5695e701e0f4a5f77320378e583b9e8aeece56fff1687fbd7caa280
fgf2,a5df6363f682bdb8adfdd703937d0165ab0ef5959b8656b2da4582f829d9ee84,masked_substitution,6af28b387319550b3357c6b9a16efe0c01b970af42f54c21e1acbe06e653ff4e,primary_parent,f2ae21e180b652bfebf3d5ddadc548e5a203bc160d1132ebb1cdf640bbc3b27f,llamp_log10_mic_um,numeric,true,same_frozen_numeric_contract,minimize,log10(uM),1.645182728767395,1.260269045829773,-0.38491368293762207,0.38491368293762207,true,0da82c31e33e53fab88a09da0751b464c3284b8506bf9d962dc003c0cc948116
fgf2,a5df6363f682bdb8adfdd703937d0165ab0ef5959b8656b2da4582f829d9ee84,masked_substitution,6af28b387319550b3357c6b9a16efe0c01b970af42f54c21e1acbe06e653ff4e,primary_parent,f2ae21e180b652bfebf3d5ddadc548e5a203bc160d1132ebb1cdf640bbc3b27f,macrel_amp_probability,numeric,true,same_frozen_numeric_contract,maximize,probability,0.396,0.327,-0.069,-0.069,true,7074b91f7f5b5c3c83336df9b2dd3a1385283f05f1634185d3060e0fa86e9c6e
fgf2,a5df6363f682bdb8adfdd703937d0165ab0ef5959b8656b2da4582f829d9ee84,masked_substitution,6af28b387319550b3357c6b9a16efe0c01b970af42f54c21e1acbe06e653ff4e,primary_parent,f2ae21e180b652bfebf3d5ddadc548e5a203bc160d1132ebb1cdf640bbc3b27f,macrel_hemolysis_label,categorical,true,same_frozen_label_contract,audit,label,low,low,,,false,99fce0248704738b2f1a7f9ed99bbecc7cf1821870b06c11470f90b63e624742
fgf2,a5df6363f682bdb8adfdd703937d0165ab0ef5959b8656b2da4582f829d9ee84,masked_substitution,6af28b387319550b3357c6b9a16efe0c01b970af42f54c21e1acbe06e653ff4e,primary_parent,f2ae21e180b652bfebf3d5ddadc548e5a203bc160d1132ebb1cdf640bbc3b27f,macrel_hemolysis_probability,numeric,true,same_frozen_numeric_contract,minimize,probability,0.416,0.406,-0.009999999999999953,0.009999999999999953,true,37e4ab7181785fb3c86a61e966a2c8ff1f1f15a941836a1e702092fda18b86a8
fgf2,a5df6363f682bdb8adfdd703937d0165ab0ef5959b8656b2da4582f829d9ee84,masked_substitution,6af28b387319550b3357c6b9a16efe0c01b970af42f54c21e1acbe06e653ff4e,primary_parent,f2ae21e180b652bfebf3d5ddadc548e5a203bc160d1132ebb1cdf640bbc3b27f,maximum_hydrophobic_run,numeric,true,same_frozen_numeric_contract,minimize,residues,1.0,1.0,0.0,-0.0,false,53c14e7c306e1c052fb0d1a45528e1ba0156b6ed887f2a7e06c6839199f7deca
fgf2,a5df6363f682bdb8adfdd703937d0165ab0ef5959b8656b2da4582f829d9ee84,masked_substitution,6af28b387319550b3357c6b9a16efe0c01b970af42f54c21e1acbe06e653ff4e,primary_parent,f2ae21e180b652bfebf3d5ddadc548e5a203bc160d1132ebb1cdf640bbc3b27f,net_charge_ph7_4,numeric,false,audit_metric_has_no_monotonic_improvement_direction,audit,elementary_charge,7.985,8.985,0.9999999999999991,,true,8ecfaa6921b5106ed71886572eea49b8c72284253d9a1da360b9f112de7560ec
fgf2,a5df6363f682bdb8adfdd703937d0165ab0ef5959b8656b2da4582f829d9ee84,masked_substitution,6af28b387319550b3357c6b9a16efe0c01b970af42f54c21e1acbe06e653ff4e,primary_parent,f2ae21e180b652bfebf3d5ddadc548e5a203bc160d1132ebb1cdf640bbc3b27f,toxinpred3_hybrid_score,numeric,true,same_frozen_numeric_contract,minimize,dimensionless,0.0,0.315,0.315,-0.315,true,62ad00bbc47687cf90507a70bca0b62f2f5323685204bfac1304c3dfbb2d55d1
fgf2,a5df6363f682bdb8adfdd703937d0165ab0ef5959b8656b2da4582f829d9ee84,masked_substitution,6af28b387319550b3357c6b9a16efe0c01b970af42f54c21e1acbe06e653ff4e,primary_parent,f2ae21e180b652bfebf3d5ddadc548e5a203bc160d1132ebb1cdf640bbc3b27f,toxinpred3_label,categorical,true,same_frozen_label_contract,audit,label,Non-Toxin,Non-Toxin,,,false,07538067c570b0c5e7fe7e3a060cc5bbd165d7ebea08a3eb44249884109b95af
fgf2,90c68e0357102cedb29bbc0a525ff60105b1b79dfc4077c7b9c89f7b4ec70a8d,masked_substitution,175ae1e133fa67728356b4c89bcecfd66ba21572c892a8d634f7de98e725177e,primary_parent,f2ae21e180b652bfebf3d5ddadc548e5a203bc160d1132ebb1cdf640bbc3b27f,amp_read_log10_mic_um,numeric,true,same_frozen_numeric_contract,minimize,log10(uM),2.597941786798904,2.3636436412403596,-0.23429814555854422,0.23429814555854422,true,5d7b70381c61aa4806feb44ecf9316c31342c52f9a30430859d11474c6fb1b2d
fgf2,90c68e0357102cedb29bbc0a525ff60105b1b79dfc4077c7b9c89f7b4ec70a8d,masked_substitution,175ae1e133fa67728356b4c89bcecfd66ba21572c892a8d634f7de98e725177e,primary_parent,f2ae21e180b652bfebf3d5ddadc548e5a203bc160d1132ebb1cdf640bbc3b27f,guruprasad_instability_index,numeric,true,same_frozen_numeric_contract,minimize,index,29.246154,26.730769230769234,-2.515384769230767,2.515384769230767,true,783c5b1c978856425a274310f5d78d7c4b12e836e7ad2301c780cf3f982a491e
fgf2,90c68e0357102cedb29bbc0a525ff60105b1b79dfc4077c7b9c89f7b4ec70a8d,masked_substitution,175ae1e133fa67728356b4c89bcecfd66ba21572c892a8d634f7de98e725177e,primary_parent,f2ae21e180b652bfebf3d5ddadc548e5a203bc160d1132ebb1cdf640bbc3b27f,hydrophobic_moment_eisenberg,numeric,false,audit_metric_has_no_monotonic_improvement_direction,audit,dimensionless,0.24330416982349223,0.2291359616287725,-0.014168208194719728,,true,637e610c03fc24049f22257a7c7aa8b7846f445b5a45982cb26674e9da9886d5
fgf2,90c68e0357102cedb29bbc0a525ff60105b1b79dfc4077c7b9c89f7b4ec70a8d,masked_substitution,175ae1e133fa67728356b4c89bcecfd66ba21572c892a8d634f7de98e725177e,primary_parent,f2ae21e180b652bfebf3d5ddadc548e5a203bc160d1132ebb1cdf640bbc3b27f,hydrophobic_ratio_modlamp,numeric,false,audit_metric_has_no_monotonic_improvement_direction,audit,fraction,0.07692307692307693,0.11538461538461539,0.038461538461538464,,true,60aa93946c90d7274fd39804f11ca6bf73cc8227f950b0f6927b201b3ddbd252
fgf2,90c68e0357102cedb29bbc0a525ff60105b1b79dfc4077c7b9c89f7b4ec70a8d,masked_substitution,175ae1e133fa67728356b4c89bcecfd66ba21572c892a8d634f7de98e725177e,primary_parent,f2ae21e180b652bfebf3d5ddadc548e5a203bc160d1132ebb1cdf640bbc3b27f,llamp_log10_mic_um,numeric,true,same_frozen_numeric_contract,minimize,log10(uM),1.645182728767395,1.1417986154556274,-0.5033841133117676,0.5033841133117676,true,cff55d9863e495ff75e462ee4f448e39a61917349b069ad1d469a18dc2caf883
fgf2,90c68e0357102cedb29bbc0a525ff60105b1b79dfc4077c7b9c89f7b4ec70a8d,masked_substitution,175ae1e133fa67728356b4c89bcecfd66ba21572c892a8d634f7de98e725177e,primary_parent,f2ae21e180b652bfebf3d5ddadc548e5a203bc160d1132ebb1cdf640bbc3b27f,macrel_amp_probability,numeric,true,same_frozen_numeric_contract,maximize,probability,0.396,0.406,0.010000000000000009,0.010000000000000009,true,bb742fcbd5fcf08f62661d3c3ef10100b94cb1dcbd5077cddfd870ee34aae774
fgf2,90c68e0357102cedb29bbc0a525ff60105b1b79dfc4077c7b9c89f7b4ec70a8d,masked_substitution,175ae1e133fa67728356b4c89bcecfd66ba21572c892a8d634f7de98e725177e,primary_parent,f2ae21e180b652bfebf3d5ddadc548e5a203bc160d1132ebb1cdf640bbc3b27f,macrel_hemolysis_label,categorical,true,same_frozen_label_contract,audit,label,low,low,,,false,7247bc61bb4aad32f788c4b4beb7509fc7df307864b1f2a8f5ed23050fd7d950
fgf2,90c68e0357102cedb29bbc0a525ff60105b1b79dfc4077c7b9c89f7b4ec70a8d,masked_substitution,175ae1e133fa67728356b4c89bcecfd66ba21572c892a8d634f7de98e725177e,primary_parent,f2ae21e180b652bfebf3d5ddadc548e5a203bc160d1132ebb1cdf640bbc3b27f,macrel_hemolysis_probability,numeric,true,same_frozen_numeric_contract,minimize,probability,0.416,0.485,0.069,-0.069,true,e740ec8108a733b307d96ebacbea10e3c5f97f564dc45f552e18eec3acad4972
fgf2,90c68e0357102cedb29bbc0a525ff60105b1b79dfc4077c7b9c89f7b4ec70a8d,masked_substitution,175ae1e133fa67728356b4c89bcecfd66ba21572c892a8d634f7de98e725177e,primary_parent,f2ae21e180b652bfebf3d5ddadc548e5a203bc160d1132ebb1cdf640bbc3b27f,maximum_hydrophobic_run,numeric,true,same_frozen_numeric_contract,minimize,residues,1.0,1.0,0.0,-0.0,false,76c86989c21a7cf63a54c82412b77f690fc496b7615cd4866a88a8a672c6908c
fgf2,90c68e0357102cedb29bbc0a525ff60105b1b79dfc4077c7b9c89f7b4ec70a8d,masked_substitution,175ae1e133fa67728356b4c89bcecfd66ba21572c892a8d634f7de98e725177e,primary_parent,f2ae21e180b652bfebf3d5ddadc548e5a203bc160d1132ebb1cdf640bbc3b27f,net_charge_ph7_4,numeric,false,audit_metric_has_no_monotonic_improvement_direction,audit,elementary_charge,7.985,8.985,0.9999999999999991,,true,18c72d45dcc0ab87a28a9eb95cd88ca0d0df307718d7fc21ac7ec0155b552b12
fgf2,90c68e0357102cedb29bbc0a525ff60105b1b79dfc4077c7b9c89f7b4ec70a8d,masked_substitution,175ae1e133fa67728356b4c89bcecfd66ba21572c892a8d634f7de98e725177e,primary_parent,f2ae21e180b652bfebf3d5ddadc548e5a203bc160d1132ebb1cdf640bbc3b27f,toxinpred3_hybrid_score,numeric,true,same_frozen_numeric_contract,minimize,dimensionless,0.0,0.36,0.36,-0.36,true,bba5505666b35e9071c9cec907b30b807d293dc9e786b15bd6429a4ce58fe559
fgf2,90c68e0357102cedb29bbc0a525ff60105b1b79dfc4077c7b9c89f7b4ec70a8d,masked_substitution,175ae1e133fa67728356b4c89bcecfd66ba21572c892a8d634f7de98e725177e,primary_parent,f2ae21e180b652bfebf3d5ddadc548e5a203bc160d1132ebb1cdf640bbc3b27f,toxinpred3_label,categorical,true,same_frozen_label_contract,audit,label,Non-Toxin,Non-Toxin,,,false,408b402c36ff52cb2772f07e52902a7a55ea4a1f20f1b60b8c43841a6907a919
fgf2,864eb382160f6aa442b484ebfc898c8f67920ac6411cd8d891292e3bb9715b09,masked_substitution,af69a21d5343c809fdbe4f7e416eed31b1f7d50de66013bdfbaf2730d48ecb38,primary_parent,f2ae21e180b652bfebf3d5ddadc548e5a203bc160d1132ebb1cdf640bbc3b27f,amp_read_log10_mic_um,numeric,true,same_frozen_numeric_contract,minimize,log10(uM),2.597941786798904,2.4136647646971072,-0.18427702210179664,0.18427702210179664,true,22524c6a6a6cfe68cd6ae1a9b89dd4fc630070b578aaeb7509473ab645c1e2c0
fgf2,864eb382160f6aa442b484ebfc898c8f67920ac6411cd8d891292e3bb9715b09,masked_substitution,af69a21d5343c809fdbe4f7e416eed31b1f7d50de66013bdfbaf2730d48ecb38,primary_parent,f2ae21e180b652bfebf3d5ddadc548e5a203bc160d1132ebb1cdf640bbc3b27f,guruprasad_instability_index,numeric,true,same_frozen_numeric_contract,minimize,index,29.246154,32.511538461538464,3.2653844615384635,-3.2653844615384635,true,a7b4bcfbf139c7696fdbfc9fc057bc5a1ab26b9bc916e8a431a8ba10a7f7e807
fgf2,864eb382160f6aa442b484ebfc898c8f67920ac6411cd8d891292e3bb9715b09,masked_substitution,af69a21d5343c809fdbe4f7e416eed31b1f7d50de66013bdfbaf2730d48ecb38,primary_parent,f2ae21e180b652bfebf3d5ddadc548e5a203bc160d1132ebb1cdf640bbc3b27f,hydrophobic_moment_eisenberg,numeric,false,audit_metric_has_no_monotonic_improvement_direction,audit,dimensionless,0.24330416982349223,0.23213458921349853,-0.011169580609993707,,true,372e7b4bc2972133f03e02931ca1970833835340963dcaa6047e9eec11a8a949
fgf2,864eb382160f6aa442b484ebfc898c8f67920ac6411cd8d891292e3bb9715b09,masked_substitution,af69a21d5343c809fdbe4f7e416eed31b1f7d50de66013bdfbaf2730d48ecb38,primary_parent,f2ae21e180b652bfebf3d5ddadc548e5a203bc160d1132ebb1cdf640bbc3b27f,hydrophobic_ratio_modlamp,numeric,false,audit_metric_has_no_monotonic_improvement_direction,audit,fraction,0.07692307692307693,0.07692307692307693,0.0,,false,1d63a7914ff9e7b7bf3066bb611125ca8de5892199e630c15c71c95f7be1175d
fgf2,864eb382160f6aa442b484ebfc898c8f67920ac6411cd8d891292e3bb9715b09,masked_substitution,af69a21d5343c809fdbe4f7e416eed31b1f7d50de66013bdfbaf2730d48ecb38,primary_parent,f2ae21e180b652bfebf3d5ddadc548e5a203bc160d1132ebb1cdf640bbc3b27f,llamp_log10_mic_um,numeric,true,same_frozen_numeric_contract,minimize,log10(uM),1.645182728767395,1.312837839126587,-0.3323448896408081,0.3323448896408081,true,60606c6f0732f7c71a4cf2c3ce97ac9d3d1b06c1994d0062e0f94660a06d22d8
fgf2,864eb382160f6aa442b484ebfc898c8f67920ac6411cd8d891292e3bb9715b09,masked_substitution,af69a21d5343c809fdbe4f7e416eed31b1f7d50de66013bdfbaf2730d48ecb38,primary_parent,f2ae21e180b652bfebf3d5ddadc548e5a203bc160d1132ebb1cdf640bbc3b27f,macrel_amp_probability,numeric,true,same_frozen_numeric_contract,maximize,probability,0.396,0.416,0.019999999999999962,0.019999999999999962,true,7f751fdf3c3e7d592dba1f828007ed8fe29c522c5affe1f1fd0560ff7bd50c6f
fgf2,864eb382160f6aa442b484ebfc898c8f67920ac6411cd8d891292e3bb9715b09,masked_substitution,af69a21d5343c809fdbe4f7e416eed31b1f7d50de66013bdfbaf2730d48ecb38,primary_parent,f2ae21e180b652bfebf3d5ddadc548e5a203bc160d1132ebb1cdf640bbc3b27f,macrel_hemolysis_label,categorical,true,same_frozen_label_contract,audit,label,low,low,,,false,2a0d0a829ef3adb852808373133223555bf3f2efeb84bc0e5ffe26430d8c4bf3
fgf2,864eb382160f6aa442b484ebfc898c8f67920ac6411cd8d891292e3bb9715b09,masked_substitution,af69a21d5343c809fdbe4f7e416eed31b1f7d50de66013bdfbaf2730d48ecb38,primary_parent,f2ae21e180b652bfebf3d5ddadc548e5a203bc160d1132ebb1cdf640bbc3b27f,macrel_hemolysis_probability,numeric,true,same_frozen_numeric_contract,minimize,probability,0.416,0.465,0.049000000000000044,-0.049000000000000044,true,a8a7f98917d111de14d3c3611948d3617b979b761dd25222d4e7be789d9373a5
fgf2,864eb382160f6aa442b484ebfc898c8f67920ac6411cd8d891292e3bb9715b09,masked_substitution,af69a21d5343c809fdbe4f7e416eed31b1f7d50de66013bdfbaf2730d48ecb38,primary_parent,f2ae21e180b652bfebf3d5ddadc548e5a203bc160d1132ebb1cdf640bbc3b27f,maximum_hydrophobic_run,numeric,true,same_frozen_numeric_contract,minimize,residues,1.0,1.0,0.0,-0.0,false,c761daf81ae5179fa55546418465fe83ff2209ca155f39ccd7199062ccec8efa
fgf2,864eb382160f6aa442b484ebfc898c8f67920ac6411cd8d891292e3bb9715b09,masked_substitution,af69a21d5343c809fdbe4f7e416eed31b1f7d50de66013bdfbaf2730d48ecb38,primary_parent,f2ae21e180b652bfebf3d5ddadc548e5a203bc160d1132ebb1cdf640bbc3b27f,net_charge_ph7_4,numeric,false,audit_metric_has_no_monotonic_improvement_direction,audit,elementary_charge,7.985,8.983,0.9980000000000002,,true,e4339b4cde1aaeb9c4bc8819b2ccd5da0bfd6b4f41e7144cef1420a69c9101ed
fgf2,864eb382160f6aa442b484ebfc898c8f67920ac6411cd8d891292e3bb9715b09,masked_substitution,af69a21d5343c809fdbe4f7e416eed31b1f7d50de66013bdfbaf2730d48ecb38,primary_parent,f2ae21e180b652bfebf3d5ddadc548e5a203bc160d1132ebb1cdf640bbc3b27f,toxinpred3_hybrid_score,numeric,true,same_frozen_numeric_contract,minimize,dimensionless,0.0,0.305,0.305,-0.305,true,b4c047fff32e57cb448564e1a5c099da16a6f05ba8cc3239489af9b238ef353d
fgf2,864eb382160f6aa442b484ebfc898c8f67920ac6411cd8d891292e3bb9715b09,masked_substitution,af69a21d5343c809fdbe4f7e416eed31b1f7d50de66013bdfbaf2730d48ecb38,primary_parent,f2ae21e180b652bfebf3d5ddadc548e5a203bc160d1132ebb1cdf640bbc3b27f,toxinpred3_label,categorical,true,same_frozen_label_contract,audit,label,Non-Toxin,Non-Toxin,,,false,3a559b0fd6259d494ed53818cb2d127a0232dac2d15bae61a296f0cb196558f1
fgf2,5292e1582dc5e730ae3e33689c8911a4d0c2635e576094970350bfab4ffecdbd,masked_substitution,24cf7a061f556f771e0d0ab0e4e65ab85b42f292420dbb4d6497e649e68581b1,primary_parent,f2ae21e180b652bfebf3d5ddadc548e5a203bc160d1132ebb1cdf640bbc3b27f,amp_read_log10_mic_um,numeric,true,same_frozen_numeric_contract,minimize,log10(uM),2.597941786798904,2.5409349077529964,-0.05700687904590751,0.05700687904590751,true,9ac3f7a3f8929d0595833bc1abd2c4a2273aeef850c928b865a60dfd2e262a8c
fgf2,5292e1582dc5e730ae3e33689c8911a4d0c2635e576094970350bfab4ffecdbd,masked_substitution,24cf7a061f556f771e0d0ab0e4e65ab85b42f292420dbb4d6497e649e68581b1,primary_parent,f2ae21e180b652bfebf3d5ddadc548e5a203bc160d1132ebb1cdf640bbc3b27f,guruprasad_instability_index,numeric,true,same_frozen_numeric_contract,minimize,index,29.246154,31.761538461538468,2.515384461538467,-2.515384461538467,true,aa70f447158633b6ab2877debea129c544fa1809ab5b5387059a20894aa46257
fgf2,5292e1582dc5e730ae3e33689c8911a4d0c2635e576094970350bfab4ffecdbd,masked_substitution,24cf7a061f556f771e0d0ab0e4e65ab85b42f292420dbb4d6497e649e68581b1,primary_parent,f2ae21e180b652bfebf3d5ddadc548e5a203bc160d1132ebb1cdf640bbc3b27f,hydrophobic_moment_eisenberg,numeric,false,audit_metric_has_no_monotonic_improvement_direction,audit,dimensionless,0.24330416982349223,0.29530633042619037,0.05200216060269813,,true,713aff2376b2b3a7dca456a63f8d60f91cc05a491ba820f62f2c30e48c7c1e27
fgf2,5292e1582dc5e730ae3e33689c8911a4d0c2635e576094970350bfab4ffecdbd,masked_substitution,24cf7a061f556f771e0d0ab0e4e65ab85b42f292420dbb4d6497e649e68581b1,primary_parent,f2ae21e180b652bfebf3d5ddadc548e5a203bc160d1132ebb1cdf640bbc3b27f,hydrophobic_ratio_modlamp,numeric,false,audit_metric_has_no_monotonic_improvement_direction,audit,fraction,0.07692307692307693,0.11538461538461539,0.038461538461538464,,true,bde41b93e60e94d4731161871b1db0326c867be2ba12713a85337db13a5c2eca
fgf2,5292e1582dc5e730ae3e33689c8911a4d0c2635e576094970350bfab4ffecdbd,masked_substitution,24cf7a061f556f771e0d0ab0e4e65ab85b42f292420dbb4d6497e649e68581b1,primary_parent,f2ae21e180b652bfebf3d5ddadc548e5a203bc160d1132ebb1cdf640bbc3b27f,llamp_log10_mic_um,numeric,true,same_frozen_numeric_contract,minimize,log10(uM),1.645182728767395,1.6550952196121216,0.009912490844726562,-0.009912490844726562,true,2f0e05944fc77b509114ac2c8bbe5f665490862634c69506be5a96ea949b2fd0
fgf2,5292e1582dc5e730ae3e33689c8911a4d0c2635e576094970350bfab4ffecdbd,masked_substitution,24cf7a061f556f771e0d0ab0e4e65ab85b42f292420dbb4d6497e649e68581b1,primary_parent,f2ae21e180b652bfebf3d5ddadc548e5a203bc160d1132ebb1cdf640bbc3b27f,macrel_amp_probability,numeric,true,same_frozen_numeric_contract,maximize,probability,0.396,0.337,-0.059,-0.059,true,8d8b67a4e020764f4a6e1f4536b1089ed8c2fb20249e92ecaa18369f5a3703ef
fgf2,5292e1582dc5e730ae3e33689c8911a4d0c2635e576094970350bfab4ffecdbd,masked_substitution,24cf7a061f556f771e0d0ab0e4e65ab85b42f292420dbb4d6497e649e68581b1,primary_parent,f2ae21e180b652bfebf3d5ddadc548e5a203bc160d1132ebb1cdf640bbc3b27f,macrel_hemolysis_label,categorical,true,same_frozen_label_contract,audit,label,low,low,,,false,730069027f922db780aa99fbc362553ff4de0625a8b08902bb5d751b37a165fc
fgf2,5292e1582dc5e730ae3e33689c8911a4d0c2635e576094970350bfab4ffecdbd,masked_substitution,24cf7a061f556f771e0d0ab0e4e65ab85b42f292420dbb4d6497e649e68581b1,primary_parent,f2ae21e180b652bfebf3d5ddadc548e5a203bc160d1132ebb1cdf640bbc3b27f,macrel_hemolysis_probability,numeric,true,same_frozen_numeric_contract,minimize,probability,0.416,0.366,-0.04999999999999999,0.04999999999999999,true,607f59f2608973e7afe274a614e23df392a9d4e86e06528e037b990a657ce2d5
fgf2,5292e1582dc5e730ae3e33689c8911a4d0c2635e576094970350bfab4ffecdbd,masked_substitution,24cf7a061f556f771e0d0ab0e4e65ab85b42f292420dbb4d6497e649e68581b1,primary_parent,f2ae21e180b652bfebf3d5ddadc548e5a203bc160d1132ebb1cdf640bbc3b27f,maximum_hydrophobic_run,numeric,true,same_frozen_numeric_contract,minimize,residues,1.0,2.0,1.0,-1.0,true,d8945e6994c0cacdd6f3f78065a0ee85d7e17ed9d1e449ae7faae0c08302d5e2
fgf2,5292e1582dc5e730ae3e33689c8911a4d0c2635e576094970350bfab4ffecdbd,masked_substitution,24cf7a061f556f771e0d0ab0e4e65ab85b42f292420dbb4d6497e649e68581b1,primary_parent,f2ae21e180b652bfebf3d5ddadc548e5a203bc160d1132ebb1cdf640bbc3b27f,net_charge_ph7_4,numeric,false,audit_metric_has_no_monotonic_improvement_direction,audit,elementary_charge,7.985,7.985,0.0,,false,9a7e5c7b562a7fc71cfdd7d3302450be402a6b73321a7b9fe5641d05c309492d
fgf2,5292e1582dc5e730ae3e33689c8911a4d0c2635e576094970350bfab4ffecdbd,masked_substitution,24cf7a061f556f771e0d0ab0e4e65ab85b42f292420dbb4d6497e649e68581b1,primary_parent,f2ae21e180b652bfebf3d5ddadc548e5a203bc160d1132ebb1cdf640bbc3b27f,toxinpred3_hybrid_score,numeric,true,same_frozen_numeric_contract,minimize,dimensionless,0.0,0.0,0.0,-0.0,false,a709308abd193c146822b768e332e2d22b2fc3a52191de7eff20a4aa770a5793
fgf2,5292e1582dc5e730ae3e33689c8911a4d0c2635e576094970350bfab4ffecdbd,masked_substitution,24cf7a061f556f771e0d0ab0e4e65ab85b42f292420dbb4d6497e649e68581b1,primary_parent,f2ae21e180b652bfebf3d5ddadc548e5a203bc160d1132ebb1cdf640bbc3b27f,toxinpred3_label,categorical,true,same_frozen_label_contract,audit,label,Non-Toxin,Non-Toxin,,,false,5c64d8e5f4aba45d2fe6f47c617a6ba3a71e2ace59e97e690c6af3c4626cf0a8
fgf2,8e0617c9ce7c322ebccad7da6640b5a945bad3972fc49ea10ae6831cf5eae6b8,masked_substitution,a7e8fc224c83e92315bf6149b418206bed52ed6a7062fe0440a7ab659012720e,primary_parent,f2ae21e180b652bfebf3d5ddadc548e5a203bc160d1132ebb1cdf640bbc3b27f,amp_read_log10_mic_um,numeric,true,same_frozen_numeric_contract,minimize,log10(uM),2.597941786798904,2.384956821077415,-0.21298496572148906,0.21298496572148906,true,8b5075f2db5d5a79254dcffe62dfea22f021d036c35ce240821e1af323e3cdae
fgf2,8e0617c9ce7c322ebccad7da6640b5a945bad3972fc49ea10ae6831cf5eae6b8,masked_substitution,a7e8fc224c83e92315bf6149b418206bed52ed6a7062fe0440a7ab659012720e,primary_parent,f2ae21e180b652bfebf3d5ddadc548e5a203bc160d1132ebb1cdf640bbc3b27f,guruprasad_instability_index,numeric,true,same_frozen_numeric_contract,minimize,index,29.246154,35.02692307692309,5.7807690769230895,-5.7807690769230895,true,48e2239ac04c08efb86831acb03ca0541b89a9a0066921622c189a3c1560d242
fgf2,8e0617c9ce7c322ebccad7da6640b5a945bad3972fc49ea10ae6831cf5eae6b8,masked_substitution,a7e8fc224c83e92315bf6149b418206bed52ed6a7062fe0440a7ab659012720e,primary_parent,f2ae21e180b652bfebf3d5ddadc548e5a203bc160d1132ebb1cdf640bbc3b27f,hydrophobic_moment_eisenberg,numeric,false,audit_metric_has_no_monotonic_improvement_direction,audit,dimensionless,0.24330416982349223,0.2983095101104501,0.05500534028695786,,true,f18b028579175beaa8b916407f58ba3b7a1c15364da8d4f0a034b54f156b924b
fgf2,8e0617c9ce7c322ebccad7da6640b5a945bad3972fc49ea10ae6831cf5eae6b8,masked_substitution,a7e8fc224c83e92315bf6149b418206bed52ed6a7062fe0440a7ab659012720e,primary_parent,f2ae21e180b652bfebf3d5ddadc548e5a203bc160d1132ebb1cdf640bbc3b27f,hydrophobic_ratio_modlamp,numeric,false,audit_metric_has_no_monotonic_improvement_direction,audit,fraction,0.07692307692307693,0.11538461538461539,0.038461538461538464,,true,918123f6da4cc74c7c0f092ea6f390b66fdd4dbf0337a022e01f1823144e4c62
fgf2,8e0617c9ce7c322ebccad7da6640b5a945bad3972fc49ea10ae6831cf5eae6b8,masked_substitution,a7e8fc224c83e92315bf6149b418206bed52ed6a7062fe0440a7ab659012720e,primary_parent,f2ae21e180b652bfebf3d5ddadc548e5a203bc160d1132ebb1cdf640bbc3b27f,llamp_log10_mic_um,numeric,true,same_frozen_numeric_contract,minimize,log10(uM),1.645182728767395,1.6673965454101562,0.02221381664276123,-0.02221381664276123,true,c440b855f3812feb0b8db6a1590248ea611790d001d6aeb885a96b4958dbbf24
fgf2,8e0617c9ce7c322ebccad7da6640b5a945bad3972fc49ea10ae6831cf5eae6b8,masked_substitution,a7e8fc224c83e92315bf6149b418206bed52ed6a7062fe0440a7ab659012720e,primary_parent,f2ae21e180b652bfebf3d5ddadc548e5a203bc160d1132ebb1cdf640bbc3b27f,macrel_amp_probability,numeric,true,same_frozen_numeric_contract,maximize,probability,0.396,0.446,0.04999999999999999,0.04999999999999999,true,1babee5df3ce411b156b6f7ad29ce93441c0d486940a6c3d3f22f6bb0f4e8eda
fgf2,8e0617c9ce7c322ebccad7da6640b5a945bad3972fc49ea10ae6831cf5eae6b8,masked_substitution,a7e8fc224c83e92315bf6149b418206bed52ed6a7062fe0440a7ab659012720e,primary_parent,f2ae21e180b652bfebf3d5ddadc548e5a203bc160d1132ebb1cdf640bbc3b27f,macrel_hemolysis_label,categorical,true,same_frozen_label_contract,audit,label,low,low,,,false,020e2c01d02af39fd27c07973ab30895e1793f3b704ae5b13795440e3a1626da
fgf2,8e0617c9ce7c322ebccad7da6640b5a945bad3972fc49ea10ae6831cf5eae6b8,masked_substitution,a7e8fc224c83e92315bf6149b418206bed52ed6a7062fe0440a7ab659012720e,primary_parent,f2ae21e180b652bfebf3d5ddadc548e5a203bc160d1132ebb1cdf640bbc3b27f,macrel_hemolysis_probability,numeric,true,same_frozen_numeric_contract,minimize,probability,0.416,0.446,0.030000000000000027,-0.030000000000000027,true,cb1b16dea692917afd76d32434bf8905b3ba0aa087f6b7f75bde49d4282f673c
fgf2,8e0617c9ce7c322ebccad7da6640b5a945bad3972fc49ea10ae6831cf5eae6b8,masked_substitution,a7e8fc224c83e92315bf6149b418206bed52ed6a7062fe0440a7ab659012720e,primary_parent,f2ae21e180b652bfebf3d5ddadc548e5a203bc160d1132ebb1cdf640bbc3b27f,maximum_hydrophobic_run,numeric,true,same_frozen_numeric_contract,minimize,residues,1.0,2.0,1.0,-1.0,true,3bd25f1aa619a52c6d3e4c827251c82968c0547fa21c90576e2d91b4cb13e115
fgf2,8e0617c9ce7c322ebccad7da6640b5a945bad3972fc49ea10ae6831cf5eae6b8,masked_substitution,a7e8fc224c83e92315bf6149b418206bed52ed6a7062fe0440a7ab659012720e,primary_parent,f2ae21e180b652bfebf3d5ddadc548e5a203bc160d1132ebb1cdf640bbc3b27f,net_charge_ph7_4,numeric,false,audit_metric_has_no_monotonic_improvement_direction,audit,elementary_charge,7.985,7.985,0.0,,false,db3ec14c9a4ea648fad2accd533233c087fad57c3360a50ea55f4c36ef65d06d
fgf2,8e0617c9ce7c322ebccad7da6640b5a945bad3972fc49ea10ae6831cf5eae6b8,masked_substitution,a7e8fc224c83e92315bf6149b418206bed52ed6a7062fe0440a7ab659012720e,primary_parent,f2ae21e180b652bfebf3d5ddadc548e5a203bc160d1132ebb1cdf640bbc3b27f,toxinpred3_hybrid_score,numeric,true,same_frozen_numeric_contract,minimize,dimensionless,0.0,0.0,0.0,-0.0,false,373d6eee90a9172a7a18f974ed910b8853bb0cf72ecbc4a16eb468eb6975be2f
fgf2,8e0617c9ce7c322ebccad7da6640b5a945bad3972fc49ea10ae6831cf5eae6b8,masked_substitution,a7e8fc224c83e92315bf6149b418206bed52ed6a7062fe0440a7ab659012720e,primary_parent,f2ae21e180b652bfebf3d5ddadc548e5a203bc160d1132ebb1cdf640bbc3b27f,toxinpred3_label,categorical,true,same_frozen_label_contract,audit,label,Non-Toxin,Non-Toxin,,,false,638357a89a20699524ba254806ee17773bea2cb1d28948bcbd15ba7be2aa9d0e
fgf2,cc5669f95e0d3c4c233a0ebf76145ffbc949c3bba4902a8cf3ed3b48475006b5,masked_substitution,e697aedf47ec7ad40f2b43c4d4d965e27c20c007acda341e657b83098b02065e,primary_parent,f2ae21e180b652bfebf3d5ddadc548e5a203bc160d1132ebb1cdf640bbc3b27f,amp_read_log10_mic_um,numeric,true,same_frozen_numeric_contract,minimize,log10(uM),2.597941786798904,2.436488354971852,-0.16145343182705174,0.16145343182705174,true,a9af111cf211d4814d1879b181d65bbd7d9459f350b24dbea24196e8373a2a73
fgf2,cc5669f95e0d3c4c233a0ebf76145ffbc949c3bba4902a8cf3ed3b48475006b5,masked_substitution,e697aedf47ec7ad40f2b43c4d4d965e27c20c007acda341e657b83098b02065e,primary_parent,f2ae21e180b652bfebf3d5ddadc548e5a203bc160d1132ebb1cdf640bbc3b27f,guruprasad_instability_index,numeric,true,same_frozen_numeric_contract,minimize,index,29.246154,36.507692307692324,7.261538307692323,-7.261538307692323,true,ef899333f0fc2ca393976cfa2a8036497ebecf351b184dd2ddf3383922cf0f37
fgf2,cc5669f95e0d3c4c233a0ebf76145ffbc949c3bba4902a8cf3ed3b48475006b5,masked_substitution,e697aedf47ec7ad40f2b43c4d4d965e27c20c007acda341e657b83098b02065e,primary_parent,f2ae21e180b652bfebf3d5ddadc548e5a203bc160d1132ebb1cdf640bbc3b27f,hydrophobic_moment_eisenberg,numeric,false,audit_metric_has_no_monotonic_improvement_direction,audit,dimensionless,0.24330416982349223,0.2709223170091442,0.027618147185651976,,true,2815e394aedd524e3e281d237570b969dffc3850c758e179ea7d099a0f69f390
fgf2,cc5669f95e0d3c4c233a0ebf76145ffbc949c3bba4902a8cf3ed3b48475006b5,masked_substitution,e697aedf47ec7ad40f2b43c4d4d965e27c20c007acda341e657b83098b02065e,primary_parent,f2ae21e180b652bfebf3d5ddadc548e5a203bc160d1132ebb1cdf640bbc3b27f,hydrophobic_ratio_modlamp,numeric,false,audit_metric_has_no_monotonic_improvement_direction,audit,fraction,0.07692307692307693,0.07692307692307693,0.0,,false,eda59145cc8c6cec9a826f25df00f4fb943295ba592b09b73fbd6015cf044a50
fgf2,cc5669f95e0d3c4c233a0ebf76145ffbc949c3bba4902a8cf3ed3b48475006b5,masked_substitution,e697aedf47ec7ad40f2b43c4d4d965e27c20c007acda341e657b83098b02065e,primary_parent,f2ae21e180b652bfebf3d5ddadc548e5a203bc160d1132ebb1cdf640bbc3b27f,llamp_log10_mic_um,numeric,true,same_frozen_numeric_contract,minimize,log10(uM),1.645182728767395,1.6333760023117065,-0.011806726455688477,0.011806726455688477,true,312f333b3a08675472cf3f2894011c49d60e690d91680a119ca5835ef0545b09
fgf2,cc5669f95e0d3c4c233a0ebf76145ffbc949c3bba4902a8cf3ed3b48475006b5,masked_substitution,e697aedf47ec7ad40f2b43c4d4d965e27c20c007acda341e657b83098b02065e,primary_parent,f2ae21e180b652bfebf3d5ddadc548e5a203bc160d1132ebb1cdf640bbc3b27f,macrel_amp_probability,numeric,true,same_frozen_numeric_contract,maximize,probability,0.396,0.436,0.03999999999999998,0.03999999999999998,true,d2f0454d3cf1e14ed997c54d773c7632928b7e95dec30484874a3a3a65eee2af
fgf2,cc5669f95e0d3c4c233a0ebf76145ffbc949c3bba4902a8cf3ed3b48475006b5,masked_substitution,e697aedf47ec7ad40f2b43c4d4d965e27c20c007acda341e657b83098b02065e,primary_parent,f2ae21e180b652bfebf3d5ddadc548e5a203bc160d1132ebb1cdf640bbc3b27f,macrel_hemolysis_label,categorical,true,same_frozen_label_contract,audit,label,low,low,,,false,fea39c7fe086a60e317deba14edf7ad39f8e6ae50784f224662132af6e0ac007
fgf2,cc5669f95e0d3c4c233a0ebf76145ffbc949c3bba4902a8cf3ed3b48475006b5,masked_substitution,e697aedf47ec7ad40f2b43c4d4d965e27c20c007acda341e657b83098b02065e,primary_parent,f2ae21e180b652bfebf3d5ddadc548e5a203bc160d1132ebb1cdf640bbc3b27f,macrel_hemolysis_probability,numeric,true,same_frozen_numeric_contract,minimize,probability,0.416,0.426,0.010000000000000009,-0.010000000000000009,true,30d6dc715f7750feaeccbc64ef0a3bf4b4ab4ccd076e0644802f1d001bb532c1
fgf2,cc5669f95e0d3c4c233a0ebf76145ffbc949c3bba4902a8cf3ed3b48475006b5,masked_substitution,e697aedf47ec7ad40f2b43c4d4d965e27c20c007acda341e657b83098b02065e,primary_parent,f2ae21e180b652bfebf3d5ddadc548e5a203bc160d1132ebb1cdf640bbc3b27f,maximum_hydrophobic_run,numeric,true,same_frozen_numeric_contract,minimize,residues,1.0,2.0,1.0,-1.0,true,3e7e2133e752d715adc28b242ffdd47205e06a1fed044c25bb2ea7af5418b396
fgf2,cc5669f95e0d3c4c233a0ebf76145ffbc949c3bba4902a8cf3ed3b48475006b5,masked_substitution,e697aedf47ec7ad40f2b43c4d4d965e27c20c007acda341e657b83098b02065e,primary_parent,f2ae21e180b652bfebf3d5ddadc548e5a203bc160d1132ebb1cdf640bbc3b27f,net_charge_ph7_4,numeric,false,audit_metric_has_no_monotonic_improvement_direction,audit,elementary_charge,7.985,7.983,-0.002000000000000668,,true,0916c46b7c7d0ec031f2bc449eb65ab804e40099bc0241c2cb6e696633aa9efc
fgf2,cc5669f95e0d3c4c233a0ebf76145ffbc949c3bba4902a8cf3ed3b48475006b5,masked_substitution,e697aedf47ec7ad40f2b43c4d4d965e27c20c007acda341e657b83098b02065e,primary_parent,f2ae21e180b652bfebf3d5ddadc548e5a203bc160d1132ebb1cdf640bbc3b27f,toxinpred3_hybrid_score,numeric,true,same_frozen_numeric_contract,minimize,dimensionless,0.0,0.0,0.0,-0.0,false,dc878b65e2fadde5392a2a6d0805f1fb16375e98f55f29dae91455b84a9f0bba
fgf2,cc5669f95e0d3c4c233a0ebf76145ffbc949c3bba4902a8cf3ed3b48475006b5,masked_substitution,e697aedf47ec7ad40f2b43c4d4d965e27c20c007acda341e657b83098b02065e,primary_parent,f2ae21e180b652bfebf3d5ddadc548e5a203bc160d1132ebb1cdf640bbc3b27f,toxinpred3_label,categorical,true,same_frozen_label_contract,audit,label,Non-Toxin,Non-Toxin,,,false,1b2122a3a08c7a00be3e0f23292cde26b4531a13b06c1ff45386dd806471313f
fgf2,58fcde4d78b1b8148a526904cd7ae691b117fda7ad6a12ad8052b533020f1246,masked_substitution,78253c169a4bdce480f6fd4ddd72aa591d55f8f3bb632620c372635256e1ff96,primary_parent,f2ae21e180b652bfebf3d5ddadc548e5a203bc160d1132ebb1cdf640bbc3b27f,amp_read_log10_mic_um,numeric,true,same_frozen_numeric_contract,minimize,log10(uM),2.597941786798904,2.4481256882166242,-0.14981609858227962,0.14981609858227962,true,78e743d52f8c8e17e76871f51f8ef23516562d8c413eef3a20c92d2143c9a076
fgf2,58fcde4d78b1b8148a526904cd7ae691b117fda7ad6a12ad8052b533020f1246,masked_substitution,78253c169a4bdce480f6fd4ddd72aa591d55f8f3bb632620c372635256e1ff96,primary_parent,f2ae21e180b652bfebf3d5ddadc548e5a203bc160d1132ebb1cdf640bbc3b27f,guruprasad_instability_index,numeric,true,same_frozen_numeric_contract,minimize,index,29.246154,38.2923076923077,9.046153692307701,-9.046153692307701,true,22e9d1b03341c3375398f48e8b64b01bded0e4acaec5921d5e7b73c5ed0146f0
fgf2,58fcde4d78b1b8148a526904cd7ae691b117fda7ad6a12ad8052b533020f1246,masked_substitution,78253c169a4bdce480f6fd4ddd72aa591d55f8f3bb632620c372635256e1ff96,primary_parent,f2ae21e180b652bfebf3d5ddadc548e5a203bc160d1132ebb1cdf640bbc3b27f,hydrophobic_moment_eisenberg,numeric,false,audit_metric_has_no_monotonic_improvement_direction,audit,dimensionless,0.24330416982349223,0.23867294148869364,-0.004631228334798593,,true,44b22d611eb3966ea3a729710d79f4981a63db0131bf5a6f4f5bc959b0e77d6c
fgf2,58fcde4d78b1b8148a526904cd7ae691b117fda7ad6a12ad8052b533020f1246,masked_substitution,78253c169a4bdce480f6fd4ddd72aa591d55f8f3bb632620c372635256e1ff96,primary_parent,f2ae21e180b652bfebf3d5ddadc548e5a203bc160d1132ebb1cdf640bbc3b27f,hydrophobic_ratio_modlamp,numeric,false,audit_metric_has_no_monotonic_improvement_direction,audit,fraction,0.07692307692307693,0.11538461538461539,0.038461538461538464,,true,e080dc40601928dca9769e7fc8633301552a2809f182de13d4577ce6b5f8b9f9
fgf2,58fcde4d78b1b8148a526904cd7ae691b117fda7ad6a12ad8052b533020f1246,masked_substitution,78253c169a4bdce480f6fd4ddd72aa591d55f8f3bb632620c372635256e1ff96,primary_parent,f2ae21e180b652bfebf3d5ddadc548e5a203bc160d1132ebb1cdf640bbc3b27f,llamp_log10_mic_um,numeric,true,same_frozen_numeric_contract,minimize,log10(uM),1.645182728767395,1.7815767526626587,0.13639402389526367,-0.13639402389526367,true,9154a03ff5d9528f32d96265ff4d4967df651019bff741912e9a6c08b5c1db7b
fgf2,58fcde4d78b1b8148a526904cd7ae691b117fda7ad6a12ad8052b533020f1246,masked_substitution,78253c169a4bdce480f6fd4ddd72aa591d55f8f3bb632620c372635256e1ff96,primary_parent,f2ae21e180b652bfebf3d5ddadc548e5a203bc160d1132ebb1cdf640bbc3b27f,macrel_amp_probability,numeric,true,same_frozen_numeric_contract,maximize,probability,0.396,0.327,-0.069,-0.069,true,b3a069d452ee4a6ff5561586549554759786e9cb1b3a21f581703e9a53b5dc89
fgf2,58fcde4d78b1b8148a526904cd7ae691b117fda7ad6a12ad8052b533020f1246,masked_substitution,78253c169a4bdce480f6fd4ddd72aa591d55f8f3bb632620c372635256e1ff96,primary_parent,f2ae21e180b652bfebf3d5ddadc548e5a203bc160d1132ebb1cdf640bbc3b27f,macrel_hemolysis_label,categorical,true,same_frozen_label_contract,audit,label,low,low,,,false,14e1ae3279c210a835370cf1dbfda31893a1da9125e5d338499ff42f8dc9ad4a
fgf2,58fcde4d78b1b8148a526904cd7ae691b117fda7ad6a12ad8052b533020f1246,masked_substitution,78253c169a4bdce480f6fd4ddd72aa591d55f8f3bb632620c372635256e1ff96,primary_parent,f2ae21e180b652bfebf3d5ddadc548e5a203bc160d1132ebb1cdf640bbc3b27f,macrel_hemolysis_probability,numeric,true,same_frozen_numeric_contract,minimize,probability,0.416,0.406,-0.009999999999999953,0.009999999999999953,true,39aaa5cab1dbb3ce52cdf93a401fd54533c0faad3f1930227467b6b350220336
fgf2,58fcde4d78b1b8148a526904cd7ae691b117fda7ad6a12ad8052b533020f1246,masked_substitution,78253c169a4bdce480f6fd4ddd72aa591d55f8f3bb632620c372635256e1ff96,primary_parent,f2ae21e180b652bfebf3d5ddadc548e5a203bc160d1132ebb1cdf640bbc3b27f,maximum_hydrophobic_run,numeric,true,same_frozen_numeric_contract,minimize,residues,1.0,1.0,0.0,-0.0,false,4fa8c784b81865c4eb2380a1e2cdcfe55c16f446b00b0cddf057e6fd627d3511
fgf2,58fcde4d78b1b8148a526904cd7ae691b117fda7ad6a12ad8052b533020f1246,masked_substitution,78253c169a4bdce480f6fd4ddd72aa591d55f8f3bb632620c372635256e1ff96,primary_parent,f2ae21e180b652bfebf3d5ddadc548e5a203bc160d1132ebb1cdf640bbc3b27f,net_charge_ph7_4,numeric,false,audit_metric_has_no_monotonic_improvement_direction,audit,elementary_charge,7.985,7.985,0.0,,false,d62c542513b25bf8a7ad5029a2766cfe7a14c97b37e69e61ef97776a8967f30a
fgf2,58fcde4d78b1b8148a526904cd7ae691b117fda7ad6a12ad8052b533020f1246,masked_substitution,78253c169a4bdce480f6fd4ddd72aa591d55f8f3bb632620c372635256e1ff96,primary_parent,f2ae21e180b652bfebf3d5ddadc548e5a203bc160d1132ebb1cdf640bbc3b27f,toxinpred3_hybrid_score,numeric,true,same_frozen_numeric_contract,minimize,dimensionless,0.0,0.0,0.0,-0.0,false,8679ff8e6d6af8046b1fbce0524336de5cc6f294dc1ab06f1494eeac39e55afa
fgf2,58fcde4d78b1b8148a526904cd7ae691b117fda7ad6a12ad8052b533020f1246,masked_substitution,78253c169a4bdce480f6fd4ddd72aa591d55f8f3bb632620c372635256e1ff96,primary_parent,f2ae21e180b652bfebf3d5ddadc548e5a203bc160d1132ebb1cdf640bbc3b27f,toxinpred3_label,categorical,true,same_frozen_label_contract,audit,label,Non-Toxin,Non-Toxin,,,false,045e3dadcb7b2624dc80449ea9c0fd1ee53c137809f1072e808c10628223bce8
fgf2,9479b1ac79aedf4a43cf4ea838949b995a79e62e4d343547dde7cacfad5f4ee0,masked_substitution,7360292cc66d942cd85934461d6957b91fa5fc2acc2c1dd0869e2a8fb9c6a774,primary_parent,f2ae21e180b652bfebf3d5ddadc548e5a203bc160d1132ebb1cdf640bbc3b27f,amp_read_log10_mic_um,numeric,true,same_frozen_numeric_contract,minimize,log10(uM),2.597941786798904,2.4740481584778724,-0.12389362832103146,0.12389362832103146,true,399c766d7694b35b72e6743e6507faa6015bd3e63f289007c0cdbfbdf753ffc2
fgf2,9479b1ac79aedf4a43cf4ea838949b995a79e62e4d343547dde7cacfad5f4ee0,masked_substitution,7360292cc66d942cd85934461d6957b91fa5fc2acc2c1dd0869e2a8fb9c6a774,primary_parent,f2ae21e180b652bfebf3d5ddadc548e5a203bc160d1132ebb1cdf640bbc3b27f,guruprasad_instability_index,numeric,true,same_frozen_numeric_contract,minimize,index,29.246154,38.2923076923077,9.046153692307701,-9.046153692307701,true,4c3a80ed27fa1ba5b1098b87078836291c099708f0ec9bbf3bef297eb431e344
fgf2,9479b1ac79aedf4a43cf4ea838949b995a79e62e4d343547dde7cacfad5f4ee0,masked_substitution,7360292cc66d942cd85934461d6957b91fa5fc2acc2c1dd0869e2a8fb9c6a774,primary_parent,f2ae21e180b652bfebf3d5ddadc548e5a203bc160d1132ebb1cdf640bbc3b27f,hydrophobic_moment_eisenberg,numeric,false,audit_metric_has_no_monotonic_improvement_direction,audit,dimensionless,0.24330416982349223,0.2230514234385011,-0.020252746384991138,,true,49e4f7abeb82ad41cfe2d86d249232fb21ae5ba25b3b82f66ca892256c6bb5bd
fgf2,9479b1ac79aedf4a43cf4ea838949b995a79e62e4d343547dde7cacfad5f4ee0,masked_substitution,7360292cc66d942cd85934461d6957b91fa5fc2acc2c1dd0869e2a8fb9c6a774,primary_parent,f2ae21e180b652bfebf3d5ddadc548e5a203bc160d1132ebb1cdf640bbc3b27f,hydrophobic_ratio_modlamp,numeric,false,audit_metric_has_no_monotonic_improvement_direction,audit,fraction,0.07692307692307693,0.11538461538461539,0.038461538461538464,,true,44a6ac7e19e1fc44991dda5ebba5d7bd4345bcbe3198cb9f8fc6abdf337ed45e
fgf2,9479b1ac79aedf4a43cf4ea838949b995a79e62e4d343547dde7cacfad5f4ee0,masked_substitution,7360292cc66d942cd85934461d6957b91fa5fc2acc2c1dd0869e2a8fb9c6a774,primary_parent,f2ae21e180b652bfebf3d5ddadc548e5a203bc160d1132ebb1cdf640bbc3b27f,llamp_log10_mic_um,numeric,true,same_frozen_numeric_contract,minimize,log10(uM),1.645182728767395,1.7569140195846558,0.11173129081726074,-0.11173129081726074,true,52090d7becc86dd606a5d3158201d786b7d67673fc75ec1731f236895f5ff729
fgf2,9479b1ac79aedf4a43cf4ea838949b995a79e62e4d343547dde7cacfad5f4ee0,masked_substitution,7360292cc66d942cd85934461d6957b91fa5fc2acc2c1dd0869e2a8fb9c6a774,primary_parent,f2ae21e180b652bfebf3d5ddadc548e5a203bc160d1132ebb1cdf640bbc3b27f,macrel_amp_probability,numeric,true,same_frozen_numeric_contract,maximize,probability,0.396,0.327,-0.069,-0.069,true,9818c5eccb30bfe3dcd98f73fda50f566636db30af2f85f931e464d35908fc5b
fgf2,9479b1ac79aedf4a43cf4ea838949b995a79e62e4d343547dde7cacfad5f4ee0,masked_substitution,7360292cc66d942cd85934461d6957b91fa5fc2acc2c1dd0869e2a8fb9c6a774,primary_parent,f2ae21e180b652bfebf3d5ddadc548e5a203bc160d1132ebb1cdf640bbc3b27f,macrel_hemolysis_label,categorical,true,same_frozen_label_contract,audit,label,low,low,,,false,c001e35fbeb9ce484b9cfb190a88ca7770e617cd2616f85cc1d147a77179d6a3
fgf2,9479b1ac79aedf4a43cf4ea838949b995a79e62e4d343547dde7cacfad5f4ee0,masked_substitution,7360292cc66d942cd85934461d6957b91fa5fc2acc2c1dd0869e2a8fb9c6a774,primary_parent,f2ae21e180b652bfebf3d5ddadc548e5a203bc160d1132ebb1cdf640bbc3b27f,macrel_hemolysis_probability,numeric,true,same_frozen_numeric_contract,minimize,probability,0.416,0.446,0.030000000000000027,-0.030000000000000027,true,fc226af4522283dac3833434c41e771ce79ea65e16a136d893a618993ad38e8e
fgf2,9479b1ac79aedf4a43cf4ea838949b995a79e62e4d343547dde7cacfad5f4ee0,masked_substitution,7360292cc66d942cd85934461d6957b91fa5fc2acc2c1dd0869e2a8fb9c6a774,primary_parent,f2ae21e180b652bfebf3d5ddadc548e5a203bc160d1132ebb1cdf640bbc3b27f,maximum_hydrophobic_run,numeric,true,same_frozen_numeric_contract,minimize,residues,1.0,1.0,0.0,-0.0,false,6bdda09631b07dc9187e6b76c2b302b3631b82f55b4b34fe1fef1f4267585aab
fgf2,9479b1ac79aedf4a43cf4ea838949b995a79e62e4d343547dde7cacfad5f4ee0,masked_substitution,7360292cc66d942cd85934461d6957b91fa5fc2acc2c1dd0869e2a8fb9c6a774,primary_parent,f2ae21e180b652bfebf3d5ddadc548e5a203bc160d1132ebb1cdf640bbc3b27f,net_charge_ph7_4,numeric,false,audit_metric_has_no_monotonic_improvement_direction,audit,elementary_charge,7.985,7.985,0.0,,false,3108aa11fe193665228dbf220f3be1302cf5ae8f8c050fc41865c41b23f8ec05
fgf2,9479b1ac79aedf4a43cf4ea838949b995a79e62e4d343547dde7cacfad5f4ee0,masked_substitution,7360292cc66d942cd85934461d6957b91fa5fc2acc2c1dd0869e2a8fb9c6a774,primary_parent,f2ae21e180b652bfebf3d5ddadc548e5a203bc160d1132ebb1cdf640bbc3b27f,toxinpred3_hybrid_score,numeric,true,same_frozen_numeric_contract,minimize,dimensionless,0.0,0.0,0.0,-0.0,false,f4a3e458352ceea9087e794088e19f2476ee0eaba30b8bcad3ed0f8022a4bb55
fgf2,9479b1ac79aedf4a43cf4ea838949b995a79e62e4d343547dde7cacfad5f4ee0,masked_substitution,7360292cc66d942cd85934461d6957b91fa5fc2acc2c1dd0869e2a8fb9c6a774,primary_parent,f2ae21e180b652bfebf3d5ddadc548e5a203bc160d1132ebb1cdf640bbc3b27f,toxinpred3_label,categorical,true,same_frozen_label_contract,audit,label,Non-Toxin,Non-Toxin,,,false,08621b2f3d3f793781625ca25424722645d290f28ebfc8b612db8ff2c6c607b4
fgf2,64903b55acf543d25b592a884a18037a4afc7758c3335d1141cc93bae70773c1,masked_substitution,f180bd533f8920606b07dbb73155381d8e70cb5a0d8134af70e138b8c0fb3fae,primary_parent,f2ae21e180b652bfebf3d5ddadc548e5a203bc160d1132ebb1cdf640bbc3b27f,amp_read_log10_mic_um,numeric,true,same_frozen_numeric_contract,minimize,log10(uM),2.597941786798904,2.4891658550178293,-0.10877593178107459,0.10877593178107459,true,48916b50253e5900cf6b412052eafaf3d34de43c5e32aa67d7afb984e38ba876
fgf2,64903b55acf543d25b592a884a18037a4afc7758c3335d1141cc93bae70773c1,masked_substitution,f180bd533f8920606b07dbb73155381d8e70cb5a0d8134af70e138b8c0fb3fae,primary_parent,f2ae21e180b652bfebf3d5ddadc548e5a203bc160d1132ebb1cdf640bbc3b27f,guruprasad_instability_index,numeric,true,same_frozen_numeric_contract,minimize,index,29.246154,35.02692307692309,5.7807690769230895,-5.7807690769230895,true,ae89c2f65f361ece3b1bde07e2e29400ec2c7da7bc4713eeabab201d3475c1f2
fgf2,64903b55acf543d25b592a884a18037a4afc7758c3335d1141cc93bae70773c1,masked_substitution,f180bd533f8920606b07dbb73155381d8e70cb5a0d8134af70e138b8c0fb3fae,primary_parent,f2ae21e180b652bfebf3d5ddadc548e5a203bc160d1132ebb1cdf640bbc3b27f,hydrophobic_moment_eisenberg,numeric,false,audit_metric_has_no_monotonic_improvement_direction,audit,dimensionless,0.24330416982349223,0.2230514234385011,-0.020252746384991138,,true,24583aa16a471de04cf79919f943c089f55ca702297af89e03f9f4617c581b4c
fgf2,64903b55acf543d25b592a884a18037a4afc7758c3335d1141cc93bae70773c1,masked_substitution,f180bd533f8920606b07dbb73155381d8e70cb5a0d8134af70e138b8c0fb3fae,primary_parent,f2ae21e180b652bfebf3d5ddadc548e5a203bc160d1132ebb1cdf640bbc3b27f,hydrophobic_ratio_modlamp,numeric,false,audit_metric_has_no_monotonic_improvement_direction,audit,fraction,0.07692307692307693,0.11538461538461539,0.038461538461538464,,true,eeba232222591110aecf6142674b114251cf92fc26ee8e96be0ba8c3297b27b5
fgf2,64903b55acf543d25b592a884a18037a4afc7758c3335d1141cc93bae70773c1,masked_substitution,f180bd533f8920606b07dbb73155381d8e70cb5a0d8134af70e138b8c0fb3fae,primary_parent,f2ae21e180b652bfebf3d5ddadc548e5a203bc160d1132ebb1cdf640bbc3b27f,llamp_log10_mic_um,numeric,true,same_frozen_numeric_contract,minimize,log10(uM),1.645182728767395,1.758577823638916,0.113395094871521,-0.113395094871521,true,d731dd14c1d3cd616146f5bae90adde0374ee9a2b6d6adf704f49259ab2f7d7e
fgf2,64903b55acf543d25b592a884a18037a4afc7758c3335d1141cc93bae70773c1,masked_substitution,f180bd533f8920606b07dbb73155381d8e70cb5a0d8134af70e138b8c0fb3fae,primary_parent,f2ae21e180b652bfebf3d5ddadc548e5a203bc160d1132ebb1cdf640bbc3b27f,macrel_amp_probability,numeric,true,same_frozen_numeric_contract,maximize,probability,0.396,0.307,-0.08900000000000002,-0.08900000000000002,true,96d28993c92b9f95052f32715cbc8bfc2edfd3253c2f491e421f6ab2a80ed66d
fgf2,64903b55acf543d25b592a884a18037a4afc7758c3335d1141cc93bae70773c1,masked_substitution,f180bd533f8920606b07dbb73155381d8e70cb5a0d8134af70e138b8c0fb3fae,primary_parent,f2ae21e180b652bfebf3d5ddadc548e5a203bc160d1132ebb1cdf640bbc3b27f,macrel_hemolysis_label,categorical,true,same_frozen_label_contract,audit,label,low,low,,,false,3986f874d32ee1e1e7bce5b94ce7ab64fc9f4618d29e2895730b558ff42aff3f
fgf2,64903b55acf543d25b592a884a18037a4afc7758c3335d1141cc93bae70773c1,masked_substitution,f180bd533f8920606b07dbb73155381d8e70cb5a0d8134af70e138b8c0fb3fae,primary_parent,f2ae21e180b652bfebf3d5ddadc548e5a203bc160d1132ebb1cdf640bbc3b27f,macrel_hemolysis_probability,numeric,true,same_frozen_numeric_contract,minimize,probability,0.416,0.406,-0.009999999999999953,0.009999999999999953,true,23dc314790bd503b80da5df7daaccc9bfed70327d2a9e726126f6f5181b1f9df
fgf2,64903b55acf543d25b592a884a18037a4afc7758c3335d1141cc93bae70773c1,masked_substitution,f180bd533f8920606b07dbb73155381d8e70cb5a0d8134af70e138b8c0fb3fae,primary_parent,f2ae21e180b652bfebf3d5ddadc548e5a203bc160d1132ebb1cdf640bbc3b27f,maximum_hydrophobic_run,numeric,true,same_frozen_numeric_contract,minimize,residues,1.0,1.0,0.0,-0.0,false,6b43ecb891b1fca27b7bd9aefc1d34c5640cd457def6a108e74348d475d99ad5
fgf2,64903b55acf543d25b592a884a18037a4afc7758c3335d1141cc93bae70773c1,masked_substitution,f180bd533f8920606b07dbb73155381d8e70cb5a0d8134af70e138b8c0fb3fae,primary_parent,f2ae21e180b652bfebf3d5ddadc548e5a203bc160d1132ebb1cdf640bbc3b27f,net_charge_ph7_4,numeric,false,audit_metric_has_no_monotonic_improvement_direction,audit,elementary_charge,7.985,7.985,0.0,,false,ee871222883dd0bd2bcf658221382f50c01931e13d36766a9287900819c4c3e8
fgf2,64903b55acf543d25b592a884a18037a4afc7758c3335d1141cc93bae70773c1,masked_substitution,f180bd533f8920606b07dbb73155381d8e70cb5a0d8134af70e138b8c0fb3fae,primary_parent,f2ae21e180b652bfebf3d5ddadc548e5a203bc160d1132ebb1cdf640bbc3b27f,toxinpred3_hybrid_score,numeric,true,same_frozen_numeric_contract,minimize,dimensionless,0.0,0.0,0.0,-0.0,false,7f15277d45e4b43f69f53cce6b377491f40b193fe6c898f508c026ea716d4979
fgf2,64903b55acf543d25b592a884a18037a4afc7758c3335d1141cc93bae70773c1,masked_substitution,f180bd533f8920606b07dbb73155381d8e70cb5a0d8134af70e138b8c0fb3fae,primary_parent,f2ae21e180b652bfebf3d5ddadc548e5a203bc160d1132ebb1cdf640bbc3b27f,toxinpred3_label,categorical,true,same_frozen_label_contract,audit,label,Non-Toxin,Non-Toxin,,,false,a9eea766a9a1fe78d2e23009950f716740bdb250cd1e173e1cfe02e51c066a21
fgf2,69be714cb2421b91cb23573497393c79eeb1f9b71292e4e42d2fcfae802d30f4,masked_substitution,ddc460953ab777c111d76c6cad4fda810c8899972a844b26cfb4062ee71c532a,primary_parent,f2ae21e180b652bfebf3d5ddadc548e5a203bc160d1132ebb1cdf640bbc3b27f,amp_read_log10_mic_um,numeric,true,same_frozen_numeric_contract,minimize,log10(uM),2.597941786798904,2.458089614509012,-0.139852172289892,0.139852172289892,true,34b4957a7af9c62a4a6622cd9f5623955d99d27f59c10c31483636fcae8301ae
fgf2,69be714cb2421b91cb23573497393c79eeb1f9b71292e4e42d2fcfae802d30f4,masked_substitution,ddc460953ab777c111d76c6cad4fda810c8899972a844b26cfb4062ee71c532a,primary_parent,f2ae21e180b652bfebf3d5ddadc548e5a203bc160d1132ebb1cdf640bbc3b27f,guruprasad_instability_index,numeric,true,same_frozen_numeric_contract,minimize,index,29.246154,32.51153846153847,3.2653844615384706,-3.2653844615384706,true,30f9a4075060dacf9e3b1b9330cd6fd49fb8bb8a55f46241bbd8f20d0e22373f
fgf2,69be714cb2421b91cb23573497393c79eeb1f9b71292e4e42d2fcfae802d30f4,masked_substitution,ddc460953ab777c111d76c6cad4fda810c8899972a844b26cfb4062ee71c532a,primary_parent,f2ae21e180b652bfebf3d5ddadc548e5a203bc160d1132ebb1cdf640bbc3b27f,hydrophobic_moment_eisenberg,numeric,false,audit_metric_has_no_monotonic_improvement_direction,audit,dimensionless,0.24330416982349223,0.2198523646718795,-0.023451805151612742,,true,43c637289eb2cae469e04d63baf5ed2cb8913220b06753147e41fd10831fd207
fgf2,69be714cb2421b91cb23573497393c79eeb1f9b71292e4e42d2fcfae802d30f4,masked_substitution,ddc460953ab777c111d76c6cad4fda810c8899972a844b26cfb4062ee71c532a,primary_parent,f2ae21e180b652bfebf3d5ddadc548e5a203bc160d1132ebb1cdf640bbc3b27f,hydrophobic_ratio_modlamp,numeric,false,audit_metric_has_no_monotonic_improvement_direction,audit,fraction,0.07692307692307693,0.11538461538461539,0.038461538461538464,,true,e1169c360b4eb3ce72ed996c5e9d20bc0d4dcfbd636dbee01633182c59ddeb81
fgf2,69be714cb2421b91cb23573497393c79eeb1f9b71292e4e42d2fcfae802d30f4,masked_substitution,ddc460953ab777c111d76c6cad4fda810c8899972a844b26cfb4062ee71c532a,primary_parent,f2ae21e180b652bfebf3d5ddadc548e5a203bc160d1132ebb1cdf640bbc3b27f,llamp_log10_mic_um,numeric,true,same_frozen_numeric_contract,minimize,log10(uM),1.645182728767395,1.676005244255066,0.0308225154876709,-0.0308225154876709,true,c072a11813432328e59ff1542c37dbeab6fc104a1424200f129cd7b27e578bab
fgf2,69be714cb2421b91cb23573497393c79eeb1f9b71292e4e42d2fcfae802d30f4,masked_substitution,ddc460953ab777c111d76c6cad4fda810c8899972a844b26cfb4062ee71c532a,primary_parent,f2ae21e180b652bfebf3d5ddadc548e5a203bc160d1132ebb1cdf640bbc3b27f,macrel_amp_probability,numeric,true,same_frozen_numeric_contract,maximize,probability,0.396,0.406,0.010000000000000009,0.010000000000000009,true,a1eee509d06b076e806c5d09629b6e37bac40eeb24884982cc835060d6fb4cd8
fgf2,69be714cb2421b91cb23573497393c79eeb1f9b71292e4e42d2fcfae802d30f4,masked_substitution,ddc460953ab777c111d76c6cad4fda810c8899972a844b26cfb4062ee71c532a,primary_parent,f2ae21e180b652bfebf3d5ddadc548e5a203bc160d1132ebb1cdf640bbc3b27f,macrel_hemolysis_label,categorical,true,same_frozen_label_contract,audit,label,low,low,,,false,61aeee7344658ef7fb7e00c282af74e726c8901c58e009e53f1b7e853ef3720b
fgf2,69be714cb2421b91cb23573497393c79eeb1f9b71292e4e42d2fcfae802d30f4,masked_substitution,ddc460953ab777c111d76c6cad4fda810c8899972a844b26cfb4062ee71c532a,primary_parent,f2ae21e180b652bfebf3d5ddadc548e5a203bc160d1132ebb1cdf640bbc3b27f,macrel_hemolysis_probability,numeric,true,same_frozen_numeric_contract,minimize,probability,0.416,0.475,0.059,-0.059,true,33a9538d453057e89e8af068baefd3bebc05a97cf65d0e49e1ee2e13a7cc0892
fgf2,69be714cb2421b91cb23573497393c79eeb1f9b71292e4e42d2fcfae802d30f4,masked_substitution,ddc460953ab777c111d76c6cad4fda810c8899972a844b26cfb4062ee71c532a,primary_parent,f2ae21e180b652bfebf3d5ddadc548e5a203bc160d1132ebb1cdf640bbc3b27f,maximum_hydrophobic_run,numeric,true,same_frozen_numeric_contract,minimize,residues,1.0,1.0,0.0,-0.0,false,5384ce6a6bb42dbc1cf16d24dae40eb9148e17b87902b64e7dc9f2288238d94b
fgf2,69be714cb2421b91cb23573497393c79eeb1f9b71292e4e42d2fcfae802d30f4,masked_substitution,ddc460953ab777c111d76c6cad4fda810c8899972a844b26cfb4062ee71c532a,primary_parent,f2ae21e180b652bfebf3d5ddadc548e5a203bc160d1132ebb1cdf640bbc3b27f,net_charge_ph7_4,numeric,false,audit_metric_has_no_monotonic_improvement_direction,audit,elementary_charge,7.985,7.985,0.0,,false,d3bb262dcd113dff227bdd8e2d1cfc04cd13e296cd0c46111dbe8494143f6e77
fgf2,69be714cb2421b91cb23573497393c79eeb1f9b71292e4e42d2fcfae802d30f4,masked_substitution,ddc460953ab777c111d76c6cad4fda810c8899972a844b26cfb4062ee71c532a,primary_parent,f2ae21e180b652bfebf3d5ddadc548e5a203bc160d1132ebb1cdf640bbc3b27f,toxinpred3_hybrid_score,numeric,true,same_frozen_numeric_contract,minimize,dimensionless,0.0,0.0,0.0,-0.0,false,8b0b59270c7975ac945e2cbee839722e9cf048e2ae265b9ce2a9977de63278fa
fgf2,69be714cb2421b91cb23573497393c79eeb1f9b71292e4e42d2fcfae802d30f4,masked_substitution,ddc460953ab777c111d76c6cad4fda810c8899972a844b26cfb4062ee71c532a,primary_parent,f2ae21e180b652bfebf3d5ddadc548e5a203bc160d1132ebb1cdf640bbc3b27f,toxinpred3_label,categorical,true,same_frozen_label_contract,audit,label,Non-Toxin,Non-Toxin,,,false,3a350bba741d4426fa8fd4365f4f84097a16c701a6373f73be0e663d2dd95551
fgf2,e05fec0b2d68c23fd06c1e1e1a9f4407c7146fe9ba88b834c500f1aeed5fc387,masked_substitution,ec659ee7e08b4ce861de24e484aa215cc73cdbb88a638d30c920d25a2554cc66,primary_parent,f2ae21e180b652bfebf3d5ddadc548e5a203bc160d1132ebb1cdf640bbc3b27f,amp_read_log10_mic_um,numeric,true,same_frozen_numeric_contract,minimize,log10(uM),2.597941786798904,2.529067313762771,-0.06887447303613303,0.06887447303613303,true,0aea5d1d66d2c083d5edfe1a758e30910632206e561450ab26624cf28ffd3141
fgf2,e05fec0b2d68c23fd06c1e1e1a9f4407c7146fe9ba88b834c500f1aeed5fc387,masked_substitution,ec659ee7e08b4ce861de24e484aa215cc73cdbb88a638d30c920d25a2554cc66,primary_parent,f2ae21e180b652bfebf3d5ddadc548e5a203bc160d1132ebb1cdf640bbc3b27f,guruprasad_instability_index,numeric,true,same_frozen_numeric_contract,minimize,index,29.246154,28.52307692307693,-0.7230770769230723,0.7230770769230723,true,89037495944b2f103d7807c0d5745ee254387f003bab74645ded48087d6d5f3e
fgf2,e05fec0b2d68c23fd06c1e1e1a9f4407c7146fe9ba88b834c500f1aeed5fc387,masked_substitution,ec659ee7e08b4ce861de24e484aa215cc73cdbb88a638d30c920d25a2554cc66,primary_parent,f2ae21e180b652bfebf3d5ddadc548e5a203bc160d1132ebb1cdf640bbc3b27f,hydrophobic_moment_eisenberg,numeric,false,audit_metric_has_no_monotonic_improvement_direction,audit,dimensionless,0.24330416982349223,0.23243963389235073,-0.010864535931141506,,true,d15d255c792a740fc1afb36ffa2027e94551cff763a66a9cd82ec2f5ea780baf
fgf2,e05fec0b2d68c23fd06c1e1e1a9f4407c7146fe9ba88b834c500f1aeed5fc387,masked_substitution,ec659ee7e08b4ce861de24e484aa215cc73cdbb88a638d30c920d25a2554cc66,primary_parent,f2ae21e180b652bfebf3d5ddadc548e5a203bc160d1132ebb1cdf640bbc3b27f,hydrophobic_ratio_modlamp,numeric,false,audit_metric_has_no_monotonic_improvement_direction,audit,fraction,0.07692307692307693,0.07692307692307693,0.0,,false,36e6fce844b785bc3b405c746d74644db247625c7951437c1abcfcd62ddc9023
fgf2,e05fec0b2d68c23fd06c1e1e1a9f4407c7146fe9ba88b834c500f1aeed5fc387,masked_substitution,ec659ee7e08b4ce861de24e484aa215cc73cdbb88a638d30c920d25a2554cc66,primary_parent,f2ae21e180b652bfebf3d5ddadc548e5a203bc160d1132ebb1cdf640bbc3b27f,llamp_log10_mic_um,numeric,true,same_frozen_numeric_contract,minimize,log10(uM),1.645182728767395,1.7732173204421997,0.1280345916748047,-0.1280345916748047,true,c0ab70e063385bd2e4ae9419f6893a86a6fe6eac179e8874fec142924092e029
fgf2,e05fec0b2d68c23fd06c1e1e1a9f4407c7146fe9ba88b834c500f1aeed5fc387,masked_substitution,ec659ee7e08b4ce861de24e484aa215cc73cdbb88a638d30c920d25a2554cc66,primary_parent,f2ae21e180b652bfebf3d5ddadc548e5a203bc160d1132ebb1cdf640bbc3b27f,macrel_amp_probability,numeric,true,same_frozen_numeric_contract,maximize,probability,0.396,0.396,0.0,0.0,false,c75ca612a5e3b9765660d5fc300c00c59e7cd7120ef5b9fd23af170ff016b173
fgf2,e05fec0b2d68c23fd06c1e1e1a9f4407c7146fe9ba88b834c500f1aeed5fc387,masked_substitution,ec659ee7e08b4ce861de24e484aa215cc73cdbb88a638d30c920d25a2554cc66,primary_parent,f2ae21e180b652bfebf3d5ddadc548e5a203bc160d1132ebb1cdf640bbc3b27f,macrel_hemolysis_label,categorical,true,same_frozen_label_contract,audit,label,low,low,,,false,144e50749f49e99ab9550fc8f0844476f9113df82e6076a42eac580dcd7ac3c3
fgf2,e05fec0b2d68c23fd06c1e1e1a9f4407c7146fe9ba88b834c500f1aeed5fc387,masked_substitution,ec659ee7e08b4ce861de24e484aa215cc73cdbb88a638d30c920d25a2554cc66,primary_parent,f2ae21e180b652bfebf3d5ddadc548e5a203bc160d1132ebb1cdf640bbc3b27f,macrel_hemolysis_probability,numeric,true,same_frozen_numeric_contract,minimize,probability,0.416,0.475,0.059,-0.059,true,b06e351c63ffc8821a82fcfdccf0a49d46101a3a012c5a65b24cd56a5cfbe46c
fgf2,e05fec0b2d68c23fd06c1e1e1a9f4407c7146fe9ba88b834c500f1aeed5fc387,masked_substitution,ec659ee7e08b4ce861de24e484aa215cc73cdbb88a638d30c920d25a2554cc66,primary_parent,f2ae21e180b652bfebf3d5ddadc548e5a203bc160d1132ebb1cdf640bbc3b27f,maximum_hydrophobic_run,numeric,true,same_frozen_numeric_contract,minimize,residues,1.0,1.0,0.0,-0.0,false,6005a472d603ab592059c343cc90bb291f95a93fba4eb474bfec0512bb704c11
fgf2,e05fec0b2d68c23fd06c1e1e1a9f4407c7146fe9ba88b834c500f1aeed5fc387,masked_substitution,ec659ee7e08b4ce861de24e484aa215cc73cdbb88a638d30c920d25a2554cc66,primary_parent,f2ae21e180b652bfebf3d5ddadc548e5a203bc160d1132ebb1cdf640bbc3b27f,net_charge_ph7_4,numeric,false,audit_metric_has_no_monotonic_improvement_direction,audit,elementary_charge,7.985,7.985,0.0,,false,905f5e993946b5c330a916db1ae3152c4d3d449c86941ad82e10b369e8949ea8
fgf2,e05fec0b2d68c23fd06c1e1e1a9f4407c7146fe9ba88b834c500f1aeed5fc387,masked_substitution,ec659ee7e08b4ce861de24e484aa215cc73cdbb88a638d30c920d25a2554cc66,primary_parent,f2ae21e180b652bfebf3d5ddadc548e5a203bc160d1132ebb1cdf640bbc3b27f,toxinpred3_hybrid_score,numeric,true,same_frozen_numeric_contract,minimize,dimensionless,0.0,0.0,0.0,-0.0,false,41536488b75cd56796508d18339293018acd41b8ac54b51db304ed3b3d87d8b8
fgf2,e05fec0b2d68c23fd06c1e1e1a9f4407c7146fe9ba88b834c500f1aeed5fc387,masked_substitution,ec659ee7e08b4ce861de24e484aa215cc73cdbb88a638d30c920d25a2554cc66,primary_parent,f2ae21e180b652bfebf3d5ddadc548e5a203bc160d1132ebb1cdf640bbc3b27f,toxinpred3_label,categorical,true,same_frozen_label_contract,audit,label,Non-Toxin,Non-Toxin,,,false,7ad176fbd1b907a68d8ee0256943dffce7f1a185d7866ea788dfd7b0f931ebfa
fgf2,6545869f3173ebe6da6781fce19cd3d9dd4b279bf299df73e0921ff42992e08c,masked_substitution,94e8cddb01ccbc88fcb484b19278037bb1fb791c4b967da7425a920817df94d3,primary_parent,f2ae21e180b652bfebf3d5ddadc548e5a203bc160d1132ebb1cdf640bbc3b27f,amp_read_log10_mic_um,numeric,true,same_frozen_numeric_contract,minimize,log10(uM),2.597941786798904,2.398275633403834,-0.19966615339506966,0.19966615339506966,true,6375ea1e6082f15d93ac58604815b5818c1899f9f0d82d187a5ac60a894ef237
fgf2,6545869f3173ebe6da6781fce19cd3d9dd4b279bf299df73e0921ff42992e08c,masked_substitution,94e8cddb01ccbc88fcb484b19278037bb1fb791c4b967da7425a920817df94d3,primary_parent,f2ae21e180b652bfebf3d5ddadc548e5a203bc160d1132ebb1cdf640bbc3b27f,guruprasad_instability_index,numeric,true,same_frozen_numeric_contract,minimize,index,29.246154,35.02692307692309,5.7807690769230895,-5.7807690769230895,true,c8614b5ecf3d78a6b75e0317945875cbecf4e251a3b7fe1cd856b8885aca1db1
fgf2,6545869f3173ebe6da6781fce19cd3d9dd4b279bf299df73e0921ff42992e08c,masked_substitution,94e8cddb01ccbc88fcb484b19278037bb1fb791c4b967da7425a920817df94d3,primary_parent,f2ae21e180b652bfebf3d5ddadc548e5a203bc160d1132ebb1cdf640bbc3b27f,hydrophobic_moment_eisenberg,numeric,false,audit_metric_has_no_monotonic_improvement_direction,audit,dimensionless,0.24330416982349223,0.25064264781290674,0.007338477989414505,,true,e4cd533c2722c83c123ecd8d0c550d49259cc11ab57247b28f15ef9a0681e534
fgf2,6545869f3173ebe6da6781fce19cd3d9dd4b279bf299df73e0921ff42992e08c,masked_substitution,94e8cddb01ccbc88fcb484b19278037bb1fb791c4b967da7425a920817df94d3,primary_parent,f2ae21e180b652bfebf3d5ddadc548e5a203bc160d1132ebb1cdf640bbc3b27f,hydrophobic_ratio_modlamp,numeric,false,audit_metric_has_no_monotonic_improvement_direction,audit,fraction,0.07692307692307693,0.07692307692307693,0.0,,false,5465ba2ee205498876b54a6a263c819909f105ec0663a675220b33441fd86982
fgf2,6545869f3173ebe6da6781fce19cd3d9dd4b279bf299df73e0921ff42992e08c,masked_substitution,94e8cddb01ccbc88fcb484b19278037bb1fb791c4b967da7425a920817df94d3,primary_parent,f2ae21e180b652bfebf3d5ddadc548e5a203bc160d1132ebb1cdf640bbc3b27f,llamp_log10_mic_um,numeric,true,same_frozen_numeric_contract,minimize,log10(uM),1.645182728767395,1.690592646598816,0.0454099178314209,-0.0454099178314209,true,2f31bdcfb30e21a2187f1171cb53d1288a1f7667b0093dcd8424ff636d9768a9
fgf2,6545869f3173ebe6da6781fce19cd3d9dd4b279bf299df73e0921ff42992e08c,masked_substitution,94e8cddb01ccbc88fcb484b19278037bb1fb791c4b967da7425a920817df94d3,primary_parent,f2ae21e180b652bfebf3d5ddadc548e5a203bc160d1132ebb1cdf640bbc3b27f,macrel_amp_probability,numeric,true,same_frozen_numeric_contract,maximize,probability,0.396,0.406,0.010000000000000009,0.010000000000000009,true,4ba5a3bd82f7402e17b71ac443191279a7b9ccb871aba84fa2a9fdcc2160d6fc
fgf2,6545869f3173ebe6da6781fce19cd3d9dd4b279bf299df73e0921ff42992e08c,masked_substitution,94e8cddb01ccbc88fcb484b19278037bb1fb791c4b967da7425a920817df94d3,primary_parent,f2ae21e180b652bfebf3d5ddadc548e5a203bc160d1132ebb1cdf640bbc3b27f,macrel_hemolysis_label,categorical,true,same_frozen_label_contract,audit,label,low,low,,,false,69497675b178d5952323055d74ae440cd26fca851a31ea926e62bb31ebdc762f
fgf2,6545869f3173ebe6da6781fce19cd3d9dd4b279bf299df73e0921ff42992e08c,masked_substitution,94e8cddb01ccbc88fcb484b19278037bb1fb791c4b967da7425a920817df94d3,primary_parent,f2ae21e180b652bfebf3d5ddadc548e5a203bc160d1132ebb1cdf640bbc3b27f,macrel_hemolysis_probability,numeric,true,same_frozen_numeric_contract,minimize,probability,0.416,0.455,0.039000000000000035,-0.039000000000000035,true,7ca93aed26d287b967bb4876dba610d09c61b5c886794a7080009b8e9001d51e
fgf2,6545869f3173ebe6da6781fce19cd3d9dd4b279bf299df73e0921ff42992e08c,masked_substitution,94e8cddb01ccbc88fcb484b19278037bb1fb791c4b967da7425a920817df94d3,primary_parent,f2ae21e180b652bfebf3d5ddadc548e5a203bc160d1132ebb1cdf640bbc3b27f,maximum_hydrophobic_run,numeric,true,same_frozen_numeric_contract,minimize,residues,1.0,1.0,0.0,-0.0,false,2fcd31ebad872c51578b7ac7f49dc119d89f21159187b9409a2cc0fbff5f000e
fgf2,6545869f3173ebe6da6781fce19cd3d9dd4b279bf299df73e0921ff42992e08c,masked_substitution,94e8cddb01ccbc88fcb484b19278037bb1fb791c4b967da7425a920817df94d3,primary_parent,f2ae21e180b652bfebf3d5ddadc548e5a203bc160d1132ebb1cdf640bbc3b27f,net_charge_ph7_4,numeric,false,audit_metric_has_no_monotonic_improvement_direction,audit,elementary_charge,7.985,7.983,-0.002000000000000668,,true,baeb0a087c0850a7d7bcd412f2508b7d3d2e4afcafe73f42a2ab1fdfb3d5d174
fgf2,6545869f3173ebe6da6781fce19cd3d9dd4b279bf299df73e0921ff42992e08c,masked_substitution,94e8cddb01ccbc88fcb484b19278037bb1fb791c4b967da7425a920817df94d3,primary_parent,f2ae21e180b652bfebf3d5ddadc548e5a203bc160d1132ebb1cdf640bbc3b27f,toxinpred3_hybrid_score,numeric,true,same_frozen_numeric_contract,minimize,dimensionless,0.0,0.0,0.0,-0.0,false,e1ef982c2db5a840927b128d8e8e231fb16ae5ad00737bce900f661c4c1388c1
fgf2,6545869f3173ebe6da6781fce19cd3d9dd4b279bf299df73e0921ff42992e08c,masked_substitution,94e8cddb01ccbc88fcb484b19278037bb1fb791c4b967da7425a920817df94d3,primary_parent,f2ae21e180b652bfebf3d5ddadc548e5a203bc160d1132ebb1cdf640bbc3b27f,toxinpred3_label,categorical,true,same_frozen_label_contract,audit,label,Non-Toxin,Non-Toxin,,,false,6443a89ad2d3f309d9488740ef802b82e28a6637be650f7d1975c24995246615
fgf2,4d38ed980294b0cba08aa724f956843ffd151a269c4b6bed2753813a7f216092,masked_substitution,e5b32765d1a1204a29f1d22eacc6bfd30ece4b62e5a00a575f2f26e90ea9187b,primary_parent,f2ae21e180b652bfebf3d5ddadc548e5a203bc160d1132ebb1cdf640bbc3b27f,amp_read_log10_mic_um,numeric,true,same_frozen_numeric_contract,minimize,log10(uM),2.597941786798904,2.368637891589782,-0.22930389520912176,0.22930389520912176,true,92151dda773380f02d3cd53cb145d7b977859f1c45766e52cf2a9f7e453b20bf
fgf2,4d38ed980294b0cba08aa724f956843ffd151a269c4b6bed2753813a7f216092,masked_substitution,e5b32765d1a1204a29f1d22eacc6bfd30ece4b62e5a00a575f2f26e90ea9187b,primary_parent,f2ae21e180b652bfebf3d5ddadc548e5a203bc160d1132ebb1cdf640bbc3b27f,guruprasad_instability_index,numeric,true,same_frozen_numeric_contract,minimize,index,29.246154,21.838461538461544,-7.407692461538456,7.407692461538456,true,de78196c5636c0472a9b031b73e3b385c18ffb6cc6693d1189e22f78d90ae054
fgf2,4d38ed980294b0cba08aa724f956843ffd151a269c4b6bed2753813a7f216092,masked_substitution,e5b32765d1a1204a29f1d22eacc6bfd30ece4b62e5a00a575f2f26e90ea9187b,primary_parent,f2ae21e180b652bfebf3d5ddadc548e5a203bc160d1132ebb1cdf640bbc3b27f,hydrophobic_moment_eisenberg,numeric,false,audit_metric_has_no_monotonic_improvement_direction,audit,dimensionless,0.24330416982349223,0.23558552664527163,-0.007718643178220602,,true,5b45043e4fc7534784cea665bae0e95d3a00044c5b4d92032b79f80ee1e837e7
fgf2,4d38ed980294b0cba08aa724f956843ffd151a269c4b6bed2753813a7f216092,masked_substitution,e5b32765d1a1204a29f1d22eacc6bfd30ece4b62e5a00a575f2f26e90ea9187b,primary_parent,f2ae21e180b652bfebf3d5ddadc548e5a203bc160d1132ebb1cdf640bbc3b27f,hydrophobic_ratio_modlamp,numeric,false,audit_metric_has_no_monotonic_improvement_direction,audit,fraction,0.07692307692307693,0.11538461538461539,0.038461538461538464,,true,7b3caf5a847e53ed384a221ef87faaac942ad4b1f0086ed7052055231d9fbefd
fgf2,4d38ed980294b0cba08aa724f956843ffd151a269c4b6bed2753813a7f216092,masked_substitution,e5b32765d1a1204a29f1d22eacc6bfd30ece4b62e5a00a575f2f26e90ea9187b,primary_parent,f2ae21e180b652bfebf3d5ddadc548e5a203bc160d1132ebb1cdf640bbc3b27f,llamp_log10_mic_um,numeric,true,same_frozen_numeric_contract,minimize,log10(uM),1.645182728767395,1.7431992292404175,0.09801650047302246,-0.09801650047302246,true,adf5980abc54da8f7d723f524caf8e2d9e36cae2e9c90ad4ef978420de8f23a4
fgf2,4d38ed980294b0cba08aa724f956843ffd151a269c4b6bed2753813a7f216092,masked_substitution,e5b32765d1a1204a29f1d22eacc6bfd30ece4b62e5a00a575f2f26e90ea9187b,primary_parent,f2ae21e180b652bfebf3d5ddadc548e5a203bc160d1132ebb1cdf640bbc3b27f,macrel_amp_probability,numeric,true,same_frozen_numeric_contract,maximize,probability,0.396,0.347,-0.049000000000000044,-0.049000000000000044,true,9287710b6a94c28d7fbf9703c2e37fc51ae3c6a6a2b16a824cec04d996b35ff6
fgf2,4d38ed980294b0cba08aa724f956843ffd151a269c4b6bed2753813a7f216092,masked_substitution,e5b32765d1a1204a29f1d22eacc6bfd30ece4b62e5a00a575f2f26e90ea9187b,primary_parent,f2ae21e180b652bfebf3d5ddadc548e5a203bc160d1132ebb1cdf640bbc3b27f,macrel_hemolysis_label,categorical,true,same_frozen_label_contract,audit,label,low,low,,,false,46fa684b6aaf1e8ff82a803d171efcb8bdda1bd2fd92754e12e363e908298e7f
fgf2,4d38ed980294b0cba08aa724f956843ffd151a269c4b6bed2753813a7f216092,masked_substitution,e5b32765d1a1204a29f1d22eacc6bfd30ece4b62e5a00a575f2f26e90ea9187b,primary_parent,f2ae21e180b652bfebf3d5ddadc548e5a203bc160d1132ebb1cdf640bbc3b27f,macrel_hemolysis_probability,numeric,true,same_frozen_numeric_contract,minimize,probability,0.416,0.406,-0.009999999999999953,0.009999999999999953,true,e73e7e075f04f355f7c1d38bed1ecd2d31cc3beca4aadf507ef63ba4f0e31edb
fgf2,4d38ed980294b0cba08aa724f956843ffd151a269c4b6bed2753813a7f216092,masked_substitution,e5b32765d1a1204a29f1d22eacc6bfd30ece4b62e5a00a575f2f26e90ea9187b,primary_parent,f2ae21e180b652bfebf3d5ddadc548e5a203bc160d1132ebb1cdf640bbc3b27f,maximum_hydrophobic_run,numeric,true,same_frozen_numeric_contract,minimize,residues,1.0,1.0,0.0,-0.0,false,c0379195e8b45fbc57f545526cc070e913d6229f06612a3ace0be662a172d61f
fgf2,4d38ed980294b0cba08aa724f956843ffd151a269c4b6bed2753813a7f216092,masked_substitution,e5b32765d1a1204a29f1d22eacc6bfd30ece4b62e5a00a575f2f26e90ea9187b,primary_parent,f2ae21e180b652bfebf3d5ddadc548e5a203bc160d1132ebb1cdf640bbc3b27f,net_charge_ph7_4,numeric,false,audit_metric_has_no_monotonic_improvement_direction,audit,elementary_charge,7.985,7.985,0.0,,false,38542ab1eabf1d504b13c0ad83d7e84f231bf60c3ff1a2eedcff95c04f468dc6
fgf2,4d38ed980294b0cba08aa724f956843ffd151a269c4b6bed2753813a7f216092,masked_substitution,e5b32765d1a1204a29f1d22eacc6bfd30ece4b62e5a00a575f2f26e90ea9187b,primary_parent,f2ae21e180b652bfebf3d5ddadc548e5a203bc160d1132ebb1cdf640bbc3b27f,toxinpred3_hybrid_score,numeric,true,same_frozen_numeric_contract,minimize,dimensionless,0.0,0.0,0.0,-0.0,false,747727c06364849edb8e8b6e00511c8c5fa7488e7902eea7fd9571048f7d1189
fgf2,4d38ed980294b0cba08aa724f956843ffd151a269c4b6bed2753813a7f216092,masked_substitution,e5b32765d1a1204a29f1d22eacc6bfd30ece4b62e5a00a575f2f26e90ea9187b,primary_parent,f2ae21e180b652bfebf3d5ddadc548e5a203bc160d1132ebb1cdf640bbc3b27f,toxinpred3_label,categorical,true,same_frozen_label_contract,audit,label,Non-Toxin,Non-Toxin,,,false,a1b39c7670b226bfb17df642c7f0983cb768fd30a59ef3e9d714d4ef9e29118f
fgf2,7d521078da90a7b39ce1cb7e9cb01b612dd0e7138e845353f48e7bea39d00d65,masked_substitution,be5f0c3c9bc181cb31fdd2737cb19f7178634658020b0edcf215bde511e383f0,primary_parent,f2ae21e180b652bfebf3d5ddadc548e5a203bc160d1132ebb1cdf640bbc3b27f,amp_read_log10_mic_um,numeric,true,same_frozen_numeric_contract,minimize,log10(uM),2.597941786798904,2.40822368498552,-0.189718101813384,0.189718101813384,true,d7ffa310b0350960a7989fc0e1b230c30c7ed70f8b53ee4bb02221fd7fb5bb98
fgf2,7d521078da90a7b39ce1cb7e9cb01b612dd0e7138e845353f48e7bea39d00d65,masked_substitution,be5f0c3c9bc181cb31fdd2737cb19f7178634658020b0edcf215bde511e383f0,primary_parent,f2ae21e180b652bfebf3d5ddadc548e5a203bc160d1132ebb1cdf640bbc3b27f,guruprasad_instability_index,numeric,true,same_frozen_numeric_contract,minimize,index,29.246154,38.73846153846154,9.492307538461542,-9.492307538461542,true,2f447b5ba2f06fb7c20ddb9fb99895d22ad627efb39ad5d93dd3df6a70c63c5e
fgf2,7d521078da90a7b39ce1cb7e9cb01b612dd0e7138e845353f48e7bea39d00d65,masked_substitution,be5f0c3c9bc181cb31fdd2737cb19f7178634658020b0edcf215bde511e383f0,primary_parent,f2ae21e180b652bfebf3d5ddadc548e5a203bc160d1132ebb1cdf640bbc3b27f,hydrophobic_moment_eisenberg,numeric,false,audit_metric_has_no_monotonic_improvement_direction,audit,dimensionless,0.24330416982349223,0.22993557892615477,-0.013368590897337468,,true,81bc587f7b5a8a3a4f93c4d8d2c837248be5bb8e4039d5ac019525cfeefa7910
fgf2,7d521078da90a7b39ce1cb7e9cb01b612dd0e7138e845353f48e7bea39d00d65,masked_substitution,be5f0c3c9bc181cb31fdd2737cb19f7178634658020b0edcf215bde511e383f0,primary_parent,f2ae21e180b652bfebf3d5ddadc548e5a203bc160d1132ebb1cdf640bbc3b27f,hydrophobic_ratio_modlamp,numeric,false,audit_metric_has_no_monotonic_improvement_direction,audit,fraction,0.07692307692307693,0.11538461538461539,0.038461538461538464,,true,a025dfaa19984f860127144ffd22eb52842e82d2cca145df0109b4bac0f59fb5
fgf2,7d521078da90a7b39ce1cb7e9cb01b612dd0e7138e845353f48e7bea39d00d65,masked_substitution,be5f0c3c9bc181cb31fdd2737cb19f7178634658020b0edcf215bde511e383f0,primary_parent,f2ae21e180b652bfebf3d5ddadc548e5a203bc160d1132ebb1cdf640bbc3b27f,llamp_log10_mic_um,numeric,true,same_frozen_numeric_contract,minimize,log10(uM),1.645182728767395,1.639717936515808,-0.005464792251586914,0.005464792251586914,true,ecc2fee7e439fdbbef4bfe3b2220bf078169a6a75f46a881441749f1146fa07b
fgf2,7d521078da90a7b39ce1cb7e9cb01b612dd0e7138e845353f48e7bea39d00d65,masked_substitution,be5f0c3c9bc181cb31fdd2737cb19f7178634658020b0edcf215bde511e383f0,primary_parent,f2ae21e180b652bfebf3d5ddadc548e5a203bc160d1132ebb1cdf640bbc3b27f,macrel_amp_probability,numeric,true,same_frozen_numeric_contract,maximize,probability,0.396,0.347,-0.049000000000000044,-0.049000000000000044,true,8dd55e39d37af35bb750e17df95b9fd27b0abd9631a5c72e6002a8b7481e8fe3
fgf2,7d521078da90a7b39ce1cb7e9cb01b612dd0e7138e845353f48e7bea39d00d65,masked_substitution,be5f0c3c9bc181cb31fdd2737cb19f7178634658020b0edcf215bde511e383f0,primary_parent,f2ae21e180b652bfebf3d5ddadc548e5a203bc160d1132ebb1cdf640bbc3b27f,macrel_hemolysis_label,categorical,true,same_frozen_label_contract,audit,label,low,low,,,false,29f641e1ea3f3872086356e9beed2546a932a695b35f28237e5bc19d5c47db2b
fgf2,7d521078da90a7b39ce1cb7e9cb01b612dd0e7138e845353f48e7bea39d00d65,masked_substitution,be5f0c3c9bc181cb31fdd2737cb19f7178634658020b0edcf215bde511e383f0,primary_parent,f2ae21e180b652bfebf3d5ddadc548e5a203bc160d1132ebb1cdf640bbc3b27f,macrel_hemolysis_probability,numeric,true,same_frozen_numeric_contract,minimize,probability,0.416,0.406,-0.009999999999999953,0.009999999999999953,true,737656788260e5adfd4cee2e0ded54bfe14df2022f68c98ce138d530ce4e7916
fgf2,7d521078da90a7b39ce1cb7e9cb01b612dd0e7138e845353f48e7bea39d00d65,masked_substitution,be5f0c3c9bc181cb31fdd2737cb19f7178634658020b0edcf215bde511e383f0,primary_parent,f2ae21e180b652bfebf3d5ddadc548e5a203bc160d1132ebb1cdf640bbc3b27f,maximum_hydrophobic_run,numeric,true,same_frozen_numeric_contract,minimize,residues,1.0,1.0,0.0,-0.0,false,393d5e611dbceef9cae68c89e932bc6939b93ddc2f46b45e6585ac4661aa6a1a
fgf2,7d521078da90a7b39ce1cb7e9cb01b612dd0e7138e845353f48e7bea39d00d65,masked_substitution,be5f0c3c9bc181cb31fdd2737cb19f7178634658020b0edcf215bde511e383f0,primary_parent,f2ae21e180b652bfebf3d5ddadc548e5a203bc160d1132ebb1cdf640bbc3b27f,net_charge_ph7_4,numeric,false,audit_metric_has_no_monotonic_improvement_direction,audit,elementary_charge,7.985,7.985,0.0,,false,e0bf9bc1c81d8679c293b68b54299046807d55d914284566e4bc4d7ed03c045d
fgf2,7d521078da90a7b39ce1cb7e9cb01b612dd0e7138e845353f48e7bea39d00d65,masked_substitution,be5f0c3c9bc181cb31fdd2737cb19f7178634658020b0edcf215bde511e383f0,primary_parent,f2ae21e180b652bfebf3d5ddadc548e5a203bc160d1132ebb1cdf640bbc3b27f,toxinpred3_hybrid_score,numeric,true,same_frozen_numeric_contract,minimize,dimensionless,0.0,0.0,0.0,-0.0,false,7e2a1d21d59fa35900fbd13f1be15e258388e8bf3893f89c1d210145c705c75a
fgf2,7d521078da90a7b39ce1cb7e9cb01b612dd0e7138e845353f48e7bea39d00d65,masked_substitution,be5f0c3c9bc181cb31fdd2737cb19f7178634658020b0edcf215bde511e383f0,primary_parent,f2ae21e180b652bfebf3d5ddadc548e5a203bc160d1132ebb1cdf640bbc3b27f,toxinpred3_label,categorical,true,same_frozen_label_contract,audit,label,Non-Toxin,Non-Toxin,,,false,8853809d53323dc741b84caf876c0f07baa6d7e8fe6dbf8b0e1237548712ac39
fgf2,a90ec4b77c2bf5fe92698f4619365eb6b919d081404ecd2b22cd48425b4ab180,masked_substitution,c541fc6b43eb7fab829fece216c8187ab140620bfbd259f3d5a602713354e475,primary_parent,f2ae21e180b652bfebf3d5ddadc548e5a203bc160d1132ebb1cdf640bbc3b27f,amp_read_log10_mic_um,numeric,true,same_frozen_numeric_contract,minimize,log10(uM),2.597941786798904,2.559695380322535,-0.03824640647636901,0.03824640647636901,true,dcd66d6281a6826b2ff80a7503e23adee1ddf48a803c8e032c5097666528f9d6
fgf2,a90ec4b77c2bf5fe92698f4619365eb6b919d081404ecd2b22cd48425b4ab180,masked_substitution,c541fc6b43eb7fab829fece216c8187ab140620bfbd259f3d5a602713354e475,primary_parent,f2ae21e180b652bfebf3d5ddadc548e5a203bc160d1132ebb1cdf640bbc3b27f,guruprasad_instability_index,numeric,true,same_frozen_numeric_contract,minimize,index,29.246154,25.10384615384616,-4.142307846153841,4.142307846153841,true,58338e575032c7c5dcad216a56ecffa13c6597ca833add555386a859b4750a1d
fgf2,a90ec4b77c2bf5fe92698f4619365eb6b919d081404ecd2b22cd48425b4ab180,masked_substitution,c541fc6b43eb7fab829fece216c8187ab140620bfbd259f3d5a602713354e475,primary_parent,f2ae21e180b652bfebf3d5ddadc548e5a203bc160d1132ebb1cdf640bbc3b27f,hydrophobic_moment_eisenberg,numeric,false,audit_metric_has_no_monotonic_improvement_direction,audit,dimensionless,0.24330416982349223,0.23166561358051377,-0.011638556242978465,,true,9e5543d729bae4d561a7e086596bbd100725f6b4751cbdcfa69e001dc4122380
fgf2,a90ec4b77c2bf5fe92698f4619365eb6b919d081404ecd2b22cd48425b4ab180,masked_substitution,c541fc6b43eb7fab829fece216c8187ab140620bfbd259f3d5a602713354e475,primary_parent,f2ae21e180b652bfebf3d5ddadc548e5a203bc160d1132ebb1cdf640bbc3b27f,hydrophobic_ratio_modlamp,numeric,false,audit_metric_has_no_monotonic_improvement_direction,audit,fraction,0.07692307692307693,0.11538461538461539,0.038461538461538464,,true,9919a0f86641fc09219f5e231e8ab494f00133c0c74b23aacc819a74f526c163
fgf2,a90ec4b77c2bf5fe92698f4619365eb6b919d081404ecd2b22cd48425b4ab180,masked_substitution,c541fc6b43eb7fab829fece216c8187ab140620bfbd259f3d5a602713354e475,primary_parent,f2ae21e180b652bfebf3d5ddadc548e5a203bc160d1132ebb1cdf640bbc3b27f,llamp_log10_mic_um,numeric,true,same_frozen_numeric_contract,minimize,log10(uM),1.645182728767395,1.5643187761306763,-0.08086395263671875,0.08086395263671875,true,d9fac04e9ede7b219774b7f0dcb777b4f0e69b2ef6f33dd9be410677a01ffefa
fgf2,a90ec4b77c2bf5fe92698f4619365eb6b919d081404ecd2b22cd48425b4ab180,masked_substitution,c541fc6b43eb7fab829fece216c8187ab140620bfbd259f3d5a602713354e475,primary_parent,f2ae21e180b652bfebf3d5ddadc548e5a203bc160d1132ebb1cdf640bbc3b27f,macrel_amp_probability,numeric,true,same_frozen_numeric_contract,maximize,probability,0.396,0.356,-0.040000000000000036,-0.040000000000000036,true,d696fca7c4b8117eb15dedb0b7f9489a0d74b61b7a46ab6dbe4da6cc85f47cb2
fgf2,a90ec4b77c2bf5fe92698f4619365eb6b919d081404ecd2b22cd48425b4ab180,masked_substitution,c541fc6b43eb7fab829fece216c8187ab140620bfbd259f3d5a602713354e475,primary_parent,f2ae21e180b652bfebf3d5ddadc548e5a203bc160d1132ebb1cdf640bbc3b27f,macrel_hemolysis_label,categorical,true,same_frozen_label_contract,audit,label,low,low,,,false,0511af092a9bfaef5c2fe1b91d11c24f2a0b806226ee83e234c9120415f123fb
fgf2,a90ec4b77c2bf5fe92698f4619365eb6b919d081404ecd2b22cd48425b4ab180,masked_substitution,c541fc6b43eb7fab829fece216c8187ab140620bfbd259f3d5a602713354e475,primary_parent,f2ae21e180b652bfebf3d5ddadc548e5a203bc160d1132ebb1cdf640bbc3b27f,macrel_hemolysis_probability,numeric,true,same_frozen_numeric_contract,minimize,probability,0.416,0.416,0.0,-0.0,false,ef678d1f7c0c039049c74eb6b24d926b55abfecfe79f755187fea170c1f7cab4
fgf2,a90ec4b77c2bf5fe92698f4619365eb6b919d081404ecd2b22cd48425b4ab180,masked_substitution,c541fc6b43eb7fab829fece216c8187ab140620bfbd259f3d5a602713354e475,primary_parent,f2ae21e180b652bfebf3d5ddadc548e5a203bc160d1132ebb1cdf640bbc3b27f,maximum_hydrophobic_run,numeric,true,same_frozen_numeric_contract,minimize,residues,1.0,1.0,0.0,-0.0,false,275b6bf577cfec7e84fb63456cde0de86d112f3134ab1acc4983559d78a23bd5
fgf2,a90ec4b77c2bf5fe92698f4619365eb6b919d081404ecd2b22cd48425b4ab180,masked_substitution,c541fc6b43eb7fab829fece216c8187ab140620bfbd259f3d5a602713354e475,primary_parent,f2ae21e180b652bfebf3d5ddadc548e5a203bc160d1132ebb1cdf640bbc3b27f,net_charge_ph7_4,numeric,false,audit_metric_has_no_monotonic_improvement_direction,audit,elementary_charge,7.985,7.985,0.0,,false,dc38ef620467d4622cbcd44c7be592a23d6bfc30dd27ddc112150a8800537385
fgf2,a90ec4b77c2bf5fe92698f4619365eb6b919d081404ecd2b22cd48425b4ab180,masked_substitution,c541fc6b43eb7fab829fece216c8187ab140620bfbd259f3d5a602713354e475,primary_parent,f2ae21e180b652bfebf3d5ddadc548e5a203bc160d1132ebb1cdf640bbc3b27f,toxinpred3_hybrid_score,numeric,true,same_frozen_numeric_contract,minimize,dimensionless,0.0,0.0,0.0,-0.0,false,6adbcd9bf2f774a88b6f920c09d740702176e07662372f3cd5a6079b3d2acdd1
fgf2,a90ec4b77c2bf5fe92698f4619365eb6b919d081404ecd2b22cd48425b4ab180,masked_substitution,c541fc6b43eb7fab829fece216c8187ab140620bfbd259f3d5a602713354e475,primary_parent,f2ae21e180b652bfebf3d5ddadc548e5a203bc160d1132ebb1cdf640bbc3b27f,toxinpred3_label,categorical,true,same_frozen_label_contract,audit,label,Non-Toxin,Non-Toxin,,,false,47e73aab199bf52df46f68630cecfac0f88efc670ddf9fec2bb865d330e01d54
fgf2,fc14a52ba9bba92490a5bd0e6bb4cb96718310e211cd00cc755f9f76713032b3,masked_substitution,457b9d17db5bc0510ddd4be9f3d1ef83d5a7adbc5cb8624af58fea0139aafe09,primary_parent,f2ae21e180b652bfebf3d5ddadc548e5a203bc160d1132ebb1cdf640bbc3b27f,amp_read_log10_mic_um,numeric,true,same_frozen_numeric_contract,minimize,log10(uM),2.597941786798904,2.410930900354894,-0.18701088644400965,0.18701088644400965,true,a32e57b3e7f3bf00a68533325a6876410a9bc3e046db89b379c04d8676448e05
fgf2,fc14a52ba9bba92490a5bd0e6bb4cb96718310e211cd00cc755f9f76713032b3,masked_substitution,457b9d17db5bc0510ddd4be9f3d1ef83d5a7adbc5cb8624af58fea0139aafe09,primary_parent,f2ae21e180b652bfebf3d5ddadc548e5a203bc160d1132ebb1cdf640bbc3b27f,guruprasad_instability_index,numeric,true,same_frozen_numeric_contract,minimize,index,29.246154,25.10384615384616,-4.142307846153841,4.142307846153841,true,c9f9b5c6b9a1fe65784fc108eb4e7318b50175baf1a8555798a08818b46ef3f1
fgf2,fc14a52ba9bba92490a5bd0e6bb4cb96718310e211cd00cc755f9f76713032b3,masked_substitution,457b9d17db5bc0510ddd4be9f3d1ef83d5a7adbc5cb8624af58fea0139aafe09,primary_parent,f2ae21e180b652bfebf3d5ddadc548e5a203bc160d1132ebb1cdf640bbc3b27f,hydrophobic_moment_eisenberg,numeric,false,audit_metric_has_no_monotonic_improvement_direction,audit,dimensionless,0.24330416982349223,0.23166561358051377,-0.011638556242978465,,true,3ea662cc9d41560c674d5c3f1665e4aef8b52bca965ed39e8b55ee2d1381b0f1
fgf2,fc14a52ba9bba92490a5bd0e6bb4cb96718310e211cd00cc755f9f76713032b3,masked_substitution,457b9d17db5bc0510ddd4be9f3d1ef83d5a7adbc5cb8624af58fea0139aafe09,primary_parent,f2ae21e180b652bfebf3d5ddadc548e5a203bc160d1132ebb1cdf640bbc3b27f,hydrophobic_ratio_modlamp,numeric,false,audit_metric_has_no_monotonic_improvement_direction,audit,fraction,0.07692307692307693,0.11538461538461539,0.038461538461538464,,true,8977c6c4c669c186c48f7a42ba63aa2c0ab0dec72d8ad77f4d8c1527856c2d57
fgf2,fc14a52ba9bba92490a5bd0e6bb4cb96718310e211cd00cc755f9f76713032b3,masked_substitution,457b9d17db5bc0510ddd4be9f3d1ef83d5a7adbc5cb8624af58fea0139aafe09,primary_parent,f2ae21e180b652bfebf3d5ddadc548e5a203bc160d1132ebb1cdf640bbc3b27f,llamp_log10_mic_um,numeric,true,same_frozen_numeric_contract,minimize,log10(uM),1.645182728767395,1.5936850309371948,-0.051497697830200195,0.051497697830200195,true,faa34db6cc0ec1dad3fff56d4d7d2b4366534fef53414a2638274af39b7f40bf
fgf2,fc14a52ba9bba92490a5bd0e6bb4cb96718310e211cd00cc755f9f76713032b3,masked_substitution,457b9d17db5bc0510ddd4be9f3d1ef83d5a7adbc5cb8624af58fea0139aafe09,primary_parent,f2ae21e180b652bfebf3d5ddadc548e5a203bc160d1132ebb1cdf640bbc3b27f,macrel_amp_probability,numeric,true,same_frozen_numeric_contract,maximize,probability,0.396,0.327,-0.069,-0.069,true,29dabc7102655403273cd1108d566929cae0c5fbc2f3180949b0ad9d3c0db66a
fgf2,fc14a52ba9bba92490a5bd0e6bb4cb96718310e211cd00cc755f9f76713032b3,masked_substitution,457b9d17db5bc0510ddd4be9f3d1ef83d5a7adbc5cb8624af58fea0139aafe09,primary_parent,f2ae21e180b652bfebf3d5ddadc548e5a203bc160d1132ebb1cdf640bbc3b27f,macrel_hemolysis_label,categorical,true,same_frozen_label_contract,audit,label,low,low,,,false,f8502973a45535dbd46cbfb57d98bf51d5364734f09db691e1cf3f7e42ea519a
fgf2,fc14a52ba9bba92490a5bd0e6bb4cb96718310e211cd00cc755f9f76713032b3,masked_substitution,457b9d17db5bc0510ddd4be9f3d1ef83d5a7adbc5cb8624af58fea0139aafe09,primary_parent,f2ae21e180b652bfebf3d5ddadc548e5a203bc160d1132ebb1cdf640bbc3b27f,macrel_hemolysis_probability,numeric,true,same_frozen_numeric_contract,minimize,probability,0.416,0.386,-0.02999999999999997,0.02999999999999997,true,1e5414a1bc714c5c1470270adc8e575fa18b2ff29f2e68dc8b055fc5c0ef1bd1
fgf2,fc14a52ba9bba92490a5bd0e6bb4cb96718310e211cd00cc755f9f76713032b3,masked_substitution,457b9d17db5bc0510ddd4be9f3d1ef83d5a7adbc5cb8624af58fea0139aafe09,primary_parent,f2ae21e180b652bfebf3d5ddadc548e5a203bc160d1132ebb1cdf640bbc3b27f,maximum_hydrophobic_run,numeric,true,same_frozen_numeric_contract,minimize,residues,1.0,1.0,0.0,-0.0,false,450f02657165029005e67d678d402cd6bc6845f17b78d89c5045e98e449584c9
fgf2,fc14a52ba9bba92490a5bd0e6bb4cb96718310e211cd00cc755f9f76713032b3,masked_substitution,457b9d17db5bc0510ddd4be9f3d1ef83d5a7adbc5cb8624af58fea0139aafe09,primary_parent,f2ae21e180b652bfebf3d5ddadc548e5a203bc160d1132ebb1cdf640bbc3b27f,net_charge_ph7_4,numeric,false,audit_metric_has_no_monotonic_improvement_direction,audit,elementary_charge,7.985,7.985,0.0,,false,066b24e11d6976d8c7dee73d36061b7d2fc53466c0c1efe97015e2a0b28df3f8
fgf2,fc14a52ba9bba92490a5bd0e6bb4cb96718310e211cd00cc755f9f76713032b3,masked_substitution,457b9d17db5bc0510ddd4be9f3d1ef83d5a7adbc5cb8624af58fea0139aafe09,primary_parent,f2ae21e180b652bfebf3d5ddadc548e5a203bc160d1132ebb1cdf640bbc3b27f,toxinpred3_hybrid_score,numeric,true,same_frozen_numeric_contract,minimize,dimensionless,0.0,0.0,0.0,-0.0,false,8f0553b81d7b1cac60fdafdda186f81bb572a159b77786afb01104ef2f51d7f2
fgf2,fc14a52ba9bba92490a5bd0e6bb4cb96718310e211cd00cc755f9f76713032b3,masked_substitution,457b9d17db5bc0510ddd4be9f3d1ef83d5a7adbc5cb8624af58fea0139aafe09,primary_parent,f2ae21e180b652bfebf3d5ddadc548e5a203bc160d1132ebb1cdf640bbc3b27f,toxinpred3_label,categorical,true,same_frozen_label_contract,audit,label,Non-Toxin,Non-Toxin,,,false,dd622dd4081db5d3ba8f33dd2fb68349e31c7a0ca8a5efbcb96421d63f0e1faa
fgf2,ee70e30c2e2b3f5939eaac565044f05be8b23ddac771ef8e069bee588c0b6292,masked_substitution,5ea51c985eebedb5b0c27752001a038ffb32e633c152678f5efb78b8dd03ae05,primary_parent,f2ae21e180b652bfebf3d5ddadc548e5a203bc160d1132ebb1cdf640bbc3b27f,amp_read_log10_mic_um,numeric,true,same_frozen_numeric_contract,minimize,log10(uM),2.597941786798904,2.457354216658546,-0.14058757014035805,0.14058757014035805,true,68aa5b1e2cfbf83af76a5b22ede480265b1f9f149ad72e54e5c03586cd4a1dda
fgf2,ee70e30c2e2b3f5939eaac565044f05be8b23ddac771ef8e069bee588c0b6292,masked_substitution,5ea51c985eebedb5b0c27752001a038ffb32e633c152678f5efb78b8dd03ae05,primary_parent,f2ae21e180b652bfebf3d5ddadc548e5a203bc160d1132ebb1cdf640bbc3b27f,guruprasad_instability_index,numeric,true,same_frozen_numeric_contract,minimize,index,29.246154,25.10384615384616,-4.142307846153841,4.142307846153841,true,67db501f713eb755faf514d8300cfb997a447c075512e14e2afeed6f1e35bc6a
fgf2,ee70e30c2e2b3f5939eaac565044f05be8b23ddac771ef8e069bee588c0b6292,masked_substitution,5ea51c985eebedb5b0c27752001a038ffb32e633c152678f5efb78b8dd03ae05,primary_parent,f2ae21e180b652bfebf3d5ddadc548e5a203bc160d1132ebb1cdf640bbc3b27f,hydrophobic_moment_eisenberg,numeric,false,audit_metric_has_no_monotonic_improvement_direction,audit,dimensionless,0.24330416982349223,0.23102635209785635,-0.012277817725635881,,true,02a3e12e1632c21eca3f5b196bbfe8d318382c47a833a5d08f1d830aa30a4dc6
fgf2,ee70e30c2e2b3f5939eaac565044f05be8b23ddac771ef8e069bee588c0b6292,masked_substitution,5ea51c985eebedb5b0c27752001a038ffb32e633c152678f5efb78b8dd03ae05,primary_parent,f2ae21e180b652bfebf3d5ddadc548e5a203bc160d1132ebb1cdf640bbc3b27f,hydrophobic_ratio_modlamp,numeric,false,audit_metric_has_no_monotonic_improvement_direction,audit,fraction,0.07692307692307693,0.11538461538461539,0.038461538461538464,,true,5432b578c91a22902450ae185089866ac7e9b4da6ae52bb70a5d29408afddc3f
fgf2,ee70e30c2e2b3f5939eaac565044f05be8b23ddac771ef8e069bee588c0b6292,masked_substitution,5ea51c985eebedb5b0c27752001a038ffb32e633c152678f5efb78b8dd03ae05,primary_parent,f2ae21e180b652bfebf3d5ddadc548e5a203bc160d1132ebb1cdf640bbc3b27f,llamp_log10_mic_um,numeric,true,same_frozen_numeric_contract,minimize,log10(uM),1.645182728767395,1.4460387229919434,-0.19914400577545166,0.19914400577545166,true,be41fe91ef31ea9e60186d596caf10276f73b9acb496381d669b31bdfa605b89
fgf2,ee70e30c2e2b3f5939eaac565044f05be8b23ddac771ef8e069bee588c0b6292,masked_substitution,5ea51c985eebedb5b0c27752001a038ffb32e633c152678f5efb78b8dd03ae05,primary_parent,f2ae21e180b652bfebf3d5ddadc548e5a203bc160d1132ebb1cdf640bbc3b27f,macrel_amp_probability,numeric,true,same_frozen_numeric_contract,maximize,probability,0.396,0.426,0.02999999999999997,0.02999999999999997,true,8a79d531e14f5d9231514af99763b978ffcbf08ae3fe38c9609d1041f90213a3
fgf2,ee70e30c2e2b3f5939eaac565044f05be8b23ddac771ef8e069bee588c0b6292,masked_substitution,5ea51c985eebedb5b0c27752001a038ffb32e633c152678f5efb78b8dd03ae05,primary_parent,f2ae21e180b652bfebf3d5ddadc548e5a203bc160d1132ebb1cdf640bbc3b27f,macrel_hemolysis_label,categorical,true,same_frozen_label_contract,audit,label,low,low,,,false,89a64b46644aa3f8d54e7d1d93f79ee3063ab6d7b00c09b25f6d21a98241192e
fgf2,ee70e30c2e2b3f5939eaac565044f05be8b23ddac771ef8e069bee588c0b6292,masked_substitution,5ea51c985eebedb5b0c27752001a038ffb32e633c152678f5efb78b8dd03ae05,primary_parent,f2ae21e180b652bfebf3d5ddadc548e5a203bc160d1132ebb1cdf640bbc3b27f,macrel_hemolysis_probability,numeric,true,same_frozen_numeric_contract,minimize,probability,0.416,0.446,0.030000000000000027,-0.030000000000000027,true,36a86778b2b932593201d68689994bfd800c277f62493a6d3c24636caf55f3e0
fgf2,ee70e30c2e2b3f5939eaac565044f05be8b23ddac771ef8e069bee588c0b6292,masked_substitution,5ea51c985eebedb5b0c27752001a038ffb32e633c152678f5efb78b8dd03ae05,primary_parent,f2ae21e180b652bfebf3d5ddadc548e5a203bc160d1132ebb1cdf640bbc3b27f,maximum_hydrophobic_run,numeric,true,same_frozen_numeric_contract,minimize,residues,1.0,1.0,0.0,-0.0,false,0caeecda51dafed0e8f4e9d9f8d75fcc7588619d2ae7f9e1dadbe413cccc1b1b
fgf2,ee70e30c2e2b3f5939eaac565044f05be8b23ddac771ef8e069bee588c0b6292,masked_substitution,5ea51c985eebedb5b0c27752001a038ffb32e633c152678f5efb78b8dd03ae05,primary_parent,f2ae21e180b652bfebf3d5ddadc548e5a203bc160d1132ebb1cdf640bbc3b27f,net_charge_ph7_4,numeric,false,audit_metric_has_no_monotonic_improvement_direction,audit,elementary_charge,7.985,7.985,0.0,,false,b5c2f483743230da5a4e87d40a41b64a91cf48d9871fb9a38c2ccd430e05eb22
fgf2,ee70e30c2e2b3f5939eaac565044f05be8b23ddac771ef8e069bee588c0b6292,masked_substitution,5ea51c985eebedb5b0c27752001a038ffb32e633c152678f5efb78b8dd03ae05,primary_parent,f2ae21e180b652bfebf3d5ddadc548e5a203bc160d1132ebb1cdf640bbc3b27f,toxinpred3_hybrid_score,numeric,true,same_frozen_numeric_contract,minimize,dimensionless,0.0,0.0,0.0,-0.0,false,c11f57fc3ef1a2d40533ee366aca19ac485d4621f919554cd59baf235e139ccd
fgf2,ee70e30c2e2b3f5939eaac565044f05be8b23ddac771ef8e069bee588c0b6292,masked_substitution,5ea51c985eebedb5b0c27752001a038ffb32e633c152678f5efb78b8dd03ae05,primary_parent,f2ae21e180b652bfebf3d5ddadc548e5a203bc160d1132ebb1cdf640bbc3b27f,toxinpred3_label,categorical,true,same_frozen_label_contract,audit,label,Non-Toxin,Non-Toxin,,,false,941e95a858ef945d4857604ac03e0d6442bdd125c9173671077beeaedfbcf5ea
fgf2,1531de893731a2221da05e838fc9535e5d340b77d3df8b38ed39cab639df3541,masked_substitution,e03efdc72364de4b4ca6cd60fd0ec9baba4d43440079496d8fd9c62bed144fb1,primary_parent,f2ae21e180b652bfebf3d5ddadc548e5a203bc160d1132ebb1cdf640bbc3b27f,amp_read_log10_mic_um,numeric,true,same_frozen_numeric_contract,minimize,log10(uM),2.597941786798904,2.2952082287559445,-0.3027335580429593,0.3027335580429593,true,565126ceb260c63d72c07797b9d90054d9ad9b38df50a289d6a2472efb638fa9
fgf2,1531de893731a2221da05e838fc9535e5d340b77d3df8b38ed39cab639df3541,masked_substitution,e03efdc72364de4b4ca6cd60fd0ec9baba4d43440079496d8fd9c62bed144fb1,primary_parent,f2ae21e180b652bfebf3d5ddadc548e5a203bc160d1132ebb1cdf640bbc3b27f,guruprasad_instability_index,numeric,true,same_frozen_numeric_contract,minimize,index,29.246154,29.85000000000001,0.6038460000000079,-0.6038460000000079,true,ebcfa0ba33286372cbf0a46b2f9c13bd5e1d7c6f21e87e0675d834ca227de0fc
fgf2,1531de893731a2221da05e838fc9535e5d340b77d3df8b38ed39cab639df3541,masked_substitution,e03efdc72364de4b4ca6cd60fd0ec9baba4d43440079496d8fd9c62bed144fb1,primary_parent,f2ae21e180b652bfebf3d5ddadc548e5a203bc160d1132ebb1cdf640bbc3b27f,hydrophobic_moment_eisenberg,numeric,false,audit_metric_has_no_monotonic_improvement_direction,audit,dimensionless,0.24330416982349223,0.23386754701908505,-0.009436622804407185,,true,cbb9fbb50c36460f5627ebc74a0ce533a7b6323af613793dd0251f749d143d12
fgf2,1531de893731a2221da05e838fc9535e5d340b77d3df8b38ed39cab639df3541,masked_substitution,e03efdc72364de4b4ca6cd60fd0ec9baba4d43440079496d8fd9c62bed144fb1,primary_parent,f2ae21e180b652bfebf3d5ddadc548e5a203bc160d1132ebb1cdf640bbc3b27f,hydrophobic_ratio_modlamp,numeric,false,audit_metric_has_no_monotonic_improvement_direction,audit,fraction,0.07692307692307693,0.07692307692307693,0.0,,false,8defdadb7bc5edc22176f93b8ce8beb83186edaffac50edda736e6b6b015b649
fgf2,1531de893731a2221da05e838fc9535e5d340b77d3df8b38ed39cab639df3541,masked_substitution,e03efdc72364de4b4ca6cd60fd0ec9baba4d43440079496d8fd9c62bed144fb1,primary_parent,f2ae21e180b652bfebf3d5ddadc548e5a203bc160d1132ebb1cdf640bbc3b27f,llamp_log10_mic_um,numeric,true,same_frozen_numeric_contract,minimize,log10(uM),1.645182728767395,1.6319613456726074,-0.013221383094787598,0.013221383094787598,true,e1c87e9deacf4b7cffe69c875695e7ddd4a5dd8196ad135c89ea1a02995598bb
fgf2,1531de893731a2221da05e838fc9535e5d340b77d3df8b38ed39cab639df3541,masked_substitution,e03efdc72364de4b4ca6cd60fd0ec9baba4d43440079496d8fd9c62bed144fb1,primary_parent,f2ae21e180b652bfebf3d5ddadc548e5a203bc160d1132ebb1cdf640bbc3b27f,macrel_amp_probability,numeric,true,same_frozen_numeric_contract,maximize,probability,0.396,0.436,0.03999999999999998,0.03999999999999998,true,aeacbca15865b920438c02cc72e91a7021c049201a787d1a8d4e83017e125b11
fgf2,1531de893731a2221da05e838fc9535e5d340b77d3df8b38ed39cab639df3541,masked_substitution,e03efdc72364de4b4ca6cd60fd0ec9baba4d43440079496d8fd9c62bed144fb1,primary_parent,f2ae21e180b652bfebf3d5ddadc548e5a203bc160d1132ebb1cdf640bbc3b27f,macrel_hemolysis_label,categorical,true,same_frozen_label_contract,audit,label,low,low,,,false,58ebefb59b1166c6fe3a4b6bc2158e386168fe04f25ded77b534315f1af2ca95
fgf2,1531de893731a2221da05e838fc9535e5d340b77d3df8b38ed39cab639df3541,masked_substitution,e03efdc72364de4b4ca6cd60fd0ec9baba4d43440079496d8fd9c62bed144fb1,primary_parent,f2ae21e180b652bfebf3d5ddadc548e5a203bc160d1132ebb1cdf640bbc3b27f,macrel_hemolysis_probability,numeric,true,same_frozen_numeric_contract,minimize,probability,0.416,0.455,0.039000000000000035,-0.039000000000000035,true,6c68102b891e7904c4f0133b6382f0b6fa2439f5dccf96fa11c70b952a16d22a
fgf2,1531de893731a2221da05e838fc9535e5d340b77d3df8b38ed39cab639df3541,masked_substitution,e03efdc72364de4b4ca6cd60fd0ec9baba4d43440079496d8fd9c62bed144fb1,primary_parent,f2ae21e180b652bfebf3d5ddadc548e5a203bc160d1132ebb1cdf640bbc3b27f,maximum_hydrophobic_run,numeric,true,same_frozen_numeric_contract,minimize,residues,1.0,1.0,0.0,-0.0,false,fd7ae2ad3a5ff84472ee24f0b3afdf933ff312754dd4f53a435f4219ab263d8e
fgf2,1531de893731a2221da05e838fc9535e5d340b77d3df8b38ed39cab639df3541,masked_substitution,e03efdc72364de4b4ca6cd60fd0ec9baba4d43440079496d8fd9c62bed144fb1,primary_parent,f2ae21e180b652bfebf3d5ddadc548e5a203bc160d1132ebb1cdf640bbc3b27f,net_charge_ph7_4,numeric,false,audit_metric_has_no_monotonic_improvement_direction,audit,elementary_charge,7.985,7.985,0.0,,false,f0b16c59e8fb90efde6c8978e4d03e683bc84c798634ba612f09de8f9626b28e
fgf2,1531de893731a2221da05e838fc9535e5d340b77d3df8b38ed39cab639df3541,masked_substitution,e03efdc72364de4b4ca6cd60fd0ec9baba4d43440079496d8fd9c62bed144fb1,primary_parent,f2ae21e180b652bfebf3d5ddadc548e5a203bc160d1132ebb1cdf640bbc3b27f,toxinpred3_hybrid_score,numeric,true,same_frozen_numeric_contract,minimize,dimensionless,0.0,0.0,0.0,-0.0,false,86917a5174030955e5c223ff24f02834b2238037214dde39041a0b47e5e6d494
fgf2,1531de893731a2221da05e838fc9535e5d340b77d3df8b38ed39cab639df3541,masked_substitution,e03efdc72364de4b4ca6cd60fd0ec9baba4d43440079496d8fd9c62bed144fb1,primary_parent,f2ae21e180b652bfebf3d5ddadc548e5a203bc160d1132ebb1cdf640bbc3b27f,toxinpred3_label,categorical,true,same_frozen_label_contract,audit,label,Non-Toxin,Non-Toxin,,,false,e74f4f5548194ee40ced74bfadbe12aec605a5ade6187f15edd4b6871ebeeee9
fgf2,546bb51c18de10eb094ab39bcbb5a3047b81da03d7d66e38fc2e5ea8de1a2230,masked_substitution,36919826c4d66e2780e31b6bcd2279e38b1a7e02b0e65c6b3cb0acd838876d0d,primary_parent,f2ae21e180b652bfebf3d5ddadc548e5a203bc160d1132ebb1cdf640bbc3b27f,amp_read_log10_mic_um,numeric,true,same_frozen_numeric_contract,minimize,log10(uM),2.597941786798904,2.3469368195663822,-0.25100496723252164,0.25100496723252164,true,c24d61b0006605c6e22e71404b66ea9836e490c11d4754a8b3d14463e134c832
fgf2,546bb51c18de10eb094ab39bcbb5a3047b81da03d7d66e38fc2e5ea8de1a2230,masked_substitution,36919826c4d66e2780e31b6bcd2279e38b1a7e02b0e65c6b3cb0acd838876d0d,primary_parent,f2ae21e180b652bfebf3d5ddadc548e5a203bc160d1132ebb1cdf640bbc3b27f,guruprasad_instability_index,numeric,true,same_frozen_numeric_contract,minimize,index,29.246154,18.938461538461542,-10.307692461538458,10.307692461538458,true,ec6869aee5be074512fb011ff3ccbc8fe4115fc613383ffda5769638a5a41af9
fgf2,546bb51c18de10eb094ab39bcbb5a3047b81da03d7d66e38fc2e5ea8de1a2230,masked_substitution,36919826c4d66e2780e31b6bcd2279e38b1a7e02b0e65c6b3cb0acd838876d0d,primary_parent,f2ae21e180b652bfebf3d5ddadc548e5a203bc160d1132ebb1cdf640bbc3b27f,hydrophobic_moment_eisenberg,numeric,false,audit_metric_has_no_monotonic_improvement_direction,audit,dimensionless,0.24330416982349223,0.23941922548044686,-0.003884944343045371,,true,d4dd95679a2697982d31da1aa30a64d88c0480f3410c25e148578a21acba5661
fgf2,546bb51c18de10eb094ab39bcbb5a3047b81da03d7d66e38fc2e5ea8de1a2230,masked_substitution,36919826c4d66e2780e31b6bcd2279e38b1a7e02b0e65c6b3cb0acd838876d0d,primary_parent,f2ae21e180b652bfebf3d5ddadc548e5a203bc160d1132ebb1cdf640bbc3b27f,hydrophobic_ratio_modlamp,numeric,false,audit_metric_has_no_monotonic_improvement_direction,audit,fraction,0.07692307692307693,0.07692307692307693,0.0,,false,212b183390b8a9cd7c1fa2b9ae795e015c6a186cb55ee9ad18ea9475efc461de
fgf2,546bb51c18de10eb094ab39bcbb5a3047b81da03d7d66e38fc2e5ea8de1a2230,masked_substitution,36919826c4d66e2780e31b6bcd2279e38b1a7e02b0e65c6b3cb0acd838876d0d,primary_parent,f2ae21e180b652bfebf3d5ddadc548e5a203bc160d1132ebb1cdf640bbc3b27f,llamp_log10_mic_um,numeric,true,same_frozen_numeric_contract,minimize,log10(uM),1.645182728767395,1.5512863397598267,-0.09389638900756836,0.09389638900756836,true,1b1997d2b921dc2d69fad5cc15fd28702447c7da0d49975ace2b98cb640ad868
fgf2,546bb51c18de10eb094ab39bcbb5a3047b81da03d7d66e38fc2e5ea8de1a2230,masked_substitution,36919826c4d66e2780e31b6bcd2279e38b1a7e02b0e65c6b3cb0acd838876d0d,primary_parent,f2ae21e180b652bfebf3d5ddadc548e5a203bc160d1132ebb1cdf640bbc3b27f,macrel_amp_probability,numeric,true,same_frozen_numeric_contract,maximize,probability,0.396,0.406,0.010000000000000009,0.010000000000000009,true,d6bbaa60f13e162148402dc0dd7119d5c55ca837c4a2b70dfb4fa527e67a074f
fgf2,546bb51c18de10eb094ab39bcbb5a3047b81da03d7d66e38fc2e5ea8de1a2230,masked_substitution,36919826c4d66e2780e31b6bcd2279e38b1a7e02b0e65c6b3cb0acd838876d0d,primary_parent,f2ae21e180b652bfebf3d5ddadc548e5a203bc160d1132ebb1cdf640bbc3b27f,macrel_hemolysis_label,categorical,true,same_frozen_label_contract,audit,label,low,low,,,false,9252c8a6e8264b71452a5484058bf57b7b70868f383b8e6bb8688bd54cafe647
fgf2,546bb51c18de10eb094ab39bcbb5a3047b81da03d7d66e38fc2e5ea8de1a2230,masked_substitution,36919826c4d66e2780e31b6bcd2279e38b1a7e02b0e65c6b3cb0acd838876d0d,primary_parent,f2ae21e180b652bfebf3d5ddadc548e5a203bc160d1132ebb1cdf640bbc3b27f,macrel_hemolysis_probability,numeric,true,same_frozen_numeric_contract,minimize,probability,0.416,0.446,0.030000000000000027,-0.030000000000000027,true,d5253ef6d9d46f915314c6079a32b8272fc616d964c67d1b902818a836cac257
fgf2,546bb51c18de10eb094ab39bcbb5a3047b81da03d7d66e38fc2e5ea8de1a2230,masked_substitution,36919826c4d66e2780e31b6bcd2279e38b1a7e02b0e65c6b3cb0acd838876d0d,primary_parent,f2ae21e180b652bfebf3d5ddadc548e5a203bc160d1132ebb1cdf640bbc3b27f,maximum_hydrophobic_run,numeric,true,same_frozen_numeric_contract,minimize,residues,1.0,1.0,0.0,-0.0,false,e791b461e37a170ee0d552e690d171e438b2b13ed65f4cd02ea6e90d046e90ee
fgf2,546bb51c18de10eb094ab39bcbb5a3047b81da03d7d66e38fc2e5ea8de1a2230,masked_substitution,36919826c4d66e2780e31b6bcd2279e38b1a7e02b0e65c6b3cb0acd838876d0d,primary_parent,f2ae21e180b652bfebf3d5ddadc548e5a203bc160d1132ebb1cdf640bbc3b27f,net_charge_ph7_4,numeric,false,audit_metric_has_no_monotonic_improvement_direction,audit,elementary_charge,7.985,7.983,-0.002000000000000668,,true,7e37c47b09b5645ad7ed044275af28d51c5d58ea15cbacb0b717d38209034e67
fgf2,546bb51c18de10eb094ab39bcbb5a3047b81da03d7d66e38fc2e5ea8de1a2230,masked_substitution,36919826c4d66e2780e31b6bcd2279e38b1a7e02b0e65c6b3cb0acd838876d0d,primary_parent,f2ae21e180b652bfebf3d5ddadc548e5a203bc160d1132ebb1cdf640bbc3b27f,toxinpred3_hybrid_score,numeric,true,same_frozen_numeric_contract,minimize,dimensionless,0.0,0.0,0.0,-0.0,false,ab294f8890ff4c521edab259c81c80c393b7c9d4926bb91a0d55ca752c6926a6
fgf2,546bb51c18de10eb094ab39bcbb5a3047b81da03d7d66e38fc2e5ea8de1a2230,masked_substitution,36919826c4d66e2780e31b6bcd2279e38b1a7e02b0e65c6b3cb0acd838876d0d,primary_parent,f2ae21e180b652bfebf3d5ddadc548e5a203bc160d1132ebb1cdf640bbc3b27f,toxinpred3_label,categorical,true,same_frozen_label_contract,audit,label,Non-Toxin,Non-Toxin,,,false,3435d89784904bc592578cc803dd33a77c8e10cc1635020509fab2479dabe0dc
fgf2,15b22d9816b5405f9e2ebe403721c3b5b222f93261288622a5053b646187c8af,masked_substitution,6744c45a4e8f75cd352f15969b96b51d966d238777c89b1fc297ca0b10c2a8cb,primary_parent,f2ae21e180b652bfebf3d5ddadc548e5a203bc160d1132ebb1cdf640bbc3b27f,amp_read_log10_mic_um,numeric,true,same_frozen_numeric_contract,minimize,log10(uM),2.597941786798904,2.4909423800646042,-0.10699940673429964,0.10699940673429964,true,1ac2dc94d0151825b9836c7e7818f038e40903713f146551ba39dda8a1e66e58
fgf2,15b22d9816b5405f9e2ebe403721c3b5b222f93261288622a5053b646187c8af,masked_substitution,6744c45a4e8f75cd352f15969b96b51d966d238777c89b1fc297ca0b10c2a8cb,primary_parent,f2ae21e180b652bfebf3d5ddadc548e5a203bc160d1132ebb1cdf640bbc3b27f,guruprasad_instability_index,numeric,true,same_frozen_numeric_contract,minimize,index,29.246154,21.838461538461544,-7.407692461538456,7.407692461538456,true,efebed91332fd167d841bd285ec2ced575a3e363e09940fd0998f42569b79e57
fgf2,15b22d9816b5405f9e2ebe403721c3b5b222f93261288622a5053b646187c8af,masked_substitution,6744c45a4e8f75cd352f15969b96b51d966d238777c89b1fc297ca0b10c2a8cb,primary_parent,f2ae21e180b652bfebf3d5ddadc548e5a203bc160d1132ebb1cdf640bbc3b27f,hydrophobic_moment_eisenberg,numeric,false,audit_metric_has_no_monotonic_improvement_direction,audit,dimensionless,0.24330416982349223,0.29491067146862676,0.05160650164513453,,true,508b960ed5cc559c7386f71e5d2cb361bc17ce99344f1d1c18223ff2b076643d
fgf2,15b22d9816b5405f9e2ebe403721c3b5b222f93261288622a5053b646187c8af,masked_substitution,6744c45a4e8f75cd352f15969b96b51d966d238777c89b1fc297ca0b10c2a8cb,primary_parent,f2ae21e180b652bfebf3d5ddadc548e5a203bc160d1132ebb1cdf640bbc3b27f,hydrophobic_ratio_modlamp,numeric,false,audit_metric_has_no_monotonic_improvement_direction,audit,fraction,0.07692307692307693,0.11538461538461539,0.038461538461538464,,true,01a0d69f3969d1c82e64a4127e7e16facfa26fc5663f8f5f0dea3c33296d531e
fgf2,15b22d9816b5405f9e2ebe403721c3b5b222f93261288622a5053b646187c8af,masked_substitution,6744c45a4e8f75cd352f15969b96b51d966d238777c89b1fc297ca0b10c2a8cb,primary_parent,f2ae21e180b652bfebf3d5ddadc548e5a203bc160d1132ebb1cdf640bbc3b27f,llamp_log10_mic_um,numeric,true,same_frozen_numeric_contract,minimize,log10(uM),1.645182728767395,1.3408442735671997,-0.3043384552001953,0.3043384552001953,true,2184635684d7a2d9fb7d7b0d81096fb3d6c1be77bb971bd436be0056c3093a8d
fgf2,15b22d9816b5405f9e2ebe403721c3b5b222f93261288622a5053b646187c8af,masked_substitution,6744c45a4e8f75cd352f15969b96b51d966d238777c89b1fc297ca0b10c2a8cb,primary_parent,f2ae21e180b652bfebf3d5ddadc548e5a203bc160d1132ebb1cdf640bbc3b27f,macrel_amp_probability,numeric,true,same_frozen_numeric_contract,maximize,probability,0.396,0.297,-0.09900000000000003,-0.09900000000000003,true,28f67fea8037fc747e288ad61e6f0a7c6d344dc0809a0da53bdcd657e0a60d8b
fgf2,15b22d9816b5405f9e2ebe403721c3b5b222f93261288622a5053b646187c8af,masked_substitution,6744c45a4e8f75cd352f15969b96b51d966d238777c89b1fc297ca0b10c2a8cb,primary_parent,f2ae21e180b652bfebf3d5ddadc548e5a203bc160d1132ebb1cdf640bbc3b27f,macrel_hemolysis_label,categorical,true,same_frozen_label_contract,audit,label,low,low,,,false,a3b9a1216bdbad974f2821a5cf99bf39d0fcf8cdf532ba17d8d2bf96dd9c03ff
fgf2,15b22d9816b5405f9e2ebe403721c3b5b222f93261288622a5053b646187c8af,masked_substitution,6744c45a4e8f75cd352f15969b96b51d966d238777c89b1fc297ca0b10c2a8cb,primary_parent,f2ae21e180b652bfebf3d5ddadc548e5a203bc160d1132ebb1cdf640bbc3b27f,macrel_hemolysis_probability,numeric,true,same_frozen_numeric_contract,minimize,probability,0.416,0.376,-0.03999999999999998,0.03999999999999998,true,23c1632c17207ab187ae04ccade980783f917e061d9985e4e1b1dfc6b78c5a55
fgf2,15b22d9816b5405f9e2ebe403721c3b5b222f93261288622a5053b646187c8af,masked_substitution,6744c45a4e8f75cd352f15969b96b51d966d238777c89b1fc297ca0b10c2a8cb,primary_parent,f2ae21e180b652bfebf3d5ddadc548e5a203bc160d1132ebb1cdf640bbc3b27f,maximum_hydrophobic_run,numeric,true,same_frozen_numeric_contract,minimize,residues,1.0,1.0,0.0,-0.0,false,a0a4fbe9ca9a4bbd7248b5676af17b0c6ca2c1935f429e9a0370230f0ed73ab6
fgf2,15b22d9816b5405f9e2ebe403721c3b5b222f93261288622a5053b646187c8af,masked_substitution,6744c45a4e8f75cd352f15969b96b51d966d238777c89b1fc297ca0b10c2a8cb,primary_parent,f2ae21e180b652bfebf3d5ddadc548e5a203bc160d1132ebb1cdf640bbc3b27f,net_charge_ph7_4,numeric,false,audit_metric_has_no_monotonic_improvement_direction,audit,elementary_charge,7.985,8.984,0.9989999999999997,,true,7f055cca6b5199ccb4708c41bb0a05ad9abe065ed4bce5a5bc70bb6635bc6551
fgf2,15b22d9816b5405f9e2ebe403721c3b5b222f93261288622a5053b646187c8af,masked_substitution,6744c45a4e8f75cd352f15969b96b51d966d238777c89b1fc297ca0b10c2a8cb,primary_parent,f2ae21e180b652bfebf3d5ddadc548e5a203bc160d1132ebb1cdf640bbc3b27f,toxinpred3_hybrid_score,numeric,true,same_frozen_numeric_contract,minimize,dimensionless,0.0,0.0,0.0,-0.0,false,ebf26321be4fe3acfe8654821bbeba904aa9b2ac32faa2be4954a744aeb192c0
fgf2,15b22d9816b5405f9e2ebe403721c3b5b222f93261288622a5053b646187c8af,masked_substitution,6744c45a4e8f75cd352f15969b96b51d966d238777c89b1fc297ca0b10c2a8cb,primary_parent,f2ae21e180b652bfebf3d5ddadc548e5a203bc160d1132ebb1cdf640bbc3b27f,toxinpred3_label,categorical,true,same_frozen_label_contract,audit,label,Non-Toxin,Non-Toxin,,,false,fd4644b1a53ca5962fbef678e58405a4b1dd191186d2597761e9091d9c8039cb
fgf2,86a4a7ca2d5e988960dfe44e22a686fba68caa3524a2f026b0e3a6cf9d09af6e,masked_substitution,51a3489d8e491fceae8ab335abec6e459a146eabc09dd70dc54f024ed3d01cb2,primary_parent,f2ae21e180b652bfebf3d5ddadc548e5a203bc160d1132ebb1cdf640bbc3b27f,amp_read_log10_mic_um,numeric,true,same_frozen_numeric_contract,minimize,log10(uM),2.597941786798904,2.4040618137118983,-0.19387997308700555,0.19387997308700555,true,33a14d85249fe91284d36cb57bd44c51b4753533d5125a8c2b349b112181aa1c
fgf2,86a4a7ca2d5e988960dfe44e22a686fba68caa3524a2f026b0e3a6cf9d09af6e,masked_substitution,51a3489d8e491fceae8ab335abec6e459a146eabc09dd70dc54f024ed3d01cb2,primary_parent,f2ae21e180b652bfebf3d5ddadc548e5a203bc160d1132ebb1cdf640bbc3b27f,guruprasad_instability_index,numeric,true,same_frozen_numeric_contract,minimize,index,29.246154,21.838461538461544,-7.407692461538456,7.407692461538456,true,037eb3f5c43d0a5686fb9714bea0e4bb01fac1964391bf0895ea1f48c084ad2c
fgf2,86a4a7ca2d5e988960dfe44e22a686fba68caa3524a2f026b0e3a6cf9d09af6e,masked_substitution,51a3489d8e491fceae8ab335abec6e459a146eabc09dd70dc54f024ed3d01cb2,primary_parent,f2ae21e180b652bfebf3d5ddadc548e5a203bc160d1132ebb1cdf640bbc3b27f,hydrophobic_moment_eisenberg,numeric,false,audit_metric_has_no_monotonic_improvement_direction,audit,dimensionless,0.24330416982349223,0.32460981992076465,0.08130565009727242,,true,66e4f1cbd596906e78ce345ce183ec8e74a1985a35c325fcf79ed80e27b96e6b
fgf2,86a4a7ca2d5e988960dfe44e22a686fba68caa3524a2f026b0e3a6cf9d09af6e,masked_substitution,51a3489d8e491fceae8ab335abec6e459a146eabc09dd70dc54f024ed3d01cb2,primary_parent,f2ae21e180b652bfebf3d5ddadc548e5a203bc160d1132ebb1cdf640bbc3b27f,hydrophobic_ratio_modlamp,numeric,false,audit_metric_has_no_monotonic_improvement_direction,audit,fraction,0.07692307692307693,0.11538461538461539,0.038461538461538464,,true,f43ba1ef47247b88679336c1104eed875d2d0ae1f06b9b1191ec61fb91eaa877
fgf2,86a4a7ca2d5e988960dfe44e22a686fba68caa3524a2f026b0e3a6cf9d09af6e,masked_substitution,51a3489d8e491fceae8ab335abec6e459a146eabc09dd70dc54f024ed3d01cb2,primary_parent,f2ae21e180b652bfebf3d5ddadc548e5a203bc160d1132ebb1cdf640bbc3b27f,llamp_log10_mic_um,numeric,true,same_frozen_numeric_contract,minimize,log10(uM),1.645182728767395,1.6006983518600464,-0.04448437690734863,0.04448437690734863,true,7709bc67a38ed48fbfb57d0dbd0020753c9cb619e6ff0ea9b43232ec7a4a064c
fgf2,86a4a7ca2d5e988960dfe44e22a686fba68caa3524a2f026b0e3a6cf9d09af6e,masked_substitution,51a3489d8e491fceae8ab335abec6e459a146eabc09dd70dc54f024ed3d01cb2,primary_parent,f2ae21e180b652bfebf3d5ddadc548e5a203bc160d1132ebb1cdf640bbc3b27f,macrel_amp_probability,numeric,true,same_frozen_numeric_contract,maximize,probability,0.396,0.307,-0.08900000000000002,-0.08900000000000002,true,532e22b8a3b4ad0af5a498ef1a17b924ef6fedfc006d8d7c60b87e9e0b81bf48
fgf2,86a4a7ca2d5e988960dfe44e22a686fba68caa3524a2f026b0e3a6cf9d09af6e,masked_substitution,51a3489d8e491fceae8ab335abec6e459a146eabc09dd70dc54f024ed3d01cb2,primary_parent,f2ae21e180b652bfebf3d5ddadc548e5a203bc160d1132ebb1cdf640bbc3b27f,macrel_hemolysis_label,categorical,true,same_frozen_label_contract,audit,label,low,low,,,false,16b6bc28744767ad328c1e182f9e24e0c3765f1939543bdf79d81fbe7c9cb1d6
fgf2,86a4a7ca2d5e988960dfe44e22a686fba68caa3524a2f026b0e3a6cf9d09af6e,masked_substitution,51a3489d8e491fceae8ab335abec6e459a146eabc09dd70dc54f024ed3d01cb2,primary_parent,f2ae21e180b652bfebf3d5ddadc548e5a203bc160d1132ebb1cdf640bbc3b27f,macrel_hemolysis_probability,numeric,true,same_frozen_numeric_contract,minimize,probability,0.416,0.416,0.0,-0.0,false,02afd64785ac3c1a48450c3acb1257a419e5e2287f4f594baacf920bf833384f
fgf2,86a4a7ca2d5e988960dfe44e22a686fba68caa3524a2f026b0e3a6cf9d09af6e,masked_substitution,51a3489d8e491fceae8ab335abec6e459a146eabc09dd70dc54f024ed3d01cb2,primary_parent,f2ae21e180b652bfebf3d5ddadc548e5a203bc160d1132ebb1cdf640bbc3b27f,maximum_hydrophobic_run,numeric,true,same_frozen_numeric_contract,minimize,residues,1.0,1.0,0.0,-0.0,false,37e155fd3deccde7f915c995b986753d8e5b939aa4e9517dc7deae322ce5d58f
fgf2,86a4a7ca2d5e988960dfe44e22a686fba68caa3524a2f026b0e3a6cf9d09af6e,masked_substitution,51a3489d8e491fceae8ab335abec6e459a146eabc09dd70dc54f024ed3d01cb2,primary_parent,f2ae21e180b652bfebf3d5ddadc548e5a203bc160d1132ebb1cdf640bbc3b27f,net_charge_ph7_4,numeric,false,audit_metric_has_no_monotonic_improvement_direction,audit,elementary_charge,7.985,8.984,0.9989999999999997,,true,dd4bcbdaffd0a5108d217ac6e8bfbf09ee7c5857c369aab58ff3ab98a797db1b
fgf2,86a4a7ca2d5e988960dfe44e22a686fba68caa3524a2f026b0e3a6cf9d09af6e,masked_substitution,51a3489d8e491fceae8ab335abec6e459a146eabc09dd70dc54f024ed3d01cb2,primary_parent,f2ae21e180b652bfebf3d5ddadc548e5a203bc160d1132ebb1cdf640bbc3b27f,toxinpred3_hybrid_score,numeric,true,same_frozen_numeric_contract,minimize,dimensionless,0.0,0.0,0.0,-0.0,false,99c86e0dff9a36e6d2778731d95d8c622887100c7340768be8c4a0443cba109d
fgf2,86a4a7ca2d5e988960dfe44e22a686fba68caa3524a2f026b0e3a6cf9d09af6e,masked_substitution,51a3489d8e491fceae8ab335abec6e459a146eabc09dd70dc54f024ed3d01cb2,primary_parent,f2ae21e180b652bfebf3d5ddadc548e5a203bc160d1132ebb1cdf640bbc3b27f,toxinpred3_label,categorical,true,same_frozen_label_contract,audit,label,Non-Toxin,Non-Toxin,,,false,ee3dcefd5a5d5eee491e676bb3ec199b15f31c1106340b736d04056a700ad6c3
fgf2,9da108346c1b27004c57104583121cefbfa95a45ac734055950c7f2ae8337711,masked_substitution,061058950002853a13dc371fc0c519fdc543ac9cc3145fc9fbe60eabfef2f901,primary_parent,f2ae21e180b652bfebf3d5ddadc548e5a203bc160d1132ebb1cdf640bbc3b27f,amp_read_log10_mic_um,numeric,true,same_frozen_numeric_contract,minimize,log10(uM),2.597941786798904,2.5371463221639656,-0.060795464634938234,0.060795464634938234,true,b4086e1a88791989a501edefa6423b9a4406149672e9520a8651cb7da47032e3
fgf2,9da108346c1b27004c57104583121cefbfa95a45ac734055950c7f2ae8337711,masked_substitution,061058950002853a13dc371fc0c519fdc543ac9cc3145fc9fbe60eabfef2f901,primary_parent,f2ae21e180b652bfebf3d5ddadc548e5a203bc160d1132ebb1cdf640bbc3b27f,guruprasad_instability_index,numeric,true,same_frozen_numeric_contract,minimize,index,29.246154,29.24615384615385,-1.5384615181801564e-07,1.5384615181801564e-07,true,7636a51c8e393f84014045a9342d72dbdea1356fe0c170388543761c072cca85
fgf2,9da108346c1b27004c57104583121cefbfa95a45ac734055950c7f2ae8337711,masked_substitution,061058950002853a13dc371fc0c519fdc543ac9cc3145fc9fbe60eabfef2f901,primary_parent,f2ae21e180b652bfebf3d5ddadc548e5a203bc160d1132ebb1cdf640bbc3b27f,hydrophobic_moment_eisenberg,numeric,false,audit_metric_has_no_monotonic_improvement_direction,audit,dimensionless,0.24330416982349223,0.3131802837237905,0.06987611390029824,,true,db4a2f2257c51b553aed5161a815ca7904f64c7b18b0fad5e5daca4f7cf338f7
fgf2,9da108346c1b27004c57104583121cefbfa95a45ac734055950c7f2ae8337711,masked_substitution,061058950002853a13dc371fc0c519fdc543ac9cc3145fc9fbe60eabfef2f901,primary_parent,f2ae21e180b652bfebf3d5ddadc548e5a203bc160d1132ebb1cdf640bbc3b27f,hydrophobic_ratio_modlamp,numeric,false,audit_metric_has_no_monotonic_improvement_direction,audit,fraction,0.07692307692307693,0.11538461538461539,0.038461538461538464,,true,01f95037d1f357201c8e8b582fcf02745997c9745b0b7a771ecab2fc55df7d59
fgf2,9da108346c1b27004c57104583121cefbfa95a45ac734055950c7f2ae8337711,masked_substitution,061058950002853a13dc371fc0c519fdc543ac9cc3145fc9fbe60eabfef2f901,primary_parent,f2ae21e180b652bfebf3d5ddadc548e5a203bc160d1132ebb1cdf640bbc3b27f,llamp_log10_mic_um,numeric,true,same_frozen_numeric_contract,minimize,log10(uM),1.645182728767395,1.621052622795105,-0.02413010597229004,0.02413010597229004,true,f93cd22bc04691262419857b0c285f3aac595e77808da97be4a80cc0d7057a5e
fgf2,9da108346c1b27004c57104583121cefbfa95a45ac734055950c7f2ae8337711,masked_substitution,061058950002853a13dc371fc0c519fdc543ac9cc3145fc9fbe60eabfef2f901,primary_parent,f2ae21e180b652bfebf3d5ddadc548e5a203bc160d1132ebb1cdf640bbc3b27f,macrel_amp_probability,numeric,true,same_frozen_numeric_contract,maximize,probability,0.396,0.307,-0.08900000000000002,-0.08900000000000002,true,84a0af5e2800f8a040d9fcd06089ab2dfb6447b49f292be7bbbfece3139a538c
fgf2,9da108346c1b27004c57104583121cefbfa95a45ac734055950c7f2ae8337711,masked_substitution,061058950002853a13dc371fc0c519fdc543ac9cc3145fc9fbe60eabfef2f901,primary_parent,f2ae21e180b652bfebf3d5ddadc548e5a203bc160d1132ebb1cdf640bbc3b27f,macrel_hemolysis_label,categorical,true,same_frozen_label_contract,audit,label,low,low,,,false,7a4cf9fbfcdc82e1c3400ad7f9e9fa97bbb307e283b46c9fe3a9923e8e5cd551
fgf2,9da108346c1b27004c57104583121cefbfa95a45ac734055950c7f2ae8337711,masked_substitution,061058950002853a13dc371fc0c519fdc543ac9cc3145fc9fbe60eabfef2f901,primary_parent,f2ae21e180b652bfebf3d5ddadc548e5a203bc160d1132ebb1cdf640bbc3b27f,macrel_hemolysis_probability,numeric,true,same_frozen_numeric_contract,minimize,probability,0.416,0.396,-0.019999999999999962,0.019999999999999962,true,0d30178acd23564d43d60876a2e0244502486d87ba158a12a22a60e3c8448630
fgf2,9da108346c1b27004c57104583121cefbfa95a45ac734055950c7f2ae8337711,masked_substitution,061058950002853a13dc371fc0c519fdc543ac9cc3145fc9fbe60eabfef2f901,primary_parent,f2ae21e180b652bfebf3d5ddadc548e5a203bc160d1132ebb1cdf640bbc3b27f,maximum_hydrophobic_run,numeric,true,same_frozen_numeric_contract,minimize,residues,1.0,1.0,0.0,-0.0,false,be202e3c79a56c02033939f933adb8248159b56400e4cb44207d995770e7dc9c
fgf2,9da108346c1b27004c57104583121cefbfa95a45ac734055950c7f2ae8337711,masked_substitution,061058950002853a13dc371fc0c519fdc543ac9cc3145fc9fbe60eabfef2f901,primary_parent,f2ae21e180b652bfebf3d5ddadc548e5a203bc160d1132ebb1cdf640bbc3b27f,net_charge_ph7_4,numeric,false,audit_metric_has_no_monotonic_improvement_direction,audit,elementary_charge,7.985,8.984,0.9989999999999997,,true,29b9b2e24300f866e142ae97c29f9e77fde0f841c5308f4598d12f05a3720bf5
fgf2,9da108346c1b27004c57104583121cefbfa95a45ac734055950c7f2ae8337711,masked_substitution,061058950002853a13dc371fc0c519fdc543ac9cc3145fc9fbe60eabfef2f901,primary_parent,f2ae21e180b652bfebf3d5ddadc548e5a203bc160d1132ebb1cdf640bbc3b27f,toxinpred3_hybrid_score,numeric,true,same_frozen_numeric_contract,minimize,dimensionless,0.0,0.0,0.0,-0.0,false,ae19587b5709d08a4789b040e35b461e16386bbffaa530b918285a2165d9ceab
fgf2,9da108346c1b27004c57104583121cefbfa95a45ac734055950c7f2ae8337711,masked_substitution,061058950002853a13dc371fc0c519fdc543ac9cc3145fc9fbe60eabfef2f901,primary_parent,f2ae21e180b652bfebf3d5ddadc548e5a203bc160d1132ebb1cdf640bbc3b27f,toxinpred3_label,categorical,true,same_frozen_label_contract,audit,label,Non-Toxin,Non-Toxin,,,false,b9b83f6e5d7ee42c1fe387b6e483d826dcdc39515f38014015b7c5a7af738f1d
fgf2,1a5eddeec445058422efaf269c18f2e41a21d60a74c0ce065f19f609ba65eb3d,masked_substitution,6f6cacd6d80f10960aedf58647e350c081049b1148e27ded9262212e7f8c15e0,primary_parent,f2ae21e180b652bfebf3d5ddadc548e5a203bc160d1132ebb1cdf640bbc3b27f,amp_read_log10_mic_um,numeric,true,same_frozen_numeric_contract,minimize,log10(uM),2.597941786798904,2.4364879976060747,-0.16145378919282916,0.16145378919282916,true,b8599ee2d65c70c55e74a4868c1b478f1ff8b31f1a2b73dbeef023444a9956e5
fgf2,1a5eddeec445058422efaf269c18f2e41a21d60a74c0ce065f19f609ba65eb3d,masked_substitution,6f6cacd6d80f10960aedf58647e350c081049b1148e27ded9262212e7f8c15e0,primary_parent,f2ae21e180b652bfebf3d5ddadc548e5a203bc160d1132ebb1cdf640bbc3b27f,guruprasad_instability_index,numeric,true,same_frozen_numeric_contract,minimize,index,29.246154,26.584615384615386,-2.6615386153846146,2.6615386153846146,true,c2e5da6fafa8311c40dada41bc4608d44e04a4b5a59a3714a0d4941f0761cccb
fgf2,1a5eddeec445058422efaf269c18f2e41a21d60a74c0ce065f19f609ba65eb3d,masked_substitution,6f6cacd6d80f10960aedf58647e350c081049b1148e27ded9262212e7f8c15e0,primary_parent,f2ae21e180b652bfebf3d5ddadc548e5a203bc160d1132ebb1cdf640bbc3b27f,hydrophobic_moment_eisenberg,numeric,false,audit_metric_has_no_monotonic_improvement_direction,audit,dimensionless,0.24330416982349223,0.31698925219380825,0.07368508237031601,,true,77cf6327cf25f7338722d87323a63e13df41e50d6a1c2ee353062c514a67d802
fgf2,1a5eddeec445058422efaf269c18f2e41a21d60a74c0ce065f19f609ba65eb3d,masked_substitution,6f6cacd6d80f10960aedf58647e350c081049b1148e27ded9262212e7f8c15e0,primary_parent,f2ae21e180b652bfebf3d5ddadc548e5a203bc160d1132ebb1cdf640bbc3b27f,hydrophobic_ratio_modlamp,numeric,false,audit_metric_has_no_monotonic_improvement_direction,audit,fraction,0.07692307692307693,0.11538461538461539,0.038461538461538464,,true,b980ddd620794a634c9391b117b3972ccebfc2f993adaaafc6c163871dfa59f5
fgf2,1a5eddeec445058422efaf269c18f2e41a21d60a74c0ce065f19f609ba65eb3d,masked_substitution,6f6cacd6d80f10960aedf58647e350c081049b1148e27ded9262212e7f8c15e0,primary_parent,f2ae21e180b652bfebf3d5ddadc548e5a203bc160d1132ebb1cdf640bbc3b27f,llamp_log10_mic_um,numeric,true,same_frozen_numeric_contract,minimize,log10(uM),1.645182728767395,1.586949348449707,-0.05823338031768799,0.05823338031768799,true,49424be139073103ba19b524eebaf1eb5f2093f62d9757b7ec3e48baccca5988
fgf2,1a5eddeec445058422efaf269c18f2e41a21d60a74c0ce065f19f609ba65eb3d,masked_substitution,6f6cacd6d80f10960aedf58647e350c081049b1148e27ded9262212e7f8c15e0,primary_parent,f2ae21e180b652bfebf3d5ddadc548e5a203bc160d1132ebb1cdf640bbc3b27f,macrel_amp_probability,numeric,true,same_frozen_numeric_contract,maximize,probability,0.396,0.386,-0.010000000000000009,-0.010000000000000009,true,31c625eff47dce7278be2da9aa98fa9cdc5b49f0f003e5776eada63e974a3faf
fgf2,1a5eddeec445058422efaf269c18f2e41a21d60a74c0ce065f19f609ba65eb3d,masked_substitution,6f6cacd6d80f10960aedf58647e350c081049b1148e27ded9262212e7f8c15e0,primary_parent,f2ae21e180b652bfebf3d5ddadc548e5a203bc160d1132ebb1cdf640bbc3b27f,macrel_hemolysis_label,categorical,true,same_frozen_label_contract,audit,label,low,low,,,false,3804b8de8400435ba80dc31d98f3010a3cc3178b01efa1d46c72c94e712e9875
fgf2,1a5eddeec445058422efaf269c18f2e41a21d60a74c0ce065f19f609ba65eb3d,masked_substitution,6f6cacd6d80f10960aedf58647e350c081049b1148e27ded9262212e7f8c15e0,primary_parent,f2ae21e180b652bfebf3d5ddadc548e5a203bc160d1132ebb1cdf640bbc3b27f,macrel_hemolysis_probability,numeric,true,same_frozen_numeric_contract,minimize,probability,0.416,0.436,0.020000000000000018,-0.020000000000000018,true,fb42f4d48a04e346ffa01dcf28ccbf054a91b0a84288673f6a76d99c940333d4
fgf2,1a5eddeec445058422efaf269c18f2e41a21d60a74c0ce065f19f609ba65eb3d,masked_substitution,6f6cacd6d80f10960aedf58647e350c081049b1148e27ded9262212e7f8c15e0,primary_parent,f2ae21e180b652bfebf3d5ddadc548e5a203bc160d1132ebb1cdf640bbc3b27f,maximum_hydrophobic_run,numeric,true,same_frozen_numeric_contract,minimize,residues,1.0,1.0,0.0,-0.0,false,24b5db32ecc22ddc172ee895bea8c37c6f4b632987f27d9c1068081bc986443e
fgf2,1a5eddeec445058422efaf269c18f2e41a21d60a74c0ce065f19f609ba65eb3d,masked_substitution,6f6cacd6d80f10960aedf58647e350c081049b1148e27ded9262212e7f8c15e0,primary_parent,f2ae21e180b652bfebf3d5ddadc548e5a203bc160d1132ebb1cdf640bbc3b27f,net_charge_ph7_4,numeric,false,audit_metric_has_no_monotonic_improvement_direction,audit,elementary_charge,7.985,8.984,0.9989999999999997,,true,90848e6b9cf386ce6fef663a3c8c200004054f883501169067a21751a68f9212
fgf2,1a5eddeec445058422efaf269c18f2e41a21d60a74c0ce065f19f609ba65eb3d,masked_substitution,6f6cacd6d80f10960aedf58647e350c081049b1148e27ded9262212e7f8c15e0,primary_parent,f2ae21e180b652bfebf3d5ddadc548e5a203bc160d1132ebb1cdf640bbc3b27f,toxinpred3_hybrid_score,numeric,true,same_frozen_numeric_contract,minimize,dimensionless,0.0,0.0,0.0,-0.0,false,7e2bc6e1d8659cfb5a81d5687ff54c9057d4cdddbc7a97e0b7716a6ea9fe2deb
fgf2,1a5eddeec445058422efaf269c18f2e41a21d60a74c0ce065f19f609ba65eb3d,masked_substitution,6f6cacd6d80f10960aedf58647e350c081049b1148e27ded9262212e7f8c15e0,primary_parent,f2ae21e180b652bfebf3d5ddadc548e5a203bc160d1132ebb1cdf640bbc3b27f,toxinpred3_label,categorical,true,same_frozen_label_contract,audit,label,Non-Toxin,Non-Toxin,,,false,ca3d6c9a1d70d4cdc13b0f01a5db8c669b3b6a02795af73b42bbfd204a49654b
fgf2,30d751d53293a7d531f45f22fc0cfa4e2caf77c68fcfee8207ed5fc8d1e5d94b,masked_substitution,8b2b3371d0b6921a98e4fba1f1fdca01643adc3413ce91f9a507e921f7a2259b,primary_parent,f2ae21e180b652bfebf3d5ddadc548e5a203bc160d1132ebb1cdf640bbc3b27f,amp_read_log10_mic_um,numeric,true,same_frozen_numeric_contract,minimize,log10(uM),2.597941786798904,2.4373880075869416,-0.16055377921196223,0.16055377921196223,true,47bdde1d0482060bfc144c05c0d0faa9488e9d53a129896e65cf4d8351930479
fgf2,30d751d53293a7d531f45f22fc0cfa4e2caf77c68fcfee8207ed5fc8d1e5d94b,masked_substitution,8b2b3371d0b6921a98e4fba1f1fdca01643adc3413ce91f9a507e921f7a2259b,primary_parent,f2ae21e180b652bfebf3d5ddadc548e5a203bc160d1132ebb1cdf640bbc3b27f,guruprasad_instability_index,numeric,true,same_frozen_numeric_contract,minimize,index,29.246154,16.05769230769231,-13.18846169230769,13.18846169230769,true,4356e0058e2a5f9620e2016a849588002e4430494afb15ee5563e57e5bca4b3e
fgf2,30d751d53293a7d531f45f22fc0cfa4e2caf77c68fcfee8207ed5fc8d1e5d94b,masked_substitution,8b2b3371d0b6921a98e4fba1f1fdca01643adc3413ce91f9a507e921f7a2259b,primary_parent,f2ae21e180b652bfebf3d5ddadc548e5a203bc160d1132ebb1cdf640bbc3b27f,hydrophobic_moment_eisenberg,numeric,false,audit_metric_has_no_monotonic_improvement_direction,audit,dimensionless,0.24330416982349223,0.302139603024333,0.05883543320084078,,true,143404a9498ddf1ee496e90ac4d8c011b5b42e3b36135e9f021919f460ab2fd9
fgf2,30d751d53293a7d531f45f22fc0cfa4e2caf77c68fcfee8207ed5fc8d1e5d94b,masked_substitution,8b2b3371d0b6921a98e4fba1f1fdca01643adc3413ce91f9a507e921f7a2259b,primary_parent,f2ae21e180b652bfebf3d5ddadc548e5a203bc160d1132ebb1cdf640bbc3b27f,hydrophobic_ratio_modlamp,numeric,false,audit_metric_has_no_monotonic_improvement_direction,audit,fraction,0.07692307692307693,0.07692307692307693,0.0,,false,b3001cf78f587f2e2215a3628284810c58c88d9468e3f3cee55e35e9d0983ffe
fgf2,30d751d53293a7d531f45f22fc0cfa4e2caf77c68fcfee8207ed5fc8d1e5d94b,masked_substitution,8b2b3371d0b6921a98e4fba1f1fdca01643adc3413ce91f9a507e921f7a2259b,primary_parent,f2ae21e180b652bfebf3d5ddadc548e5a203bc160d1132ebb1cdf640bbc3b27f,llamp_log10_mic_um,numeric,true,same_frozen_numeric_contract,minimize,log10(uM),1.645182728767395,1.5967298746109009,-0.04845285415649414,0.04845285415649414,true,b7599632fd34b223d818ef27e4bc177946916e2cf897e7bb7cec8f596379cb85
fgf2,30d751d53293a7d531f45f22fc0cfa4e2caf77c68fcfee8207ed5fc8d1e5d94b,masked_substitution,8b2b3371d0b6921a98e4fba1f1fdca01643adc3413ce91f9a507e921f7a2259b,primary_parent,f2ae21e180b652bfebf3d5ddadc548e5a203bc160d1132ebb1cdf640bbc3b27f,macrel_amp_probability,numeric,true,same_frozen_numeric_contract,maximize,probability,0.396,0.386,-0.010000000000000009,-0.010000000000000009,true,16f589995ee45f31f78e7a0b023ceb83a60a0ec95fc1fd8695a3890ca96fef73
fgf2,30d751d53293a7d531f45f22fc0cfa4e2caf77c68fcfee8207ed5fc8d1e5d94b,masked_substitution,8b2b3371d0b6921a98e4fba1f1fdca01643adc3413ce91f9a507e921f7a2259b,primary_parent,f2ae21e180b652bfebf3d5ddadc548e5a203bc160d1132ebb1cdf640bbc3b27f,macrel_hemolysis_label,categorical,true,same_frozen_label_contract,audit,label,low,low,,,false,77e4bbdf36dcd423ddcd2af255a3cbf8187027e66563aa3bf287232d1390b75e
fgf2,30d751d53293a7d531f45f22fc0cfa4e2caf77c68fcfee8207ed5fc8d1e5d94b,masked_substitution,8b2b3371d0b6921a98e4fba1f1fdca01643adc3413ce91f9a507e921f7a2259b,primary_parent,f2ae21e180b652bfebf3d5ddadc548e5a203bc160d1132ebb1cdf640bbc3b27f,macrel_hemolysis_probability,numeric,true,same_frozen_numeric_contract,minimize,probability,0.416,0.446,0.030000000000000027,-0.030000000000000027,true,80c633a7a6cd695aa475949082f733ca39c4ab7c4b7fe1fb6559d2a1cb8c8854
fgf2,30d751d53293a7d531f45f22fc0cfa4e2caf77c68fcfee8207ed5fc8d1e5d94b,masked_substitution,8b2b3371d0b6921a98e4fba1f1fdca01643adc3413ce91f9a507e921f7a2259b,primary_parent,f2ae21e180b652bfebf3d5ddadc548e5a203bc160d1132ebb1cdf640bbc3b27f,maximum_hydrophobic_run,numeric,true,same_frozen_numeric_contract,minimize,residues,1.0,1.0,0.0,-0.0,false,95abc75fe216434865b9a7f81502c92f878e00ee877cbb91fc4eb5acafed9d60
fgf2,30d751d53293a7d531f45f22fc0cfa4e2caf77c68fcfee8207ed5fc8d1e5d94b,masked_substitution,8b2b3371d0b6921a98e4fba1f1fdca01643adc3413ce91f9a507e921f7a2259b,primary_parent,f2ae21e180b652bfebf3d5ddadc548e5a203bc160d1132ebb1cdf640bbc3b27f,net_charge_ph7_4,numeric,false,audit_metric_has_no_monotonic_improvement_direction,audit,elementary_charge,7.985,8.984,0.9989999999999997,,true,e66431f640e1c4b01dde05f93752a2ef8b129ff4631954d33b230a26ea25eeb6
fgf2,30d751d53293a7d531f45f22fc0cfa4e2caf77c68fcfee8207ed5fc8d1e5d94b,masked_substitution,8b2b3371d0b6921a98e4fba1f1fdca01643adc3413ce91f9a507e921f7a2259b,primary_parent,f2ae21e180b652bfebf3d5ddadc548e5a203bc160d1132ebb1cdf640bbc3b27f,toxinpred3_hybrid_score,numeric,true,same_frozen_numeric_contract,minimize,dimensionless,0.0,0.0,0.0,-0.0,false,d3f972ee05a4b3e35293f466c5e32a4b917ca11893c6d37b530ddf03f4963b35
fgf2,30d751d53293a7d531f45f22fc0cfa4e2caf77c68fcfee8207ed5fc8d1e5d94b,masked_substitution,8b2b3371d0b6921a98e4fba1f1fdca01643adc3413ce91f9a507e921f7a2259b,primary_parent,f2ae21e180b652bfebf3d5ddadc548e5a203bc160d1132ebb1cdf640bbc3b27f,toxinpred3_label,categorical,true,same_frozen_label_contract,audit,label,Non-Toxin,Non-Toxin,,,false,51c1141967799336c6181f83d348399e0a63fe9ed24ff5669ed4026fd0dbcca7
fgf2,5472c3b30ce63579cfa242db820a596624e7fd48517aabe30db5d97e29794f5f,masked_substitution,3328d9fc744aeaa45553e717ad24c89251d184ccd023259bc6db758835c25ff6,primary_parent,f2ae21e180b652bfebf3d5ddadc548e5a203bc160d1132ebb1cdf640bbc3b27f,amp_read_log10_mic_um,numeric,true,same_frozen_numeric_contract,minimize,log10(uM),2.597941786798904,2.4479860738969026,-0.14995571290200127,0.14995571290200127,true,0e73afc8063a46a2fbdfa98d3d3872d69300efc91493abb58f9d4b305a1b53c0
fgf2,5472c3b30ce63579cfa242db820a596624e7fd48517aabe30db5d97e29794f5f,masked_substitution,3328d9fc744aeaa45553e717ad24c89251d184ccd023259bc6db758835c25ff6,primary_parent,f2ae21e180b652bfebf3d5ddadc548e5a203bc160d1132ebb1cdf640bbc3b27f,guruprasad_instability_index,numeric,true,same_frozen_numeric_contract,minimize,index,29.246154,15.334615384615388,-13.911538615384613,13.911538615384613,true,d71b341395d88a1056e2f3f834e5d47b98abf8429a651c6b1b0027b2e8d7f1be
fgf2,5472c3b30ce63579cfa242db820a596624e7fd48517aabe30db5d97e29794f5f,masked_substitution,3328d9fc744aeaa45553e717ad24c89251d184ccd023259bc6db758835c25ff6,primary_parent,f2ae21e180b652bfebf3d5ddadc548e5a203bc160d1132ebb1cdf640bbc3b27f,hydrophobic_moment_eisenberg,numeric,false,audit_metric_has_no_monotonic_improvement_direction,audit,dimensionless,0.24330416982349223,0.2812249134567466,0.03792074363325437,,true,bf47b1887f239ced5b261af2ea998dcc11823c24b67942e8d1a2051738674d8b
fgf2,5472c3b30ce63579cfa242db820a596624e7fd48517aabe30db5d97e29794f5f,masked_substitution,3328d9fc744aeaa45553e717ad24c89251d184ccd023259bc6db758835c25ff6,primary_parent,f2ae21e180b652bfebf3d5ddadc548e5a203bc160d1132ebb1cdf640bbc3b27f,hydrophobic_ratio_modlamp,numeric,false,audit_metric_has_no_monotonic_improvement_direction,audit,fraction,0.07692307692307693,0.07692307692307693,0.0,,false,22cac668ec6c655e67c4605f25171d8605a88168d31e3592433176107fac7829
fgf2,5472c3b30ce63579cfa242db820a596624e7fd48517aabe30db5d97e29794f5f,masked_substitution,3328d9fc744aeaa45553e717ad24c89251d184ccd023259bc6db758835c25ff6,primary_parent,f2ae21e180b652bfebf3d5ddadc548e5a203bc160d1132ebb1cdf640bbc3b27f,llamp_log10_mic_um,numeric,true,same_frozen_numeric_contract,minimize,log10(uM),1.645182728767395,1.5757008790969849,-0.06948184967041016,0.06948184967041016,true,424ca42a5846e4da0a68cefebe9454064c95efa8c21c15c84e215b3735b06494
fgf2,5472c3b30ce63579cfa242db820a596624e7fd48517aabe30db5d97e29794f5f,masked_substitution,3328d9fc744aeaa45553e717ad24c89251d184ccd023259bc6db758835c25ff6,primary_parent,f2ae21e180b652bfebf3d5ddadc548e5a203bc160d1132ebb1cdf640bbc3b27f,macrel_amp_probability,numeric,true,same_frozen_numeric_contract,maximize,probability,0.396,0.386,-0.010000000000000009,-0.010000000000000009,true,9c16c0c39ab827fe926636cc5ec8421de2bb38d788495dd0cb2b962442af3c1c
fgf2,5472c3b30ce63579cfa242db820a596624e7fd48517aabe30db5d97e29794f5f,masked_substitution,3328d9fc744aeaa45553e717ad24c89251d184ccd023259bc6db758835c25ff6,primary_parent,f2ae21e180b652bfebf3d5ddadc548e5a203bc160d1132ebb1cdf640bbc3b27f,macrel_hemolysis_label,categorical,true,same_frozen_label_contract,audit,label,low,low,,,false,5a95b4a908f3ddbf7044ba4295bc6bf43ebf9e4c2e7e3bc4f7b7e6533119aba5
fgf2,5472c3b30ce63579cfa242db820a596624e7fd48517aabe30db5d97e29794f5f,masked_substitution,3328d9fc744aeaa45553e717ad24c89251d184ccd023259bc6db758835c25ff6,primary_parent,f2ae21e180b652bfebf3d5ddadc548e5a203bc160d1132ebb1cdf640bbc3b27f,macrel_hemolysis_probability,numeric,true,same_frozen_numeric_contract,minimize,probability,0.416,0.426,0.010000000000000009,-0.010000000000000009,true,a1060aeb27b4bbf39e7be660ed71b97d37c357dedcd36a795f016918ac9bd11b
fgf2,5472c3b30ce63579cfa242db820a596624e7fd48517aabe30db5d97e29794f5f,masked_substitution,3328d9fc744aeaa45553e717ad24c89251d184ccd023259bc6db758835c25ff6,primary_parent,f2ae21e180b652bfebf3d5ddadc548e5a203bc160d1132ebb1cdf640bbc3b27f,maximum_hydrophobic_run,numeric,true,same_frozen_numeric_contract,minimize,residues,1.0,1.0,0.0,-0.0,false,a400c60ea33e17a6766627a8bcfe1c649b63b899a9f3eba3033ef333dfc930f7
fgf2,5472c3b30ce63579cfa242db820a596624e7fd48517aabe30db5d97e29794f5f,masked_substitution,3328d9fc744aeaa45553e717ad24c89251d184ccd023259bc6db758835c25ff6,primary_parent,f2ae21e180b652bfebf3d5ddadc548e5a203bc160d1132ebb1cdf640bbc3b27f,net_charge_ph7_4,numeric,false,audit_metric_has_no_monotonic_improvement_direction,audit,elementary_charge,7.985,8.982,0.996999999999999,,true,5d5d3a5596f438fc68ccc6ba39a460fbeeadbde14c564f895579571cb46f6ed1
fgf2,5472c3b30ce63579cfa242db820a596624e7fd48517aabe30db5d97e29794f5f,masked_substitution,3328d9fc744aeaa45553e717ad24c89251d184ccd023259bc6db758835c25ff6,primary_parent,f2ae21e180b652bfebf3d5ddadc548e5a203bc160d1132ebb1cdf640bbc3b27f,toxinpred3_hybrid_score,numeric,true,same_frozen_numeric_contract,minimize,dimensionless,0.0,0.0,0.0,-0.0,false,0c27132be8afc2a7b277a3ffc17ecf84e46b5f10209e6c1d8f94ee7e7f7f2ed9
fgf2,5472c3b30ce63579cfa242db820a596624e7fd48517aabe30db5d97e29794f5f,masked_substitution,3328d9fc744aeaa45553e717ad24c89251d184ccd023259bc6db758835c25ff6,primary_parent,f2ae21e180b652bfebf3d5ddadc548e5a203bc160d1132ebb1cdf640bbc3b27f,toxinpred3_label,categorical,true,same_frozen_label_contract,audit,label,Non-Toxin,Non-Toxin,,,false,6b3aa6e2cef57069d64a92b475f5e16943cd21b5addc872e22480d50de22b553
fgf2,e6dc2c51f92f5d9a6851202164257963cecfa14565aa88753126b2fc765f6918,masked_substitution,07befeed7aca66d0936f9146276d03f3c405680d4ad57acc5591cbba6d08f799,primary_parent,f2ae21e180b652bfebf3d5ddadc548e5a203bc160d1132ebb1cdf640bbc3b27f,amp_read_log10_mic_um,numeric,true,same_frozen_numeric_contract,minimize,log10(uM),2.597941786798904,2.462614604308479,-0.13532718249042475,0.13532718249042475,true,ae07a1aa6fa1d443a6389c9185db18cea03a3073794cbccc34693a41f978f7a0
fgf2,e6dc2c51f92f5d9a6851202164257963cecfa14565aa88753126b2fc765f6918,masked_substitution,07befeed7aca66d0936f9146276d03f3c405680d4ad57acc5591cbba6d08f799,primary_parent,f2ae21e180b652bfebf3d5ddadc548e5a203bc160d1132ebb1cdf640bbc3b27f,guruprasad_instability_index,numeric,true,same_frozen_numeric_contract,minimize,index,29.246154,29.24615384615385,-1.5384615181801564e-07,1.5384615181801564e-07,true,ce4fbbe23c63a631a89f667e795f6e69599d1b0e7dcfd5656bcc1c305757bbf2
fgf2,e6dc2c51f92f5d9a6851202164257963cecfa14565aa88753126b2fc765f6918,masked_substitution,07befeed7aca66d0936f9146276d03f3c405680d4ad57acc5591cbba6d08f799,primary_parent,f2ae21e180b652bfebf3d5ddadc548e5a203bc160d1132ebb1cdf640bbc3b27f,hydrophobic_moment_eisenberg,numeric,false,audit_metric_has_no_monotonic_improvement_direction,audit,dimensionless,0.24330416982349223,0.2826128316502293,0.03930866182673709,,true,bfc8c44a5a44d8db2adf43bfabe4946a08e2756505dbac191353ee8fdd9c4b5a
fgf2,e6dc2c51f92f5d9a6851202164257963cecfa14565aa88753126b2fc765f6918,masked_substitution,07befeed7aca66d0936f9146276d03f3c405680d4ad57acc5591cbba6d08f799,primary_parent,f2ae21e180b652bfebf3d5ddadc548e5a203bc160d1132ebb1cdf640bbc3b27f,hydrophobic_ratio_modlamp,numeric,false,audit_metric_has_no_monotonic_improvement_direction,audit,fraction,0.07692307692307693,0.11538461538461539,0.038461538461538464,,true,0befbf9a9a057e7e46fb9e6280e9d5dcc468b3a566d389fe3220e142967667f7
fgf2,e6dc2c51f92f5d9a6851202164257963cecfa14565aa88753126b2fc765f6918,masked_substitution,07befeed7aca66d0936f9146276d03f3c405680d4ad57acc5591cbba6d08f799,primary_parent,f2ae21e180b652bfebf3d5ddadc548e5a203bc160d1132ebb1cdf640bbc3b27f,llamp_log10_mic_um,numeric,true,same_frozen_numeric_contract,minimize,log10(uM),1.645182728767395,1.639374017715454,-0.005808711051940918,0.005808711051940918,true,9b1430da42d580340b5d021b878b02745088835d5dca56c7cbba16f13a8aa25e
fgf2,e6dc2c51f92f5d9a6851202164257963cecfa14565aa88753126b2fc765f6918,masked_substitution,07befeed7aca66d0936f9146276d03f3c405680d4ad57acc5591cbba6d08f799,primary_parent,f2ae21e180b652bfebf3d5ddadc548e5a203bc160d1132ebb1cdf640bbc3b27f,macrel_amp_probability,numeric,true,same_frozen_numeric_contract,maximize,probability,0.396,0.376,-0.020000000000000018,-0.020000000000000018,true,5b6a849d0cde6505edc2b0dc3673fcd3f478863703d01f86a2e26ea8fc01f9b6
fgf2,e6dc2c51f92f5d9a6851202164257963cecfa14565aa88753126b2fc765f6918,masked_substitution,07befeed7aca66d0936f9146276d03f3c405680d4ad57acc5591cbba6d08f799,primary_parent,f2ae21e180b652bfebf3d5ddadc548e5a203bc160d1132ebb1cdf640bbc3b27f,macrel_hemolysis_label,categorical,true,same_frozen_label_contract,audit,label,low,low,,,false,907e3fed42f64134ea27c0b299acbc24d976e0cc81f984c9fab5b0666eb6adc8
fgf2,e6dc2c51f92f5d9a6851202164257963cecfa14565aa88753126b2fc765f6918,masked_substitution,07befeed7aca66d0936f9146276d03f3c405680d4ad57acc5591cbba6d08f799,primary_parent,f2ae21e180b652bfebf3d5ddadc548e5a203bc160d1132ebb1cdf640bbc3b27f,macrel_hemolysis_probability,numeric,true,same_frozen_numeric_contract,minimize,probability,0.416,0.307,-0.10899999999999999,0.10899999999999999,true,0b92b0f642bc78cc67501effd8d1229f561bb79159d928db066aa4c15fdf65e3
fgf2,e6dc2c51f92f5d9a6851202164257963cecfa14565aa88753126b2fc765f6918,masked_substitution,07befeed7aca66d0936f9146276d03f3c405680d4ad57acc5591cbba6d08f799,primary_parent,f2ae21e180b652bfebf3d5ddadc548e5a203bc160d1132ebb1cdf640bbc3b27f,maximum_hydrophobic_run,numeric,true,same_frozen_numeric_contract,minimize,residues,1.0,1.0,0.0,-0.0,false,f693b483c74811f61af535593bbf73dc004cbcd77526c15c9cfab0df4f2fc99b
fgf2,e6dc2c51f92f5d9a6851202164257963cecfa14565aa88753126b2fc765f6918,masked_substitution,07befeed7aca66d0936f9146276d03f3c405680d4ad57acc5591cbba6d08f799,primary_parent,f2ae21e180b652bfebf3d5ddadc548e5a203bc160d1132ebb1cdf640bbc3b27f,net_charge_ph7_4,numeric,false,audit_metric_has_no_monotonic_improvement_direction,audit,elementary_charge,7.985,6.985,-1.0,,true,4c5438708ceb2e22a1a3e329c577967080f79830a04f5d89f4ec357749003b91
fgf2,e6dc2c51f92f5d9a6851202164257963cecfa14565aa88753126b2fc765f6918,masked_substitution,07befeed7aca66d0936f9146276d03f3c405680d4ad57acc5591cbba6d08f799,primary_parent,f2ae21e180b652bfebf3d5ddadc548e5a203bc160d1132ebb1cdf640bbc3b27f,toxinpred3_hybrid_score,numeric,true,same_frozen_numeric_contract,minimize,dimensionless,0.0,0.0,0.0,-0.0,false,58db57530a49c51ad9ec080d9de8b92fc3bbe4c702fb0e537ddc44df636d53ed
fgf2,e6dc2c51f92f5d9a6851202164257963cecfa14565aa88753126b2fc765f6918,masked_substitution,07befeed7aca66d0936f9146276d03f3c405680d4ad57acc5591cbba6d08f799,primary_parent,f2ae21e180b652bfebf3d5ddadc548e5a203bc160d1132ebb1cdf640bbc3b27f,toxinpred3_label,categorical,true,same_frozen_label_contract,audit,label,Non-Toxin,Non-Toxin,,,false,0afbf2777885fdb1108b1383a54e53ca21387c33f05c91461cad59515a08e994
fgf2,c17dac73884880cf2e120c46dadfb324794c240117e5de146192e479b92dd5bc,masked_substitution,82c7cbc3f28b1a9840f9ab96116b03886132fcd3768d4b083ac157c3b909dab0,primary_parent,fef9246bf522c2c2d9e06f76c1f0b40a34eea229868bdcf78b51c159154681ae,amp_read_log10_mic_um,numeric,true,same_frozen_numeric_contract,minimize,log10(uM),2.915548413288972,2.8761571997828934,-0.03939121350607877,0.03939121350607877,true,06a4a96fb76500a13625ef0c6f4639cc278d4e73ad7269d4bfa22808979aa90a
fgf2,c17dac73884880cf2e120c46dadfb324794c240117e5de146192e479b92dd5bc,masked_substitution,82c7cbc3f28b1a9840f9ab96116b03886132fcd3768d4b083ac157c3b909dab0,primary_parent,fef9246bf522c2c2d9e06f76c1f0b40a34eea229868bdcf78b51c159154681ae,guruprasad_instability_index,numeric,true,same_frozen_numeric_contract,minimize,index,22.327273,44.8640909090909,22.536817909090896,-22.536817909090896,true,fe905844b6ff497f21d56ae376f927aba3cff610c3e89bfff9a4a5f7989c33d5
fgf2,c17dac73884880cf2e120c46dadfb324794c240117e5de146192e479b92dd5bc,masked_substitution,82c7cbc3f28b1a9840f9ab96116b03886132fcd3768d4b083ac157c3b909dab0,primary_parent,fef9246bf522c2c2d9e06f76c1f0b40a34eea229868bdcf78b51c159154681ae,hydrophobic_moment_eisenberg,numeric,false,audit_metric_has_no_monotonic_improvement_direction,audit,dimensionless,0.34127361170072296,0.36233066667884567,0.021057054978122713,,true,2ed1d6f0e37ef9bbbf908507597b94b8157a3077d66c37d38d5164fbf7a0ba1b
fgf2,c17dac73884880cf2e120c46dadfb324794c240117e5de146192e479b92dd5bc,masked_substitution,82c7cbc3f28b1a9840f9ab96116b03886132fcd3768d4b083ac157c3b909dab0,primary_parent,fef9246bf522c2c2d9e06f76c1f0b40a34eea229868bdcf78b51c159154681ae,hydrophobic_ratio_modlamp,numeric,false,audit_metric_has_no_monotonic_improvement_direction,audit,fraction,0.09090909090909091,0.13636363636363635,0.04545454545454544,,true,392883a5af0fd38fa71f9db35bfcc09e672d48124c23e2078229d04a15c8c5bf
fgf2,c17dac73884880cf2e120c46dadfb324794c240117e5de146192e479b92dd5bc,masked_substitution,82c7cbc3f28b1a9840f9ab96116b03886132fcd3768d4b083ac157c3b909dab0,primary_parent,fef9246bf522c2c2d9e06f76c1f0b40a34eea229868bdcf78b51c159154681ae,llamp_log10_mic_um,numeric,true,same_frozen_numeric_contract,minimize,log10(uM),1.6722277402877808,1.8436387777328491,0.17141103744506836,-0.17141103744506836,true,db967e28abdf05761ec5c63604899cac3abafaebb195be78e8575d79d6967931
fgf2,c17dac73884880cf2e120c46dadfb324794c240117e5de146192e479b92dd5bc,masked_substitution,82c7cbc3f28b1a9840f9ab96116b03886132fcd3768d4b083ac157c3b909dab0,primary_parent,fef9246bf522c2c2d9e06f76c1f0b40a34eea229868bdcf78b51c159154681ae,macrel_amp_probability,numeric,true,same_frozen_numeric_contract,maximize,probability,0.228,0.297,0.06899999999999998,0.06899999999999998,true,28d5192d631093ba7470a802e9e6bf4c46b4fef5edea06a4cd27a293414405d2
fgf2,c17dac73884880cf2e120c46dadfb324794c240117e5de146192e479b92dd5bc,masked_substitution,82c7cbc3f28b1a9840f9ab96116b03886132fcd3768d4b083ac157c3b909dab0,primary_parent,fef9246bf522c2c2d9e06f76c1f0b40a34eea229868bdcf78b51c159154681ae,macrel_hemolysis_label,categorical,true,same_frozen_label_contract,audit,label,low,low,,,false,9997d865835d3905b50a04a38828ad370a95b5b8d64a34066e7935fe3abdb474
fgf2,c17dac73884880cf2e120c46dadfb324794c240117e5de146192e479b92dd5bc,masked_substitution,82c7cbc3f28b1a9840f9ab96116b03886132fcd3768d4b083ac157c3b909dab0,primary_parent,fef9246bf522c2c2d9e06f76c1f0b40a34eea229868bdcf78b51c159154681ae,macrel_hemolysis_probability,numeric,true,same_frozen_numeric_contract,minimize,probability,0.376,0.356,-0.020000000000000018,0.020000000000000018,true,c7c727a342f2b39f8e6903fc981dc9e0a281e12a58193be8afbc8b3757a84901
fgf2,c17dac73884880cf2e120c46dadfb324794c240117e5de146192e479b92dd5bc,masked_substitution,82c7cbc3f28b1a9840f9ab96116b03886132fcd3768d4b083ac157c3b909dab0,primary_parent,fef9246bf522c2c2d9e06f76c1f0b40a34eea229868bdcf78b51c159154681ae,maximum_hydrophobic_run,numeric,true,same_frozen_numeric_contract,minimize,residues,2.0,2.0,0.0,-0.0,false,1cd1aa8e25db03a3a43467f94925160cfdd3b924cbda78f1a28ff05aba663c9f
fgf2,c17dac73884880cf2e120c46dadfb324794c240117e5de146192e479b92dd5bc,masked_substitution,82c7cbc3f28b1a9840f9ab96116b03886132fcd3768d4b083ac157c3b909dab0,primary_parent,fef9246bf522c2c2d9e06f76c1f0b40a34eea229868bdcf78b51c159154681ae,net_charge_ph7_4,numeric,false,audit_metric_has_no_monotonic_improvement_direction,audit,elementary_charge,7.026,7.026,0.0,,false,b9143f9c35d7625c1087c4499709e04c2182383f90d1aa9fadaddb475f727d5f
fgf2,c17dac73884880cf2e120c46dadfb324794c240117e5de146192e479b92dd5bc,masked_substitution,82c7cbc3f28b1a9840f9ab96116b03886132fcd3768d4b083ac157c3b909dab0,primary_parent,fef9246bf522c2c2d9e06f76c1f0b40a34eea229868bdcf78b51c159154681ae,toxinpred3_hybrid_score,numeric,true,same_frozen_numeric_contract,minimize,dimensionless,0.235,0.3,0.065,-0.065,true,146f6fdb0adf7fa7dd236fdfd8057fb995c05f18360a4790a51c559e26ff567e
fgf2,c17dac73884880cf2e120c46dadfb324794c240117e5de146192e479b92dd5bc,masked_substitution,82c7cbc3f28b1a9840f9ab96116b03886132fcd3768d4b083ac157c3b909dab0,primary_parent,fef9246bf522c2c2d9e06f76c1f0b40a34eea229868bdcf78b51c159154681ae,toxinpred3_label,categorical,true,same_frozen_label_contract,audit,label,Non-Toxin,Non-Toxin,,,false,deb1a50d2fa05432e7da60ce723300f600f95026ce2061060a2805bfc0b2a641
fgf2,185bd8f4f334b30673181518c8c04c6f3acf8ea35069cfa148c06f1f05b8d11b,masked_substitution,1240c5770e9dce8bacfbf04af0b47ef487b60df80bd0f68b634e7258728e31fb,primary_parent,fef9246bf522c2c2d9e06f76c1f0b40a34eea229868bdcf78b51c159154681ae,amp_read_log10_mic_um,numeric,true,same_frozen_numeric_contract,minimize,log10(uM),2.915548413288972,2.730692953844371,-0.18485545944460124,0.18485545944460124,true,4e96d8b7acb9e61f893a032bf58f7c410dd4abb850efddb16718c815096e13fa
fgf2,185bd8f4f334b30673181518c8c04c6f3acf8ea35069cfa148c06f1f05b8d11b,masked_substitution,1240c5770e9dce8bacfbf04af0b47ef487b60df80bd0f68b634e7258728e31fb,primary_parent,fef9246bf522c2c2d9e06f76c1f0b40a34eea229868bdcf78b51c159154681ae,guruprasad_instability_index,numeric,true,same_frozen_numeric_contract,minimize,index,22.327273,30.045454545454543,7.7181815454545415,-7.7181815454545415,true,0a2dbff5d1f9ee3be3d109654b6199d627bfd423561b5145796071686187caf4
fgf2,185bd8f4f334b30673181518c8c04c6f3acf8ea35069cfa148c06f1f05b8d11b,masked_substitution,1240c5770e9dce8bacfbf04af0b47ef487b60df80bd0f68b634e7258728e31fb,primary_parent,fef9246bf522c2c2d9e06f76c1f0b40a34eea229868bdcf78b51c159154681ae,hydrophobic_moment_eisenberg,numeric,false,audit_metric_has_no_monotonic_improvement_direction,audit,dimensionless,0.34127361170072296,0.3507026654064079,0.00942905370568492,,true,c8cf013040b0513620c1c5f5b2c0d02eb558b9b1b0fda47a7f286e9a969c206d
fgf2,185bd8f4f334b30673181518c8c04c6f3acf8ea35069cfa148c06f1f05b8d11b,masked_substitution,1240c5770e9dce8bacfbf04af0b47ef487b60df80bd0f68b634e7258728e31fb,primary_parent,fef9246bf522c2c2d9e06f76c1f0b40a34eea229868bdcf78b51c159154681ae,hydrophobic_ratio_modlamp,numeric,false,audit_metric_has_no_monotonic_improvement_direction,audit,fraction,0.09090909090909091,0.09090909090909091,0.0,,false,c8373b0aed681e815d19c291a8fd7fe2c9569a3f26aed7a9212ba5af0acfd6b9
fgf2,185bd8f4f334b30673181518c8c04c6f3acf8ea35069cfa148c06f1f05b8d11b,masked_substitution,1240c5770e9dce8bacfbf04af0b47ef487b60df80bd0f68b634e7258728e31fb,primary_parent,fef9246bf522c2c2d9e06f76c1f0b40a34eea229868bdcf78b51c159154681ae,llamp_log10_mic_um,numeric,true,same_frozen_numeric_contract,minimize,log10(uM),1.6722277402877808,1.9481242895126343,0.2758965492248535,-0.2758965492248535,true,ee04e315802af456b5e36c6b3991da5deea88d2923ce293f9735ccd30d0e0110
fgf2,185bd8f4f334b30673181518c8c04c6f3acf8ea35069cfa148c06f1f05b8d11b,masked_substitution,1240c5770e9dce8bacfbf04af0b47ef487b60df80bd0f68b634e7258728e31fb,primary_parent,fef9246bf522c2c2d9e06f76c1f0b40a34eea229868bdcf78b51c159154681ae,macrel_amp_probability,numeric,true,same_frozen_numeric_contract,maximize,probability,0.228,0.307,0.07899999999999999,0.07899999999999999,true,b3f43387c8c74fafd6496a1f357305c7624b49a2c5ae862bf78f599ba7c18159
fgf2,185bd8f4f334b30673181518c8c04c6f3acf8ea35069cfa148c06f1f05b8d11b,masked_substitution,1240c5770e9dce8bacfbf04af0b47ef487b60df80bd0f68b634e7258728e31fb,primary_parent,fef9246bf522c2c2d9e06f76c1f0b40a34eea229868bdcf78b51c159154681ae,macrel_hemolysis_label,categorical,true,same_frozen_label_contract,audit,label,low,low,,,false,dcc12c3dc713d3c99ef326d106602693d8dfaa0c9c7143e60fd658769c847f48
fgf2,185bd8f4f334b30673181518c8c04c6f3acf8ea35069cfa148c06f1f05b8d11b,masked_substitution,1240c5770e9dce8bacfbf04af0b47ef487b60df80bd0f68b634e7258728e31fb,primary_parent,fef9246bf522c2c2d9e06f76c1f0b40a34eea229868bdcf78b51c159154681ae,macrel_hemolysis_probability,numeric,true,same_frozen_numeric_contract,minimize,probability,0.376,0.396,0.020000000000000018,-0.020000000000000018,true,f3da9e6f3a02ed461b609dd34b616b4f2f5668a64823d8984c0ca49265ea4ec2
fgf2,185bd8f4f334b30673181518c8c04c6f3acf8ea35069cfa148c06f1f05b8d11b,masked_substitution,1240c5770e9dce8bacfbf04af0b47ef487b60df80bd0f68b634e7258728e31fb,primary_parent,fef9246bf522c2c2d9e06f76c1f0b40a34eea229868bdcf78b51c159154681ae,maximum_hydrophobic_run,numeric,true,same_frozen_numeric_contract,minimize,residues,2.0,2.0,0.0,-0.0,false,2836344ca8bed004d0f1a1deadc13ff6e23747b3cee69fc3acc769a84a3258b4
fgf2,185bd8f4f334b30673181518c8c04c6f3acf8ea35069cfa148c06f1f05b8d11b,masked_substitution,1240c5770e9dce8bacfbf04af0b47ef487b60df80bd0f68b634e7258728e31fb,primary_parent,fef9246bf522c2c2d9e06f76c1f0b40a34eea229868bdcf78b51c159154681ae,net_charge_ph7_4,numeric,false,audit_metric_has_no_monotonic_improvement_direction,audit,elementary_charge,7.026,7.026,0.0,,false,b66294ba1ad5442888eebe2aecfe26764e872e5eeef4143eba7ecf00243e4e1f
fgf2,185bd8f4f334b30673181518c8c04c6f3acf8ea35069cfa148c06f1f05b8d11b,masked_substitution,1240c5770e9dce8bacfbf04af0b47ef487b60df80bd0f68b634e7258728e31fb,primary_parent,fef9246bf522c2c2d9e06f76c1f0b40a34eea229868bdcf78b51c159154681ae,toxinpred3_hybrid_score,numeric,true,same_frozen_numeric_contract,minimize,dimensionless,0.235,0.295,0.06,-0.06,true,29f472113db8680caf10a739cd534fcbbe047a67fc0f664eef381717482c49e5
fgf2,185bd8f4f334b30673181518c8c04c6f3acf8ea35069cfa148c06f1f05b8d11b,masked_substitution,1240c5770e9dce8bacfbf04af0b47ef487b60df80bd0f68b634e7258728e31fb,primary_parent,fef9246bf522c2c2d9e06f76c1f0b40a34eea229868bdcf78b51c159154681ae,toxinpred3_label,categorical,true,same_frozen_label_contract,audit,label,Non-Toxin,Non-Toxin,,,false,83eefa2277a5e88e0af67f19e4443447df9f93a81303e175b6078dc018dded14
fgf2,384d4f3283c46ff8ca8b15ee5bc82eb0129b63237f34a0279bfee5578a4bfe16,masked_substitution,d7721a007d288f952d417be8b3ed83898a7ecf44ea99b80f416987a6e703a2f6,primary_parent,fef9246bf522c2c2d9e06f76c1f0b40a34eea229868bdcf78b51c159154681ae,amp_read_log10_mic_um,numeric,true,same_frozen_numeric_contract,minimize,log10(uM),2.915548413288972,2.752127479439769,-0.1634209338492032,0.1634209338492032,true,f3ab6b53352ed44aa0f5d8512119f0a89f7c8c50d90e5ab74583eb644e9a0352
fgf2,384d4f3283c46ff8ca8b15ee5bc82eb0129b63237f34a0279bfee5578a4bfe16,masked_substitution,d7721a007d288f952d417be8b3ed83898a7ecf44ea99b80f416987a6e703a2f6,primary_parent,fef9246bf522c2c2d9e06f76c1f0b40a34eea229868bdcf78b51c159154681ae,guruprasad_instability_index,numeric,true,same_frozen_numeric_contract,minimize,index,22.327273,36.94999999999999,14.622726999999987,-14.622726999999987,true,c11d165a47fea67c12791836e78ac976a0d530bf8d8489bb07659c105f22d8b0
fgf2,384d4f3283c46ff8ca8b15ee5bc82eb0129b63237f34a0279bfee5578a4bfe16,masked_substitution,d7721a007d288f952d417be8b3ed83898a7ecf44ea99b80f416987a6e703a2f6,primary_parent,fef9246bf522c2c2d9e06f76c1f0b40a34eea229868bdcf78b51c159154681ae,hydrophobic_moment_eisenberg,numeric,false,audit_metric_has_no_monotonic_improvement_direction,audit,dimensionless,0.34127361170072296,0.2645575470585637,-0.07671606464215924,,true,e7b9d9dfd80b74f879d442f870cad297d2b6135988c85d662412de41e8687135
fgf2,384d4f3283c46ff8ca8b15ee5bc82eb0129b63237f34a0279bfee5578a4bfe16,masked_substitution,d7721a007d288f952d417be8b3ed83898a7ecf44ea99b80f416987a6e703a2f6,primary_parent,fef9246bf522c2c2d9e06f76c1f0b40a34eea229868bdcf78b51c159154681ae,hydrophobic_ratio_modlamp,numeric,false,audit_metric_has_no_monotonic_improvement_direction,audit,fraction,0.09090909090909091,0.13636363636363635,0.04545454545454544,,true,25c717e91a1e7feebb5351c339b2065c90a5a311b001d82ea91ffd0654fa965e
fgf2,384d4f3283c46ff8ca8b15ee5bc82eb0129b63237f34a0279bfee5578a4bfe16,masked_substitution,d7721a007d288f952d417be8b3ed83898a7ecf44ea99b80f416987a6e703a2f6,primary_parent,fef9246bf522c2c2d9e06f76c1f0b40a34eea229868bdcf78b51c159154681ae,llamp_log10_mic_um,numeric,true,same_frozen_numeric_contract,minimize,log10(uM),1.6722277402877808,1.8832515478134155,0.21102380752563477,-0.21102380752563477,true,ff4353022820556f0530d93cae6c3aaeff03dd1e01246e08df3a9a44d3e9ad8b
fgf2,384d4f3283c46ff8ca8b15ee5bc82eb0129b63237f34a0279bfee5578a4bfe16,masked_substitution,d7721a007d288f952d417be8b3ed83898a7ecf44ea99b80f416987a6e703a2f6,primary_parent,fef9246bf522c2c2d9e06f76c1f0b40a34eea229868bdcf78b51c159154681ae,macrel_amp_probability,numeric,true,same_frozen_numeric_contract,maximize,probability,0.228,0.188,-0.04000000000000001,-0.04000000000000001,true,561dd67e7fb0c713806c12ec5d9575f503186c2ad9193314ce6aa8b680387294
fgf2,384d4f3283c46ff8ca8b15ee5bc82eb0129b63237f34a0279bfee5578a4bfe16,masked_substitution,d7721a007d288f952d417be8b3ed83898a7ecf44ea99b80f416987a6e703a2f6,primary_parent,fef9246bf522c2c2d9e06f76c1f0b40a34eea229868bdcf78b51c159154681ae,macrel_hemolysis_label,categorical,true,same_frozen_label_contract,audit,label,low,low,,,false,7d567bf694a2e1d19c51ac427b8b929b3bd79106ccaf0b043f226bed9f48d81d
fgf2,384d4f3283c46ff8ca8b15ee5bc82eb0129b63237f34a0279bfee5578a4bfe16,masked_substitution,d7721a007d288f952d417be8b3ed83898a7ecf44ea99b80f416987a6e703a2f6,primary_parent,fef9246bf522c2c2d9e06f76c1f0b40a34eea229868bdcf78b51c159154681ae,macrel_hemolysis_probability,numeric,true,same_frozen_numeric_contract,minimize,probability,0.376,0.208,-0.168,0.168,true,93c934f663d279d1858b36b4a1913130d48c33300f165d6489b70710adb69343
fgf2,384d4f3283c46ff8ca8b15ee5bc82eb0129b63237f34a0279bfee5578a4bfe16,masked_substitution,d7721a007d288f952d417be8b3ed83898a7ecf44ea99b80f416987a6e703a2f6,primary_parent,fef9246bf522c2c2d9e06f76c1f0b40a34eea229868bdcf78b51c159154681ae,maximum_hydrophobic_run,numeric,true,same_frozen_numeric_contract,minimize,residues,2.0,2.0,0.0,-0.0,false,55470545f25b66c42ce4d4b83a971e145c721a4a7e57ce796d9a99122e55833b
fgf2,384d4f3283c46ff8ca8b15ee5bc82eb0129b63237f34a0279bfee5578a4bfe16,masked_substitution,d7721a007d288f952d417be8b3ed83898a7ecf44ea99b80f416987a6e703a2f6,primary_parent,fef9246bf522c2c2d9e06f76c1f0b40a34eea229868bdcf78b51c159154681ae,net_charge_ph7_4,numeric,false,audit_metric_has_no_monotonic_improvement_direction,audit,elementary_charge,7.026,6.027,-0.9989999999999997,,true,66c4847b9f0bc4862e33671fb5646b5bb2262a0fb2ad53be47bf7c6b6d414d25
fgf2,384d4f3283c46ff8ca8b15ee5bc82eb0129b63237f34a0279bfee5578a4bfe16,masked_substitution,d7721a007d288f952d417be8b3ed83898a7ecf44ea99b80f416987a6e703a2f6,primary_parent,fef9246bf522c2c2d9e06f76c1f0b40a34eea229868bdcf78b51c159154681ae,toxinpred3_hybrid_score,numeric,true,same_frozen_numeric_contract,minimize,dimensionless,0.235,0.22,-0.014999999999999986,0.014999999999999986,true,33712f08159b81005b6c2e612f04656b95552e13d65dc8aac3d6da4007f97b8a
fgf2,384d4f3283c46ff8ca8b15ee5bc82eb0129b63237f34a0279bfee5578a4bfe16,masked_substitution,d7721a007d288f952d417be8b3ed83898a7ecf44ea99b80f416987a6e703a2f6,primary_parent,fef9246bf522c2c2d9e06f76c1f0b40a34eea229868bdcf78b51c159154681ae,toxinpred3_label,categorical,true,same_frozen_label_contract,audit,label,Non-Toxin,Non-Toxin,,,false,2f768ae5330b104774497626ff4e38d075a612fe1b9d62a9c2d70743b7425bdb
fgf2,3ecd5117755d2c0e1ea6348ff6d278af680bca792db784ee30b2aa3e0da959ba,masked_substitution,23156d3f130ad54c7c952c5646b08ba517e018db4e1e62ac1b0d7ceb948addeb,primary_parent,fef9246bf522c2c2d9e06f76c1f0b40a34eea229868bdcf78b51c159154681ae,amp_read_log10_mic_um,numeric,true,same_frozen_numeric_contract,minimize,log10(uM),2.915548413288972,2.7462805849824807,-0.16926782830649145,0.16926782830649145,true,b4d6684811bff5ecc85655c268d48d7ec5be99a3bbf5331dcb4af13b415ca9f2
fgf2,3ecd5117755d2c0e1ea6348ff6d278af680bca792db784ee30b2aa3e0da959ba,masked_substitution,23156d3f130ad54c7c952c5646b08ba517e018db4e1e62ac1b0d7ceb948addeb,primary_parent,fef9246bf522c2c2d9e06f76c1f0b40a34eea229868bdcf78b51c159154681ae,guruprasad_instability_index,numeric,true,same_frozen_numeric_contract,minimize,index,22.327273,26.186363636363637,3.8590906363636357,-3.8590906363636357,true,5048372b99fe9ea536e5cd60ea05992958bf0eedabe17bef10db0c15b029af7e
fgf2,3ecd5117755d2c0e1ea6348ff6d278af680bca792db784ee30b2aa3e0da959ba,masked_substitution,23156d3f130ad54c7c952c5646b08ba517e018db4e1e62ac1b0d7ceb948addeb,primary_parent,fef9246bf522c2c2d9e06f76c1f0b40a34eea229868bdcf78b51c159154681ae,hydrophobic_moment_eisenberg,numeric,false,audit_metric_has_no_monotonic_improvement_direction,audit,dimensionless,0.34127361170072296,0.23992546263619366,-0.1013481490645293,,true,b7b0acd3fc3e45777f37413e088e85cca3f685add91e83f76aa18c508b428238
fgf2,3ecd5117755d2c0e1ea6348ff6d278af680bca792db784ee30b2aa3e0da959ba,masked_substitution,23156d3f130ad54c7c952c5646b08ba517e018db4e1e62ac1b0d7ceb948addeb,primary_parent,fef9246bf522c2c2d9e06f76c1f0b40a34eea229868bdcf78b51c159154681ae,hydrophobic_ratio_modlamp,numeric,false,audit_metric_has_no_monotonic_improvement_direction,audit,fraction,0.09090909090909091,0.13636363636363635,0.04545454545454544,,true,24c8c1fa9c50cfec45a315c49a5a25a3a0a6a2b0fb6746390baa89d1b436d0b2
fgf2,3ecd5117755d2c0e1ea6348ff6d278af680bca792db784ee30b2aa3e0da959ba,masked_substitution,23156d3f130ad54c7c952c5646b08ba517e018db4e1e62ac1b0d7ceb948addeb,primary_parent,fef9246bf522c2c2d9e06f76c1f0b40a34eea229868bdcf78b51c159154681ae,llamp_log10_mic_um,numeric,true,same_frozen_numeric_contract,minimize,log10(uM),1.6722277402877808,1.7265647649765015,0.0543370246887207,-0.0543370246887207,true,67b1f5228e5f32594982cc51fbbed4a5376b3ed0290b1fd17d15d8ec1dfbadf2
fgf2,3ecd5117755d2c0e1ea6348ff6d278af680bca792db784ee30b2aa3e0da959ba,masked_substitution,23156d3f130ad54c7c952c5646b08ba517e018db4e1e62ac1b0d7ceb948addeb,primary_parent,fef9246bf522c2c2d9e06f76c1f0b40a34eea229868bdcf78b51c159154681ae,macrel_amp_probability,numeric,true,same_frozen_numeric_contract,maximize,probability,0.228,0.208,-0.020000000000000018,-0.020000000000000018,true,c585130fed7e2393e59b1a67092817bd011f1d90493372a23b318b406e0f0b31
fgf2,3ecd5117755d2c0e1ea6348ff6d278af680bca792db784ee30b2aa3e0da959ba,masked_substitution,23156d3f130ad54c7c952c5646b08ba517e018db4e1e62ac1b0d7ceb948addeb,primary_parent,fef9246bf522c2c2d9e06f76c1f0b40a34eea229868bdcf78b51c159154681ae,macrel_hemolysis_label,categorical,true,same_frozen_label_contract,audit,label,low,low,,,false,b0e8bb04b5b21210d28a7874eaafa10575ff259eb4bb17f26e366ea8afe498e0
fgf2,3ecd5117755d2c0e1ea6348ff6d278af680bca792db784ee30b2aa3e0da959ba,masked_substitution,23156d3f130ad54c7c952c5646b08ba517e018db4e1e62ac1b0d7ceb948addeb,primary_parent,fef9246bf522c2c2d9e06f76c1f0b40a34eea229868bdcf78b51c159154681ae,macrel_hemolysis_probability,numeric,true,same_frozen_numeric_contract,minimize,probability,0.376,0.317,-0.059,0.059,true,6e3551105e639b1785101d6ad37656a0e934a43846e37d7134621fd77bab00cf
fgf2,3ecd5117755d2c0e1ea6348ff6d278af680bca792db784ee30b2aa3e0da959ba,masked_substitution,23156d3f130ad54c7c952c5646b08ba517e018db4e1e62ac1b0d7ceb948addeb,primary_parent,fef9246bf522c2c2d9e06f76c1f0b40a34eea229868bdcf78b51c159154681ae,maximum_hydrophobic_run,numeric,true,same_frozen_numeric_contract,minimize,residues,2.0,2.0,0.0,-0.0,false,90052fc8e192f3c5b0ce2c0e47cf44b06a41ab42101bc2292afb056bff17da95
fgf2,3ecd5117755d2c0e1ea6348ff6d278af680bca792db784ee30b2aa3e0da959ba,masked_substitution,23156d3f130ad54c7c952c5646b08ba517e018db4e1e62ac1b0d7ceb948addeb,primary_parent,fef9246bf522c2c2d9e06f76c1f0b40a34eea229868bdcf78b51c159154681ae,net_charge_ph7_4,numeric,false,audit_metric_has_no_monotonic_improvement_direction,audit,elementary_charge,7.026,6.027,-0.9989999999999997,,true,b7a9f0ad0883508b18b8ff39224640d419cd3957ede57d850bb515e22c469fd4
fgf2,3ecd5117755d2c0e1ea6348ff6d278af680bca792db784ee30b2aa3e0da959ba,masked_substitution,23156d3f130ad54c7c952c5646b08ba517e018db4e1e62ac1b0d7ceb948addeb,primary_parent,fef9246bf522c2c2d9e06f76c1f0b40a34eea229868bdcf78b51c159154681ae,toxinpred3_hybrid_score,numeric,true,same_frozen_numeric_contract,minimize,dimensionless,0.235,0.26,0.025000000000000022,-0.025000000000000022,true,40125cf0bcfcbb73e738c16037fa6540cac6e20f6d6d78640f183f9080b5bf81
fgf2,3ecd5117755d2c0e1ea6348ff6d278af680bca792db784ee30b2aa3e0da959ba,masked_substitution,23156d3f130ad54c7c952c5646b08ba517e018db4e1e62ac1b0d7ceb948addeb,primary_parent,fef9246bf522c2c2d9e06f76c1f0b40a34eea229868bdcf78b51c159154681ae,toxinpred3_label,categorical,true,same_frozen_label_contract,audit,label,Non-Toxin,Non-Toxin,,,false,ea180df2412e3cd16f1019e15836d6a14f9000615f445ce43719ed9cd7b1eed8
fgf2,ae87680e81c49de085b62b9c7e4e0783859cf3ae49b75d5c464f23f2b862d7fd,masked_substitution,0714eb32c3633ef77beeb8c07e1ef1e0f82fae3e82e2e8880ad648fa91741681,primary_parent,fef9246bf522c2c2d9e06f76c1f0b40a34eea229868bdcf78b51c159154681ae,amp_read_log10_mic_um,numeric,true,same_frozen_numeric_contract,minimize,log10(uM),2.915548413288972,2.804705875157814,-0.11084253813115819,0.11084253813115819,true,7a7f366dbd9e8421aced2f67ec12903012cd1a3ba8367aae95bc90119b684810
fgf2,ae87680e81c49de085b62b9c7e4e0783859cf3ae49b75d5c464f23f2b862d7fd,masked_substitution,0714eb32c3633ef77beeb8c07e1ef1e0f82fae3e82e2e8880ad648fa91741681,primary_parent,fef9246bf522c2c2d9e06f76c1f0b40a34eea229868bdcf78b51c159154681ae,guruprasad_instability_index,numeric,true,same_frozen_numeric_contract,minimize,index,22.327273,26.186363636363637,3.8590906363636357,-3.8590906363636357,true,2ee2ef7366efdd663600b432228a94c34a214457cca2fb24acf06724d467b474
fgf2,ae87680e81c49de085b62b9c7e4e0783859cf3ae49b75d5c464f23f2b862d7fd,masked_substitution,0714eb32c3633ef77beeb8c07e1ef1e0f82fae3e82e2e8880ad648fa91741681,primary_parent,fef9246bf522c2c2d9e06f76c1f0b40a34eea229868bdcf78b51c159154681ae,hydrophobic_moment_eisenberg,numeric,false,audit_metric_has_no_monotonic_improvement_direction,audit,dimensionless,0.34127361170072296,0.24909058143925691,-0.09218303026146604,,true,7946f2155e76e575d068e0e2657d99e466d5ab579e1d30d7ce474577d1f3a86c
fgf2,ae87680e81c49de085b62b9c7e4e0783859cf3ae49b75d5c464f23f2b862d7fd,masked_substitution,0714eb32c3633ef77beeb8c07e1ef1e0f82fae3e82e2e8880ad648fa91741681,primary_parent,fef9246bf522c2c2d9e06f76c1f0b40a34eea229868bdcf78b51c159154681ae,hydrophobic_ratio_modlamp,numeric,false,audit_metric_has_no_monotonic_improvement_direction,audit,fraction,0.09090909090909091,0.13636363636363635,0.04545454545454544,,true,ff4157e0cb07413ccff9994b116b91a8d8ba09479cd275bc4227baf73e211b75
fgf2,ae87680e81c49de085b62b9c7e4e0783859cf3ae49b75d5c464f23f2b862d7fd,masked_substitution,0714eb32c3633ef77beeb8c07e1ef1e0f82fae3e82e2e8880ad648fa91741681,primary_parent,fef9246bf522c2c2d9e06f76c1f0b40a34eea229868bdcf78b51c159154681ae,llamp_log10_mic_um,numeric,true,same_frozen_numeric_contract,minimize,log10(uM),1.6722277402877808,1.7385162115097046,0.06628847122192383,-0.06628847122192383,true,0d3ead54a66c47cb0129a217715779dd7b603ed0649064af74196ba1012fcb6a
fgf2,ae87680e81c49de085b62b9c7e4e0783859cf3ae49b75d5c464f23f2b862d7fd,masked_substitution,0714eb32c3633ef77beeb8c07e1ef1e0f82fae3e82e2e8880ad648fa91741681,primary_parent,fef9246bf522c2c2d9e06f76c1f0b40a34eea229868bdcf78b51c159154681ae,macrel_amp_probability,numeric,true,same_frozen_numeric_contract,maximize,probability,0.228,0.208,-0.020000000000000018,-0.020000000000000018,true,4f48a0e7a32cc8bed02292af4d72c7dea3125d690767cbfd3362a1d07009ce38
fgf2,ae87680e81c49de085b62b9c7e4e0783859cf3ae49b75d5c464f23f2b862d7fd,masked_substitution,0714eb32c3633ef77beeb8c07e1ef1e0f82fae3e82e2e8880ad648fa91741681,primary_parent,fef9246bf522c2c2d9e06f76c1f0b40a34eea229868bdcf78b51c159154681ae,macrel_hemolysis_label,categorical,true,same_frozen_label_contract,audit,label,low,low,,,false,787bbdbd5205959d9e9234cda6b6356209955ea7c8d2fc6f667995c54118a89c
fgf2,ae87680e81c49de085b62b9c7e4e0783859cf3ae49b75d5c464f23f2b862d7fd,masked_substitution,0714eb32c3633ef77beeb8c07e1ef1e0f82fae3e82e2e8880ad648fa91741681,primary_parent,fef9246bf522c2c2d9e06f76c1f0b40a34eea229868bdcf78b51c159154681ae,macrel_hemolysis_probability,numeric,true,same_frozen_numeric_contract,minimize,probability,0.376,0.317,-0.059,0.059,true,c4196b8f8174477a7808dd673caab5ef5bb85b7ccaa63010c1478c50cdcf8d45
fgf2,ae87680e81c49de085b62b9c7e4e0783859cf3ae49b75d5c464f23f2b862d7fd,masked_substitution,0714eb32c3633ef77beeb8c07e1ef1e0f82fae3e82e2e8880ad648fa91741681,primary_parent,fef9246bf522c2c2d9e06f76c1f0b40a34eea229868bdcf78b51c159154681ae,maximum_hydrophobic_run,numeric,true,same_frozen_numeric_contract,minimize,residues,2.0,2.0,0.0,-0.0,false,0bace9d3a0c36f6764ee04181a3a1baa5be75f91eb51ff7d33a90045611dde69
fgf2,ae87680e81c49de085b62b9c7e4e0783859cf3ae49b75d5c464f23f2b862d7fd,masked_substitution,0714eb32c3633ef77beeb8c07e1ef1e0f82fae3e82e2e8880ad648fa91741681,primary_parent,fef9246bf522c2c2d9e06f76c1f0b40a34eea229868bdcf78b51c159154681ae,net_charge_ph7_4,numeric,false,audit_metric_has_no_monotonic_improvement_direction,audit,elementary_charge,7.026,6.027,-0.9989999999999997,,true,bb572d16c4dd38176f805b5c62d9dd6389f71eb13eeae7d0c78abc40a840a830
fgf2,ae87680e81c49de085b62b9c7e4e0783859cf3ae49b75d5c464f23f2b862d7fd,masked_substitution,0714eb32c3633ef77beeb8c07e1ef1e0f82fae3e82e2e8880ad648fa91741681,primary_parent,fef9246bf522c2c2d9e06f76c1f0b40a34eea229868bdcf78b51c159154681ae,toxinpred3_hybrid_score,numeric,true,same_frozen_numeric_contract,minimize,dimensionless,0.235,0.24,0.0050000000000000044,-0.0050000000000000044,true,9c8c9b49c54144b14cc996e377a7ef8922e26f79a5971ae8eab75295fd90d234
fgf2,ae87680e81c49de085b62b9c7e4e0783859cf3ae49b75d5c464f23f2b862d7fd,masked_substitution,0714eb32c3633ef77beeb8c07e1ef1e0f82fae3e82e2e8880ad648fa91741681,primary_parent,fef9246bf522c2c2d9e06f76c1f0b40a34eea229868bdcf78b51c159154681ae,toxinpred3_label,categorical,true,same_frozen_label_contract,audit,label,Non-Toxin,Non-Toxin,,,false,77fb3871f0fa4c1024405d5319f2797193b31e44a75ebfec216720611cb4c9cc
fgf2,5f7ccc06555ad2a68bdfb3d2c6add0c9ed5c1c84b6511d000b2e05272cf5ce10,masked_substitution,d9b7c06e5ae758efd667ce14b90328e59c9cceb19bb14d74498727ae45056782,primary_parent,fef9246bf522c2c2d9e06f76c1f0b40a34eea229868bdcf78b51c159154681ae,amp_read_log10_mic_um,numeric,true,same_frozen_numeric_contract,minimize,log10(uM),2.915548413288972,2.752055696133122,-0.16349271715585,0.16349271715585,true,d4544d3ae9889cec0128817b71cd957144d36b017854c2b2550cd311f88b1a9a
fgf2,5f7ccc06555ad2a68bdfb3d2c6add0c9ed5c1c84b6511d000b2e05272cf5ce10,masked_substitution,d9b7c06e5ae758efd667ce14b90328e59c9cceb19bb14d74498727ae45056782,primary_parent,fef9246bf522c2c2d9e06f76c1f0b40a34eea229868bdcf78b51c159154681ae,guruprasad_instability_index,numeric,true,same_frozen_numeric_contract,minimize,index,22.327273,22.327272727272724,-2.727272772062861e-07,2.727272772062861e-07,true,d738519aae462954ccf28b58552cc9ce0424382bb5dfdcfe3ec9e7f737cf3662
fgf2,5f7ccc06555ad2a68bdfb3d2c6add0c9ed5c1c84b6511d000b2e05272cf5ce10,masked_substitution,d9b7c06e5ae758efd667ce14b90328e59c9cceb19bb14d74498727ae45056782,primary_parent,fef9246bf522c2c2d9e06f76c1f0b40a34eea229868bdcf78b51c159154681ae,hydrophobic_moment_eisenberg,numeric,false,audit_metric_has_no_monotonic_improvement_direction,audit,dimensionless,0.34127361170072296,0.24909058143925691,-0.09218303026146604,,true,12974a49df103acbe5d23ff44770b5e338ea852bc941c9ef4d25d44067fd376b
fgf2,5f7ccc06555ad2a68bdfb3d2c6add0c9ed5c1c84b6511d000b2e05272cf5ce10,masked_substitution,d9b7c06e5ae758efd667ce14b90328e59c9cceb19bb14d74498727ae45056782,primary_parent,fef9246bf522c2c2d9e06f76c1f0b40a34eea229868bdcf78b51c159154681ae,hydrophobic_ratio_modlamp,numeric,false,audit_metric_has_no_monotonic_improvement_direction,audit,fraction,0.09090909090909091,0.13636363636363635,0.04545454545454544,,true,40695d17ed7725f3a3e8ddebaaace995a3f0fa04eab2dec43e128ae7bf4d1bee
fgf2,5f7ccc06555ad2a68bdfb3d2c6add0c9ed5c1c84b6511d000b2e05272cf5ce10,masked_substitution,d9b7c06e5ae758efd667ce14b90328e59c9cceb19bb14d74498727ae45056782,primary_parent,fef9246bf522c2c2d9e06f76c1f0b40a34eea229868bdcf78b51c159154681ae,llamp_log10_mic_um,numeric,true,same_frozen_numeric_contract,minimize,log10(uM),1.6722277402877808,1.7419599294662476,0.0697321891784668,-0.0697321891784668,true,287b59605efd3a20be9c562fb69366109a6a4987509a4c17f372169f83b64406
fgf2,5f7ccc06555ad2a68bdfb3d2c6add0c9ed5c1c84b6511d000b2e05272cf5ce10,masked_substitution,d9b7c06e5ae758efd667ce14b90328e59c9cceb19bb14d74498727ae45056782,primary_parent,fef9246bf522c2c2d9e06f76c1f0b40a34eea229868bdcf78b51c159154681ae,macrel_amp_probability,numeric,true,same_frozen_numeric_contract,maximize,probability,0.228,0.178,-0.05000000000000002,-0.05000000000000002,true,232fe375f8ce04b0d02a0b1487b7353794d0cab328f4f541625e5a6b6f4051d1
fgf2,5f7ccc06555ad2a68bdfb3d2c6add0c9ed5c1c84b6511d000b2e05272cf5ce10,masked_substitution,d9b7c06e5ae758efd667ce14b90328e59c9cceb19bb14d74498727ae45056782,primary_parent,fef9246bf522c2c2d9e06f76c1f0b40a34eea229868bdcf78b51c159154681ae,macrel_hemolysis_label,categorical,true,same_frozen_label_contract,audit,label,low,low,,,false,72ab4e19f7d4b3aa51016657beb553165e295ad38bb5c9e5c9a7161c7209bdeb
fgf2,5f7ccc06555ad2a68bdfb3d2c6add0c9ed5c1c84b6511d000b2e05272cf5ce10,masked_substitution,d9b7c06e5ae758efd667ce14b90328e59c9cceb19bb14d74498727ae45056782,primary_parent,fef9246bf522c2c2d9e06f76c1f0b40a34eea229868bdcf78b51c159154681ae,macrel_hemolysis_probability,numeric,true,same_frozen_numeric_contract,minimize,probability,0.376,0.277,-0.09899999999999998,0.09899999999999998,true,25253e909acd99e42df31bad76a6fcc51c2de4db118e2465021ce8a7e1736eaa
fgf2,5f7ccc06555ad2a68bdfb3d2c6add0c9ed5c1c84b6511d000b2e05272cf5ce10,masked_substitution,d9b7c06e5ae758efd667ce14b90328e59c9cceb19bb14d74498727ae45056782,primary_parent,fef9246bf522c2c2d9e06f76c1f0b40a34eea229868bdcf78b51c159154681ae,maximum_hydrophobic_run,numeric,true,same_frozen_numeric_contract,minimize,residues,2.0,2.0,0.0,-0.0,false,af5317c90d3745021aae7a8a51422c0d0dea355b90650848b5422a75fb7925be
fgf2,5f7ccc06555ad2a68bdfb3d2c6add0c9ed5c1c84b6511d000b2e05272cf5ce10,masked_substitution,d9b7c06e5ae758efd667ce14b90328e59c9cceb19bb14d74498727ae45056782,primary_parent,fef9246bf522c2c2d9e06f76c1f0b40a34eea229868bdcf78b51c159154681ae,net_charge_ph7_4,numeric,false,audit_metric_has_no_monotonic_improvement_direction,audit,elementary_charge,7.026,6.027,-0.9989999999999997,,true,559ba3b3c485946899fd681b6e4f0cf7949eafcfe5ba0582f35b670118e3037b
fgf2,5f7ccc06555ad2a68bdfb3d2c6add0c9ed5c1c84b6511d000b2e05272cf5ce10,masked_substitution,d9b7c06e5ae758efd667ce14b90328e59c9cceb19bb14d74498727ae45056782,primary_parent,fef9246bf522c2c2d9e06f76c1f0b40a34eea229868bdcf78b51c159154681ae,toxinpred3_hybrid_score,numeric,true,same_frozen_numeric_contract,minimize,dimensionless,0.235,0.23,-0.004999999999999977,0.004999999999999977,true,2cbcddf3c7c4e4581302c9741eff2d08a3fcbdc150e49b899dddb2393307d2f0
fgf2,5f7ccc06555ad2a68bdfb3d2c6add0c9ed5c1c84b6511d000b2e05272cf5ce10,masked_substitution,d9b7c06e5ae758efd667ce14b90328e59c9cceb19bb14d74498727ae45056782,primary_parent,fef9246bf522c2c2d9e06f76c1f0b40a34eea229868bdcf78b51c159154681ae,toxinpred3_label,categorical,true,same_frozen_label_contract,audit,label,Non-Toxin,Non-Toxin,,,false,dc51b2ebd38ce47f20c5c7e9cae849b9acc01e6ad477e547595a2fc63b874d5e
fgf2,3fc17814c93913ae04711001a0901132fd938e2bb9f62a92e1c289fbafd11eb0,masked_substitution,cc5a4b2d0be465e78d5fb3bf554598959fb8d196df5f0a81feeb54e5e9eef461,primary_parent,fef9246bf522c2c2d9e06f76c1f0b40a34eea229868bdcf78b51c159154681ae,amp_read_log10_mic_um,numeric,true,same_frozen_numeric_contract,minimize,log10(uM),2.915548413288972,2.653408521417358,-0.26213989187161424,0.26213989187161424,true,5407b9e5c71105199f5835f07741645817d99ad445958a46d5aa709a3229de3b
fgf2,3fc17814c93913ae04711001a0901132fd938e2bb9f62a92e1c289fbafd11eb0,masked_substitution,cc5a4b2d0be465e78d5fb3bf554598959fb8d196df5f0a81feeb54e5e9eef461,primary_parent,fef9246bf522c2c2d9e06f76c1f0b40a34eea229868bdcf78b51c159154681ae,guruprasad_instability_index,numeric,true,same_frozen_numeric_contract,minimize,index,22.327273,26.186363636363637,3.8590906363636357,-3.8590906363636357,true,fddee38d5b20211ce86b98200f5e51e043969b5831baed963574027c4f74d11d
fgf2,3fc17814c93913ae04711001a0901132fd938e2bb9f62a92e1c289fbafd11eb0,masked_substitution,cc5a4b2d0be465e78d5fb3bf554598959fb8d196df5f0a81feeb54e5e9eef461,primary_parent,fef9246bf522c2c2d9e06f76c1f0b40a34eea229868bdcf78b51c159154681ae,hydrophobic_moment_eisenberg,numeric,false,audit_metric_has_no_monotonic_improvement_direction,audit,dimensionless,0.34127361170072296,0.24598949584791685,-0.0952841158528061,,true,c67e2aee566d15a97db94de3b0a2952a7a8e97af884b3f2b9660b1ab716a0b81
fgf2,3fc17814c93913ae04711001a0901132fd938e2bb9f62a92e1c289fbafd11eb0,masked_substitution,cc5a4b2d0be465e78d5fb3bf554598959fb8d196df5f0a81feeb54e5e9eef461,primary_parent,fef9246bf522c2c2d9e06f76c1f0b40a34eea229868bdcf78b51c159154681ae,hydrophobic_ratio_modlamp,numeric,false,audit_metric_has_no_monotonic_improvement_direction,audit,fraction,0.09090909090909091,0.13636363636363635,0.04545454545454544,,true,c80716ba43d3f84ebc0474ddbbc749f0392b321f41ee98271a71125a01bde621
fgf2,3fc17814c93913ae04711001a0901132fd938e2bb9f62a92e1c289fbafd11eb0,masked_substitution,cc5a4b2d0be465e78d5fb3bf554598959fb8d196df5f0a81feeb54e5e9eef461,primary_parent,fef9246bf522c2c2d9e06f76c1f0b40a34eea229868bdcf78b51c159154681ae,llamp_log10_mic_um,numeric,true,same_frozen_numeric_contract,minimize,log10(uM),1.6722277402877808,1.7321466207504272,0.059918880462646484,-0.059918880462646484,true,aedb4426c9b42d824816a9dfe4dacef7b07895120dc621b1cc6950f1b0ad649a
fgf2,3fc17814c93913ae04711001a0901132fd938e2bb9f62a92e1c289fbafd11eb0,masked_substitution,cc5a4b2d0be465e78d5fb3bf554598959fb8d196df5f0a81feeb54e5e9eef461,primary_parent,fef9246bf522c2c2d9e06f76c1f0b40a34eea229868bdcf78b51c159154681ae,macrel_amp_probability,numeric,true,same_frozen_numeric_contract,maximize,probability,0.228,0.218,-0.010000000000000009,-0.010000000000000009,true,e9d39a5db2de72edb859d1b0a7b67cb23293724a39bc0e886a18ac77e30aa34e
fgf2,3fc17814c93913ae04711001a0901132fd938e2bb9f62a92e1c289fbafd11eb0,masked_substitution,cc5a4b2d0be465e78d5fb3bf554598959fb8d196df5f0a81feeb54e5e9eef461,primary_parent,fef9246bf522c2c2d9e06f76c1f0b40a34eea229868bdcf78b51c159154681ae,macrel_hemolysis_label,categorical,true,same_frozen_label_contract,audit,label,low,low,,,false,d5e9c0cfe25dae334a74b7f047c873f7660e9e228b6c2eeaab9fde82d248c219
fgf2,3fc17814c93913ae04711001a0901132fd938e2bb9f62a92e1c289fbafd11eb0,masked_substitution,cc5a4b2d0be465e78d5fb3bf554598959fb8d196df5f0a81feeb54e5e9eef461,primary_parent,fef9246bf522c2c2d9e06f76c1f0b40a34eea229868bdcf78b51c159154681ae,macrel_hemolysis_probability,numeric,true,same_frozen_numeric_contract,minimize,probability,0.376,0.317,-0.059,0.059,true,1e8e411f05f0f2a95df7e76313b7901d743031767a931662a84fa07c2ab2bef1
fgf2,3fc17814c93913ae04711001a0901132fd938e2bb9f62a92e1c289fbafd11eb0,masked_substitution,cc5a4b2d0be465e78d5fb3bf554598959fb8d196df5f0a81feeb54e5e9eef461,primary_parent,fef9246bf522c2c2d9e06f76c1f0b40a34eea229868bdcf78b51c159154681ae,maximum_hydrophobic_run,numeric,true,same_frozen_numeric_contract,minimize,residues,2.0,2.0,0.0,-0.0,false,52e5b4cac72872c5cf210dd5cf9481505589ca9af963aa96076ae43743fd8bc7
fgf2,3fc17814c93913ae04711001a0901132fd938e2bb9f62a92e1c289fbafd11eb0,masked_substitution,cc5a4b2d0be465e78d5fb3bf554598959fb8d196df5f0a81feeb54e5e9eef461,primary_parent,fef9246bf522c2c2d9e06f76c1f0b40a34eea229868bdcf78b51c159154681ae,net_charge_ph7_4,numeric,false,audit_metric_has_no_monotonic_improvement_direction,audit,elementary_charge,7.026,6.027,-0.9989999999999997,,true,97cff5e26b309847f330c558c929ed644f4487e2b4e2662d96b01be74acf5da9
fgf2,3fc17814c93913ae04711001a0901132fd938e2bb9f62a92e1c289fbafd11eb0,masked_substitution,cc5a4b2d0be465e78d5fb3bf554598959fb8d196df5f0a81feeb54e5e9eef461,primary_parent,fef9246bf522c2c2d9e06f76c1f0b40a34eea229868bdcf78b51c159154681ae,toxinpred3_hybrid_score,numeric,true,same_frozen_numeric_contract,minimize,dimensionless,0.235,0.0,-0.235,0.235,true,d4bd65cec460c14b1f82fed2a1a23d5844a97156b0e449a972c308c8a4475e7e
fgf2,3fc17814c93913ae04711001a0901132fd938e2bb9f62a92e1c289fbafd11eb0,masked_substitution,cc5a4b2d0be465e78d5fb3bf554598959fb8d196df5f0a81feeb54e5e9eef461,primary_parent,fef9246bf522c2c2d9e06f76c1f0b40a34eea229868bdcf78b51c159154681ae,toxinpred3_label,categorical,true,same_frozen_label_contract,audit,label,Non-Toxin,Non-Toxin,,,false,1c42b3d4e5592f780f1fb009376b5fab32958401e45c56f46d254e6197cf3503
fgf2,f4c3273f9dbd9279f83c1a7641c79e67f15d4bcced9411f6a18c94f995ca7bc5,masked_substitution,12ec9402e6946e390709234fe524de7f18170aa2c714632d615ab61f2cd1e4e4,primary_parent,fef9246bf522c2c2d9e06f76c1f0b40a34eea229868bdcf78b51c159154681ae,amp_read_log10_mic_um,numeric,true,same_frozen_numeric_contract,minimize,log10(uM),2.915548413288972,2.6221431002917264,-0.2934053129972458,0.2934053129972458,true,c5ed2f4707fe42bd6780005282432c26a07ceac512c3a3a3e26eecc96c699854
fgf2,f4c3273f9dbd9279f83c1a7641c79e67f15d4bcced9411f6a18c94f995ca7bc5,masked_substitution,12ec9402e6946e390709234fe524de7f18170aa2c714632d615ab61f2cd1e4e4,primary_parent,fef9246bf522c2c2d9e06f76c1f0b40a34eea229868bdcf78b51c159154681ae,guruprasad_instability_index,numeric,true,same_frozen_numeric_contract,minimize,index,22.327273,16.75909090909091,-5.56818209090909,5.56818209090909,true,592dc1e84a2898a2eb52a328b64dee2a7a15f41be8729352b09c281f4ba204cc
fgf2,f4c3273f9dbd9279f83c1a7641c79e67f15d4bcced9411f6a18c94f995ca7bc5,masked_substitution,12ec9402e6946e390709234fe524de7f18170aa2c714632d615ab61f2cd1e4e4,primary_parent,fef9246bf522c2c2d9e06f76c1f0b40a34eea229868bdcf78b51c159154681ae,hydrophobic_moment_eisenberg,numeric,false,audit_metric_has_no_monotonic_improvement_direction,audit,dimensionless,0.34127361170072296,0.2583256161532927,-0.08294799554743026,,true,a1dfd48437e9a566d227d6f7fc7a3f9d6f1357f05c674d41d18988b6daaddeac
fgf2,f4c3273f9dbd9279f83c1a7641c79e67f15d4bcced9411f6a18c94f995ca7bc5,masked_substitution,12ec9402e6946e390709234fe524de7f18170aa2c714632d615ab61f2cd1e4e4,primary_parent,fef9246bf522c2c2d9e06f76c1f0b40a34eea229868bdcf78b51c159154681ae,hydrophobic_ratio_modlamp,numeric,false,audit_metric_has_no_monotonic_improvement_direction,audit,fraction,0.09090909090909091,0.09090909090909091,0.0,,false,3ec737779398681c863c372178881a33bce87d8e42b4f03a9a045c466d87c3df
fgf2,f4c3273f9dbd9279f83c1a7641c79e67f15d4bcced9411f6a18c94f995ca7bc5,masked_substitution,12ec9402e6946e390709234fe524de7f18170aa2c714632d615ab61f2cd1e4e4,primary_parent,fef9246bf522c2c2d9e06f76c1f0b40a34eea229868bdcf78b51c159154681ae,llamp_log10_mic_um,numeric,true,same_frozen_numeric_contract,minimize,log10(uM),1.6722277402877808,1.9313157796859741,0.25908803939819336,-0.25908803939819336,true,57c51eb4e19f3f9eb21de1e684787428c1c09f9c17f09dc390e307fc197b0b41
fgf2,f4c3273f9dbd9279f83c1a7641c79e67f15d4bcced9411f6a18c94f995ca7bc5,masked_substitution,12ec9402e6946e390709234fe524de7f18170aa2c714632d615ab61f2cd1e4e4,primary_parent,fef9246bf522c2c2d9e06f76c1f0b40a34eea229868bdcf78b51c159154681ae,macrel_amp_probability,numeric,true,same_frozen_numeric_contract,maximize,probability,0.228,0.238,0.009999999999999981,0.009999999999999981,true,e42cd224e0dad2ae8e7c57962a5ae65b4eaaeba646dbf1104de79ecfd3c887f2
fgf2,f4c3273f9dbd9279f83c1a7641c79e67f15d4bcced9411f6a18c94f995ca7bc5,masked_substitution,12ec9402e6946e390709234fe524de7f18170aa2c714632d615ab61f2cd1e4e4,primary_parent,fef9246bf522c2c2d9e06f76c1f0b40a34eea229868bdcf78b51c159154681ae,macrel_hemolysis_label,categorical,true,same_frozen_label_contract,audit,label,low,low,,,false,4723e189eb515ebc5b9238ae0fede2c0ef310f1adfc3626485485cb27bd46ee9
fgf2,f4c3273f9dbd9279f83c1a7641c79e67f15d4bcced9411f6a18c94f995ca7bc5,masked_substitution,12ec9402e6946e390709234fe524de7f18170aa2c714632d615ab61f2cd1e4e4,primary_parent,fef9246bf522c2c2d9e06f76c1f0b40a34eea229868bdcf78b51c159154681ae,macrel_hemolysis_probability,numeric,true,same_frozen_numeric_contract,minimize,probability,0.376,0.347,-0.029000000000000026,0.029000000000000026,true,28b34f25820481299ed78760f264bc0c555b7517494340bfc62f0828bd541420
fgf2,f4c3273f9dbd9279f83c1a7641c79e67f15d4bcced9411f6a18c94f995ca7bc5,masked_substitution,12ec9402e6946e390709234fe524de7f18170aa2c714632d615ab61f2cd1e4e4,primary_parent,fef9246bf522c2c2d9e06f76c1f0b40a34eea229868bdcf78b51c159154681ae,maximum_hydrophobic_run,numeric,true,same_frozen_numeric_contract,minimize,residues,2.0,2.0,0.0,-0.0,false,c33929c53b40ef55872a8ff9980dd974944206b14857ca03e59892667005d607
fgf2,f4c3273f9dbd9279f83c1a7641c79e67f15d4bcced9411f6a18c94f995ca7bc5,masked_substitution,12ec9402e6946e390709234fe524de7f18170aa2c714632d615ab61f2cd1e4e4,primary_parent,fef9246bf522c2c2d9e06f76c1f0b40a34eea229868bdcf78b51c159154681ae,net_charge_ph7_4,numeric,false,audit_metric_has_no_monotonic_improvement_direction,audit,elementary_charge,7.026,6.027,-0.9989999999999997,,true,b62872a0d8e00d3c13bd53b8e329fef0c9b188a1b6d0975d85c780f16fc2cca9
fgf2,f4c3273f9dbd9279f83c1a7641c79e67f15d4bcced9411f6a18c94f995ca7bc5,masked_substitution,12ec9402e6946e390709234fe524de7f18170aa2c714632d615ab61f2cd1e4e4,primary_parent,fef9246bf522c2c2d9e06f76c1f0b40a34eea229868bdcf78b51c159154681ae,toxinpred3_hybrid_score,numeric,true,same_frozen_numeric_contract,minimize,dimensionless,0.235,0.285,0.04999999999999999,-0.04999999999999999,true,9f4bdfebf2f8795efebf22b5f374375500f2d31c2252267a9a21302b7a962f6c
fgf2,f4c3273f9dbd9279f83c1a7641c79e67f15d4bcced9411f6a18c94f995ca7bc5,masked_substitution,12ec9402e6946e390709234fe524de7f18170aa2c714632d615ab61f2cd1e4e4,primary_parent,fef9246bf522c2c2d9e06f76c1f0b40a34eea229868bdcf78b51c159154681ae,toxinpred3_label,categorical,true,same_frozen_label_contract,audit,label,Non-Toxin,Non-Toxin,,,false,e12e298c291b1a4a2c25fc0b0a93f8fc90384de687331c6326ff6e0baf8ae746
fgf2,b481c7bb52abc6c0039e7ffd692b0d6da153deb317410d7b54a1eadcfc7478c3,masked_substitution,27ca22538ed1f38d13ebc6d3352a6522a29e6758eff7311421ed475378106b47,primary_parent,fef9246bf522c2c2d9e06f76c1f0b40a34eea229868bdcf78b51c159154681ae,amp_read_log10_mic_um,numeric,true,same_frozen_numeric_contract,minimize,log10(uM),2.915548413288972,2.650181030475345,-0.2653673828136274,0.2653673828136274,true,8ebe926b578373724a322ed15746d7463439bdb030d075bedef3d93b22fe270a
fgf2,b481c7bb52abc6c0039e7ffd692b0d6da153deb317410d7b54a1eadcfc7478c3,masked_substitution,27ca22538ed1f38d13ebc6d3352a6522a29e6758eff7311421ed475378106b47,primary_parent,fef9246bf522c2c2d9e06f76c1f0b40a34eea229868bdcf78b51c159154681ae,guruprasad_instability_index,numeric,true,same_frozen_numeric_contract,minimize,index,22.327273,27.936363636363637,5.609090636363636,-5.609090636363636,true,f4ba9ba7d811c0caac8663289b70f519e73ac5a7d8793f03c2913d2e6ddc5af7
fgf2,b481c7bb52abc6c0039e7ffd692b0d6da153deb317410d7b54a1eadcfc7478c3,masked_substitution,27ca22538ed1f38d13ebc6d3352a6522a29e6758eff7311421ed475378106b47,primary_parent,fef9246bf522c2c2d9e06f76c1f0b40a34eea229868bdcf78b51c159154681ae,hydrophobic_moment_eisenberg,numeric,false,audit_metric_has_no_monotonic_improvement_direction,audit,dimensionless,0.34127361170072296,0.2767199352269307,-0.06455367647379223,,true,d976c5d6860571d6a7bd9867dbbfa4172c242adebf91f8d1cf04e104a1ff65ea
fgf2,b481c7bb52abc6c0039e7ffd692b0d6da153deb317410d7b54a1eadcfc7478c3,masked_substitution,27ca22538ed1f38d13ebc6d3352a6522a29e6758eff7311421ed475378106b47,primary_parent,fef9246bf522c2c2d9e06f76c1f0b40a34eea229868bdcf78b51c159154681ae,hydrophobic_ratio_modlamp,numeric,false,audit_metric_has_no_monotonic_improvement_direction,audit,fraction,0.09090909090909091,0.09090909090909091,0.0,,false,3ca8c76c05d82e4725ab354d52535832297f136a7d34f185cf097583f82d8a12
fgf2,b481c7bb52abc6c0039e7ffd692b0d6da153deb317410d7b54a1eadcfc7478c3,masked_substitution,27ca22538ed1f38d13ebc6d3352a6522a29e6758eff7311421ed475378106b47,primary_parent,fef9246bf522c2c2d9e06f76c1f0b40a34eea229868bdcf78b51c159154681ae,llamp_log10_mic_um,numeric,true,same_frozen_numeric_contract,minimize,log10(uM),1.6722277402877808,1.8133662939071655,0.14113855361938477,-0.14113855361938477,true,e54aefdf0f4ab72230a94b14abb2ff5ce655efaf7a4b83a3c8f7ff47e969b549
fgf2,b481c7bb52abc6c0039e7ffd692b0d6da153deb317410d7b54a1eadcfc7478c3,masked_substitution,27ca22538ed1f38d13ebc6d3352a6522a29e6758eff7311421ed475378106b47,primary_parent,fef9246bf522c2c2d9e06f76c1f0b40a34eea229868bdcf78b51c159154681ae,macrel_amp_probability,numeric,true,same_frozen_numeric_contract,maximize,probability,0.228,0.208,-0.020000000000000018,-0.020000000000000018,true,37207178bdd584eab434e60b1d037bfaa018570f671e8e72ce33a5f6aef7a4fc
fgf2,b481c7bb52abc6c0039e7ffd692b0d6da153deb317410d7b54a1eadcfc7478c3,masked_substitution,27ca22538ed1f38d13ebc6d3352a6522a29e6758eff7311421ed475378106b47,primary_parent,fef9246bf522c2c2d9e06f76c1f0b40a34eea229868bdcf78b51c159154681ae,macrel_hemolysis_label,categorical,true,same_frozen_label_contract,audit,label,low,low,,,false,7ba756d9ad8a9eeae30f1bdc547a831a31d20741eb50776d4fc919a959bb63cb
fgf2,b481c7bb52abc6c0039e7ffd692b0d6da153deb317410d7b54a1eadcfc7478c3,masked_substitution,27ca22538ed1f38d13ebc6d3352a6522a29e6758eff7311421ed475378106b47,primary_parent,fef9246bf522c2c2d9e06f76c1f0b40a34eea229868bdcf78b51c159154681ae,macrel_hemolysis_probability,numeric,true,same_frozen_numeric_contract,minimize,probability,0.376,0.297,-0.07900000000000001,0.07900000000000001,true,0c9d6d32991c739a30eb3c36f98c93c2c8fb76c7533cf2304e542629b86456a5
fgf2,b481c7bb52abc6c0039e7ffd692b0d6da153deb317410d7b54a1eadcfc7478c3,masked_substitution,27ca22538ed1f38d13ebc6d3352a6522a29e6758eff7311421ed475378106b47,primary_parent,fef9246bf522c2c2d9e06f76c1f0b40a34eea229868bdcf78b51c159154681ae,maximum_hydrophobic_run,numeric,true,same_frozen_numeric_contract,minimize,residues,2.0,2.0,0.0,-0.0,false,80e4769d1f56eb00b368ad73e2981800893022e02c4ffba40146316b648734d7
fgf2,b481c7bb52abc6c0039e7ffd692b0d6da153deb317410d7b54a1eadcfc7478c3,masked_substitution,27ca22538ed1f38d13ebc6d3352a6522a29e6758eff7311421ed475378106b47,primary_parent,fef9246bf522c2c2d9e06f76c1f0b40a34eea229868bdcf78b51c159154681ae,net_charge_ph7_4,numeric,false,audit_metric_has_no_monotonic_improvement_direction,audit,elementary_charge,7.026,6.025,-1.0009999999999994,,true,d59fd7772a90997fbaa247fd8a094e5783967f283745b10b43944631dfcb30bc
fgf2,b481c7bb52abc6c0039e7ffd692b0d6da153deb317410d7b54a1eadcfc7478c3,masked_substitution,27ca22538ed1f38d13ebc6d3352a6522a29e6758eff7311421ed475378106b47,primary_parent,fef9246bf522c2c2d9e06f76c1f0b40a34eea229868bdcf78b51c159154681ae,toxinpred3_hybrid_score,numeric,true,same_frozen_numeric_contract,minimize,dimensionless,0.235,0.27,0.03500000000000003,-0.03500000000000003,true,a1cf258eadbb94a28969116325f6722de34432f5c13bde6d88fd9e428da90a24
fgf2,b481c7bb52abc6c0039e7ffd692b0d6da153deb317410d7b54a1eadcfc7478c3,masked_substitution,27ca22538ed1f38d13ebc6d3352a6522a29e6758eff7311421ed475378106b47,primary_parent,fef9246bf522c2c2d9e06f76c1f0b40a34eea229868bdcf78b51c159154681ae,toxinpred3_label,categorical,true,same_frozen_label_contract,audit,label,Non-Toxin,Non-Toxin,,,false,9f8ab82baed6f0d486f01d724b7d21beacea4654e092539bdd53772a447347aa
fgf2,78e2be3946f3388779b6412d1342b17d3195c9c6987363fb7a3c0a7f5f3d5ffa,masked_substitution,27936ab71c461f34c024494327581feb646c4495f463a965fedb75f8772ad33b,primary_parent,fef9246bf522c2c2d9e06f76c1f0b40a34eea229868bdcf78b51c159154681ae,amp_read_log10_mic_um,numeric,true,same_frozen_numeric_contract,minimize,log10(uM),2.915548413288972,2.75388464389749,-0.16166376939148197,0.16166376939148197,true,20af579a840ab12ccad854b2129150f033c95f518c72b56325d7f339447e8916
fgf2,78e2be3946f3388779b6412d1342b17d3195c9c6987363fb7a3c0a7f5f3d5ffa,masked_substitution,27936ab71c461f34c024494327581feb646c4495f463a965fedb75f8772ad33b,primary_parent,fef9246bf522c2c2d9e06f76c1f0b40a34eea229868bdcf78b51c159154681ae,guruprasad_instability_index,numeric,true,same_frozen_numeric_contract,minimize,index,22.327273,30.045454545454543,7.7181815454545415,-7.7181815454545415,true,7e7acfa7f269cea9d0815a448b6aad8d52305e7a4ab80e0ae07ba588d75b03c9
fgf2,78e2be3946f3388779b6412d1342b17d3195c9c6987363fb7a3c0a7f5f3d5ffa,masked_substitution,27936ab71c461f34c024494327581feb646c4495f463a965fedb75f8772ad33b,primary_parent,fef9246bf522c2c2d9e06f76c1f0b40a34eea229868bdcf78b51c159154681ae,hydrophobic_moment_eisenberg,numeric,false,audit_metric_has_no_monotonic_improvement_direction,audit,dimensionless,0.34127361170072296,0.33593623794410066,-0.005337373756622299,,true,0ce6c2b048c10193244d0954d7d58b79b3108e9fd62c0321456823a770bc92d3
fgf2,78e2be3946f3388779b6412d1342b17d3195c9c6987363fb7a3c0a7f5f3d5ffa,masked_substitution,27936ab71c461f34c024494327581feb646c4495f463a965fedb75f8772ad33b,primary_parent,fef9246bf522c2c2d9e06f76c1f0b40a34eea229868bdcf78b51c159154681ae,hydrophobic_ratio_modlamp,numeric,false,audit_metric_has_no_monotonic_improvement_direction,audit,fraction,0.09090909090909091,0.09090909090909091,0.0,,false,6f321eea295419b6f3b452e752cd9c11a1f15063ec0d236ae510caf5d8d9f441
fgf2,78e2be3946f3388779b6412d1342b17d3195c9c6987363fb7a3c0a7f5f3d5ffa,masked_substitution,27936ab71c461f34c024494327581feb646c4495f463a965fedb75f8772ad33b,primary_parent,fef9246bf522c2c2d9e06f76c1f0b40a34eea229868bdcf78b51c159154681ae,llamp_log10_mic_um,numeric,true,same_frozen_numeric_contract,minimize,log10(uM),1.6722277402877808,1.87451171875,0.20228397846221924,-0.20228397846221924,true,8a14baf2f8ae8dab14cd1a3a8d26179dae1942b43b452080010e382b73af0653
fgf2,78e2be3946f3388779b6412d1342b17d3195c9c6987363fb7a3c0a7f5f3d5ffa,masked_substitution,27936ab71c461f34c024494327581feb646c4495f463a965fedb75f8772ad33b,primary_parent,fef9246bf522c2c2d9e06f76c1f0b40a34eea229868bdcf78b51c159154681ae,macrel_amp_probability,numeric,true,same_frozen_numeric_contract,maximize,probability,0.228,0.307,0.07899999999999999,0.07899999999999999,true,640fa83110ca3d6d66258a808d6f6d3c4753f72e68aaf477442c3b9bd3f82f8b
fgf2,78e2be3946f3388779b6412d1342b17d3195c9c6987363fb7a3c0a7f5f3d5ffa,masked_substitution,27936ab71c461f34c024494327581feb646c4495f463a965fedb75f8772ad33b,primary_parent,fef9246bf522c2c2d9e06f76c1f0b40a34eea229868bdcf78b51c159154681ae,macrel_hemolysis_label,categorical,true,same_frozen_label_contract,audit,label,low,low,,,false,5d52ce5542c6fa44d5e26aa13aca44fe7f757501122c7aa24f01a0dd4fc3205f
fgf2,78e2be3946f3388779b6412d1342b17d3195c9c6987363fb7a3c0a7f5f3d5ffa,masked_substitution,27936ab71c461f34c024494327581feb646c4495f463a965fedb75f8772ad33b,primary_parent,fef9246bf522c2c2d9e06f76c1f0b40a34eea229868bdcf78b51c159154681ae,macrel_hemolysis_probability,numeric,true,same_frozen_numeric_contract,minimize,probability,0.376,0.396,0.020000000000000018,-0.020000000000000018,true,6051ee6d2aadef1330b010b65e0647a8939f8c9745ae704262962047c3cf6e3b
fgf2,78e2be3946f3388779b6412d1342b17d3195c9c6987363fb7a3c0a7f5f3d5ffa,masked_substitution,27936ab71c461f34c024494327581feb646c4495f463a965fedb75f8772ad33b,primary_parent,fef9246bf522c2c2d9e06f76c1f0b40a34eea229868bdcf78b51c159154681ae,maximum_hydrophobic_run,numeric,true,same_frozen_numeric_contract,minimize,residues,2.0,2.0,0.0,-0.0,false,ea03aca206162d12b3fb444f127e66f658545e8f635e476d9573b0015eb3a037
fgf2,78e2be3946f3388779b6412d1342b17d3195c9c6987363fb7a3c0a7f5f3d5ffa,masked_substitution,27936ab71c461f34c024494327581feb646c4495f463a965fedb75f8772ad33b,primary_parent,fef9246bf522c2c2d9e06f76c1f0b40a34eea229868bdcf78b51c159154681ae,net_charge_ph7_4,numeric,false,audit_metric_has_no_monotonic_improvement_direction,audit,elementary_charge,7.026,7.026,0.0,,false,94943d2c1aa0889cda84ef44fb81c0cf9df91cfeece02ef81f8c2fbaeecbe510
fgf2,78e2be3946f3388779b6412d1342b17d3195c9c6987363fb7a3c0a7f5f3d5ffa,masked_substitution,27936ab71c461f34c024494327581feb646c4495f463a965fedb75f8772ad33b,primary_parent,fef9246bf522c2c2d9e06f76c1f0b40a34eea229868bdcf78b51c159154681ae,toxinpred3_hybrid_score,numeric,true,same_frozen_numeric_contract,minimize,dimensionless,0.235,0.265,0.030000000000000027,-0.030000000000000027,true,59a3dcd622a082169deaabba7192e396cdc8af92e8e644bc54523470969ec41d
fgf2,78e2be3946f3388779b6412d1342b17d3195c9c6987363fb7a3c0a7f5f3d5ffa,masked_substitution,27936ab71c461f34c024494327581feb646c4495f463a965fedb75f8772ad33b,primary_parent,fef9246bf522c2c2d9e06f76c1f0b40a34eea229868bdcf78b51c159154681ae,toxinpred3_label,categorical,true,same_frozen_label_contract,audit,label,Non-Toxin,Non-Toxin,,,false,4ee5758a2f39d3bd52c43024b25ca3f4b8e18c411aab6c54ac2e2b9f8238b7ea
fgf2,581961233bab37cf3a3cf63a7ad7973963166aa9afee25cb24f55b82c991f07d,masked_substitution,06b36f68a31fa06d315082016514c31bead3e23e11a736371a3f574c40bdebd4,primary_parent,fef9246bf522c2c2d9e06f76c1f0b40a34eea229868bdcf78b51c159154681ae,amp_read_log10_mic_um,numeric,true,same_frozen_numeric_contract,minimize,log10(uM),2.915548413288972,2.8237670430840733,-0.09178137020489885,0.09178137020489885,true,2e9e29a705f625831d9d358589499e9b3f4f19ea014db0bab43d0e0b8e8c1727
fgf2,581961233bab37cf3a3cf63a7ad7973963166aa9afee25cb24f55b82c991f07d,masked_substitution,06b36f68a31fa06d315082016514c31bead3e23e11a736371a3f574c40bdebd4,primary_parent,fef9246bf522c2c2d9e06f76c1f0b40a34eea229868bdcf78b51c159154681ae,guruprasad_instability_index,numeric,true,same_frozen_numeric_contract,minimize,index,22.327273,30.045454545454543,7.7181815454545415,-7.7181815454545415,true,3f6f19df11f310272511babcad05b51214a151726421f77277434b094b724923
fgf2,581961233bab37cf3a3cf63a7ad7973963166aa9afee25cb24f55b82c991f07d,masked_substitution,06b36f68a31fa06d315082016514c31bead3e23e11a736371a3f574c40bdebd4,primary_parent,fef9246bf522c2c2d9e06f76c1f0b40a34eea229868bdcf78b51c159154681ae,hydrophobic_moment_eisenberg,numeric,false,audit_metric_has_no_monotonic_improvement_direction,audit,dimensionless,0.34127361170072296,0.3451483151188816,0.0038747034181586537,,true,a00daa47dcbc2e9cc564c27120d9853da68045c9f98dec92a8f5d53b7b9c075d
fgf2,581961233bab37cf3a3cf63a7ad7973963166aa9afee25cb24f55b82c991f07d,masked_substitution,06b36f68a31fa06d315082016514c31bead3e23e11a736371a3f574c40bdebd4,primary_parent,fef9246bf522c2c2d9e06f76c1f0b40a34eea229868bdcf78b51c159154681ae,hydrophobic_ratio_modlamp,numeric,false,audit_metric_has_no_monotonic_improvement_direction,audit,fraction,0.09090909090909091,0.09090909090909091,0.0,,false,15bbf304792f0aa9ad0ed86228cb42d7e30e625626f6bef1ad84ee552f15f2d6
fgf2,581961233bab37cf3a3cf63a7ad7973963166aa9afee25cb24f55b82c991f07d,masked_substitution,06b36f68a31fa06d315082016514c31bead3e23e11a736371a3f574c40bdebd4,primary_parent,fef9246bf522c2c2d9e06f76c1f0b40a34eea229868bdcf78b51c159154681ae,llamp_log10_mic_um,numeric,true,same_frozen_numeric_contract,minimize,log10(uM),1.6722277402877808,1.8803337812423706,0.20810604095458984,-0.20810604095458984,true,0e7d3e8facf580629653e074713ef9fd006a958e30d812de15e5b63df9d549bb
fgf2,581961233bab37cf3a3cf63a7ad7973963166aa9afee25cb24f55b82c991f07d,masked_substitution,06b36f68a31fa06d315082016514c31bead3e23e11a736371a3f574c40bdebd4,primary_parent,fef9246bf522c2c2d9e06f76c1f0b40a34eea229868bdcf78b51c159154681ae,macrel_amp_probability,numeric,true,same_frozen_numeric_contract,maximize,probability,0.228,0.307,0.07899999999999999,0.07899999999999999,true,4d6529c473deea206c541394e8cc45cc3ad47a68ed8a22218a160938ff4947de
fgf2,581961233bab37cf3a3cf63a7ad7973963166aa9afee25cb24f55b82c991f07d,masked_substitution,06b36f68a31fa06d315082016514c31bead3e23e11a736371a3f574c40bdebd4,primary_parent,fef9246bf522c2c2d9e06f76c1f0b40a34eea229868bdcf78b51c159154681ae,macrel_hemolysis_label,categorical,true,same_frozen_label_contract,audit,label,low,low,,,false,6ae7088f907394a4a7dab73206f06ea3c6e63fb575f21a9cde590d80b9fc6586
fgf2,581961233bab37cf3a3cf63a7ad7973963166aa9afee25cb24f55b82c991f07d,masked_substitution,06b36f68a31fa06d315082016514c31bead3e23e11a736371a3f574c40bdebd4,primary_parent,fef9246bf522c2c2d9e06f76c1f0b40a34eea229868bdcf78b51c159154681ae,macrel_hemolysis_probability,numeric,true,same_frozen_numeric_contract,minimize,probability,0.376,0.376,0.0,-0.0,false,91119599aeed80308aa3821a93c3c1f5f4f28645e4db70cd21ec5ae1f405995a
fgf2,581961233bab37cf3a3cf63a7ad7973963166aa9afee25cb24f55b82c991f07d,masked_substitution,06b36f68a31fa06d315082016514c31bead3e23e11a736371a3f574c40bdebd4,primary_parent,fef9246bf522c2c2d9e06f76c1f0b40a34eea229868bdcf78b51c159154681ae,maximum_hydrophobic_run,numeric,true,same_frozen_numeric_contract,minimize,residues,2.0,2.0,0.0,-0.0,false,9229a952f561660af0844528e9ca968d60ff6e43cb3a02f2861a957c33551005
fgf2,581961233bab37cf3a3cf63a7ad7973963166aa9afee25cb24f55b82c991f07d,masked_substitution,06b36f68a31fa06d315082016514c31bead3e23e11a736371a3f574c40bdebd4,primary_parent,fef9246bf522c2c2d9e06f76c1f0b40a34eea229868bdcf78b51c159154681ae,net_charge_ph7_4,numeric,false,audit_metric_has_no_monotonic_improvement_direction,audit,elementary_charge,7.026,7.024,-0.0019999999999997797,,true,ba58fb58425aceb38394b70e636ad6f115f9a73b19464934ff41b79d4eafa814
fgf2,581961233bab37cf3a3cf63a7ad7973963166aa9afee25cb24f55b82c991f07d,masked_substitution,06b36f68a31fa06d315082016514c31bead3e23e11a736371a3f574c40bdebd4,primary_parent,fef9246bf522c2c2d9e06f76c1f0b40a34eea229868bdcf78b51c159154681ae,toxinpred3_hybrid_score,numeric,true,same_frozen_numeric_contract,minimize,dimensionless,0.235,0.215,-0.01999999999999999,0.01999999999999999,true,26659b1cfd25ea8523237bbcd474a213c4c813d0e0a0c4ebfda9faf127b10313
fgf2,581961233bab37cf3a3cf63a7ad7973963166aa9afee25cb24f55b82c991f07d,masked_substitution,06b36f68a31fa06d315082016514c31bead3e23e11a736371a3f574c40bdebd4,primary_parent,fef9246bf522c2c2d9e06f76c1f0b40a34eea229868bdcf78b51c159154681ae,toxinpred3_label,categorical,true,same_frozen_label_contract,audit,label,Non-Toxin,Non-Toxin,,,false,1bc734820bd657872095f73c8e401b57570169f216bb46a1182cd49349ffe88e
fgf2,40c034109b1fc983aa9e5b2324e716adbce3b26cd31d20964c5717da644871d1,masked_substitution,b28d0a3e62f8dfec605b7b7bf2289895f40fe672b30a3df9a45ee652e575f73b,primary_parent,fef9246bf522c2c2d9e06f76c1f0b40a34eea229868bdcf78b51c159154681ae,amp_read_log10_mic_um,numeric,true,same_frozen_numeric_contract,minimize,log10(uM),2.915548413288972,2.792178429559071,-0.12336998372990138,0.12336998372990138,true,934249698e95e9a96a34b5400ae3f8f4fcec70ec76f697115112cf0ab227511f
fgf2,40c034109b1fc983aa9e5b2324e716adbce3b26cd31d20964c5717da644871d1,masked_substitution,b28d0a3e62f8dfec605b7b7bf2289895f40fe672b30a3df9a45ee652e575f73b,primary_parent,fef9246bf522c2c2d9e06f76c1f0b40a34eea229868bdcf78b51c159154681ae,guruprasad_instability_index,numeric,true,same_frozen_numeric_contract,minimize,index,22.327273,22.327272727272724,-2.727272772062861e-07,2.727272772062861e-07,true,043d21aea352abbfd93df645fd21d22702c266af92217ae233a6e52f750d39e9
fgf2,40c034109b1fc983aa9e5b2324e716adbce3b26cd31d20964c5717da644871d1,masked_substitution,b28d0a3e62f8dfec605b7b7bf2289895f40fe672b30a3df9a45ee652e575f73b,primary_parent,fef9246bf522c2c2d9e06f76c1f0b40a34eea229868bdcf78b51c159154681ae,hydrophobic_moment_eisenberg,numeric,false,audit_metric_has_no_monotonic_improvement_direction,audit,dimensionless,0.34127361170072296,0.43598506886446503,0.09471145716374207,,true,8bcb69a1eaaa81f93d5c19b4c188a4f42f0116b2bff0f180f0f0898292fb06e7
fgf2,40c034109b1fc983aa9e5b2324e716adbce3b26cd31d20964c5717da644871d1,masked_substitution,b28d0a3e62f8dfec605b7b7bf2289895f40fe672b30a3df9a45ee652e575f73b,primary_parent,fef9246bf522c2c2d9e06f76c1f0b40a34eea229868bdcf78b51c159154681ae,hydrophobic_ratio_modlamp,numeric,false,audit_metric_has_no_monotonic_improvement_direction,audit,fraction,0.09090909090909091,0.13636363636363635,0.04545454545454544,,true,6573b5cab52b99cbb060b37b7f265a19a24778ac943462f839aca8e7f252ccbe
fgf2,40c034109b1fc983aa9e5b2324e716adbce3b26cd31d20964c5717da644871d1,masked_substitution,b28d0a3e62f8dfec605b7b7bf2289895f40fe672b30a3df9a45ee652e575f73b,primary_parent,fef9246bf522c2c2d9e06f76c1f0b40a34eea229868bdcf78b51c159154681ae,llamp_log10_mic_um,numeric,true,same_frozen_numeric_contract,minimize,log10(uM),1.6722277402877808,2.2817740440368652,0.6095463037490845,-0.6095463037490845,true,d1a7b95e262d7279f1d0ef4aa2e1f39e9832302c0c2af704cd6ea37d38b16d6a
fgf2,40c034109b1fc983aa9e5b2324e716adbce3b26cd31d20964c5717da644871d1,masked_substitution,b28d0a3e62f8dfec605b7b7bf2289895f40fe672b30a3df9a45ee652e575f73b,primary_parent,fef9246bf522c2c2d9e06f76c1f0b40a34eea229868bdcf78b51c159154681ae,macrel_amp_probability,numeric,true,same_frozen_numeric_contract,maximize,probability,0.228,0.168,-0.06,-0.06,true,e08285da2f4540a831185bd465de2c36c18c747229ae8fc7bbcb73ddd4470955
fgf2,40c034109b1fc983aa9e5b2324e716adbce3b26cd31d20964c5717da644871d1,masked_substitution,b28d0a3e62f8dfec605b7b7bf2289895f40fe672b30a3df9a45ee652e575f73b,primary_parent,fef9246bf522c2c2d9e06f76c1f0b40a34eea229868bdcf78b51c159154681ae,macrel_hemolysis_label,categorical,true,same_frozen_label_contract,audit,label,low,low,,,false,7290771b89a52acc7a45b58ffcc39b764567b09f3b13cb4104e02e4c6fc19809
fgf2,40c034109b1fc983aa9e5b2324e716adbce3b26cd31d20964c5717da644871d1,masked_substitution,b28d0a3e62f8dfec605b7b7bf2289895f40fe672b30a3df9a45ee652e575f73b,primary_parent,fef9246bf522c2c2d9e06f76c1f0b40a34eea229868bdcf78b51c159154681ae,macrel_hemolysis_probability,numeric,true,same_frozen_numeric_contract,minimize,probability,0.376,0.347,-0.029000000000000026,0.029000000000000026,true,e6616643ccd61044053ff34abc21367fd4b5618258aa54be96cc7837a8c56723
fgf2,40c034109b1fc983aa9e5b2324e716adbce3b26cd31d20964c5717da644871d1,masked_substitution,b28d0a3e62f8dfec605b7b7bf2289895f40fe672b30a3df9a45ee652e575f73b,primary_parent,fef9246bf522c2c2d9e06f76c1f0b40a34eea229868bdcf78b51c159154681ae,maximum_hydrophobic_run,numeric,true,same_frozen_numeric_contract,minimize,residues,2.0,2.0,0.0,-0.0,false,95c961e0b70d18ef1176efc6ab7e38023e6068d58486afabd74770f0b070a7db
fgf2,40c034109b1fc983aa9e5b2324e716adbce3b26cd31d20964c5717da644871d1,masked_substitution,b28d0a3e62f8dfec605b7b7bf2289895f40fe672b30a3df9a45ee652e575f73b,primary_parent,fef9246bf522c2c2d9e06f76c1f0b40a34eea229868bdcf78b51c159154681ae,net_charge_ph7_4,numeric,false,audit_metric_has_no_monotonic_improvement_direction,audit,elementary_charge,7.026,6.027,-0.9989999999999997,,true,25a4143fc772b86d0781d5d3a7dbf8f5de283de3a9bd8d6b25daeb2704a09412
fgf2,40c034109b1fc983aa9e5b2324e716adbce3b26cd31d20964c5717da644871d1,masked_substitution,b28d0a3e62f8dfec605b7b7bf2289895f40fe672b30a3df9a45ee652e575f73b,primary_parent,fef9246bf522c2c2d9e06f76c1f0b40a34eea229868bdcf78b51c159154681ae,toxinpred3_hybrid_score,numeric,true,same_frozen_numeric_contract,minimize,dimensionless,0.235,0.26,0.025000000000000022,-0.025000000000000022,true,e9cc2fd2f96a90d544150dc07b18b6c963746d30c652ad8591428b0b9ce19c6e
fgf2,40c034109b1fc983aa9e5b2324e716adbce3b26cd31d20964c5717da644871d1,masked_substitution,b28d0a3e62f8dfec605b7b7bf2289895f40fe672b30a3df9a45ee652e575f73b,primary_parent,fef9246bf522c2c2d9e06f76c1f0b40a34eea229868bdcf78b51c159154681ae,toxinpred3_label,categorical,true,same_frozen_label_contract,audit,label,Non-Toxin,Non-Toxin,,,false,cc19949effd7088c659548d9435d2c5b14ce794c888b5af1780b35d66ffa8de8
fgf2,ddae15d92b46846e1bfd1fca579f25d84b2f53e61b7310a521a62e86af090346,masked_substitution,aa0b82af4249b6b76f1b0c309407690f1170d20db99fb02973e100611b725fc9,primary_parent,fef9246bf522c2c2d9e06f76c1f0b40a34eea229868bdcf78b51c159154681ae,amp_read_log10_mic_um,numeric,true,same_frozen_numeric_contract,minimize,log10(uM),2.915548413288972,2.816091756399734,-0.0994566568892381,0.0994566568892381,true,7ca462c13b0b1e14ae93af66a7c8ac739abd316283c194588ed1edebf4542f8c
fgf2,ddae15d92b46846e1bfd1fca579f25d84b2f53e61b7310a521a62e86af090346,masked_substitution,aa0b82af4249b6b76f1b0c309407690f1170d20db99fb02973e100611b725fc9,primary_parent,fef9246bf522c2c2d9e06f76c1f0b40a34eea229868bdcf78b51c159154681ae,guruprasad_instability_index,numeric,true,same_frozen_numeric_contract,minimize,index,22.327273,18.468181818181815,-3.8590911818181866,3.8590911818181866,true,5b0904e068681d151032aedb4338430051dc4c89c57784bb8a98d71947ceff92
fgf2,ddae15d92b46846e1bfd1fca579f25d84b2f53e61b7310a521a62e86af090346,masked_substitution,aa0b82af4249b6b76f1b0c309407690f1170d20db99fb02973e100611b725fc9,primary_parent,fef9246bf522c2c2d9e06f76c1f0b40a34eea229868bdcf78b51c159154681ae,hydrophobic_moment_eisenberg,numeric,false,audit_metric_has_no_monotonic_improvement_direction,audit,dimensionless,0.34127361170072296,0.4710004345436944,0.12972682284297143,,true,0afd004fbad54d4a5b150754d87f2eab8b5cbec095cc704e116395b2d52c1a3a
fgf2,ddae15d92b46846e1bfd1fca579f25d84b2f53e61b7310a521a62e86af090346,masked_substitution,aa0b82af4249b6b76f1b0c309407690f1170d20db99fb02973e100611b725fc9,primary_parent,fef9246bf522c2c2d9e06f76c1f0b40a34eea229868bdcf78b51c159154681ae,hydrophobic_ratio_modlamp,numeric,false,audit_metric_has_no_monotonic_improvement_direction,audit,fraction,0.09090909090909091,0.13636363636363635,0.04545454545454544,,true,6190dd34aab69252f1edfb6773f9be8ed624a3da5b87931cbf8f96f9b05d8cbe
fgf2,ddae15d92b46846e1bfd1fca579f25d84b2f53e61b7310a521a62e86af090346,masked_substitution,aa0b82af4249b6b76f1b0c309407690f1170d20db99fb02973e100611b725fc9,primary_parent,fef9246bf522c2c2d9e06f76c1f0b40a34eea229868bdcf78b51c159154681ae,llamp_log10_mic_um,numeric,true,same_frozen_numeric_contract,minimize,log10(uM),1.6722277402877808,1.786759614944458,0.11453187465667725,-0.11453187465667725,true,4a9a860e4686c2dfa8c929f364d8d0555ec0f576fbd6f4d207d22e965ad23674
fgf2,ddae15d92b46846e1bfd1fca579f25d84b2f53e61b7310a521a62e86af090346,masked_substitution,aa0b82af4249b6b76f1b0c309407690f1170d20db99fb02973e100611b725fc9,primary_parent,fef9246bf522c2c2d9e06f76c1f0b40a34eea229868bdcf78b51c159154681ae,macrel_amp_probability,numeric,true,same_frozen_numeric_contract,maximize,probability,0.228,0.208,-0.020000000000000018,-0.020000000000000018,true,74310f09007bcea285e070082b38f3bff690d48848fd5bb6459e0958a8a4de07
fgf2,ddae15d92b46846e1bfd1fca579f25d84b2f53e61b7310a521a62e86af090346,masked_substitution,aa0b82af4249b6b76f1b0c309407690f1170d20db99fb02973e100611b725fc9,primary_parent,fef9246bf522c2c2d9e06f76c1f0b40a34eea229868bdcf78b51c159154681ae,macrel_hemolysis_label,categorical,true,same_frozen_label_contract,audit,label,low,low,,,false,69045ff83a50a6f253277f892d3bd3a8a188c50892beb06b6fb96a080ccab233
fgf2,ddae15d92b46846e1bfd1fca579f25d84b2f53e61b7310a521a62e86af090346,masked_substitution,aa0b82af4249b6b76f1b0c309407690f1170d20db99fb02973e100611b725fc9,primary_parent,fef9246bf522c2c2d9e06f76c1f0b40a34eea229868bdcf78b51c159154681ae,macrel_hemolysis_probability,numeric,true,same_frozen_numeric_contract,minimize,probability,0.376,0.495,0.119,-0.119,true,557d8049d251425a83017d207cbe06edc8c7628c493edb0d605f61316bb21a82
fgf2,ddae15d92b46846e1bfd1fca579f25d84b2f53e61b7310a521a62e86af090346,masked_substitution,aa0b82af4249b6b76f1b0c309407690f1170d20db99fb02973e100611b725fc9,primary_parent,fef9246bf522c2c2d9e06f76c1f0b40a34eea229868bdcf78b51c159154681ae,maximum_hydrophobic_run,numeric,true,same_frozen_numeric_contract,minimize,residues,2.0,2.0,0.0,-0.0,false,0efbb2dc60724a76090b24a317594bed5d8506ab7015b51486a2fd5d27885246
fgf2,ddae15d92b46846e1bfd1fca579f25d84b2f53e61b7310a521a62e86af090346,masked_substitution,aa0b82af4249b6b76f1b0c309407690f1170d20db99fb02973e100611b725fc9,primary_parent,fef9246bf522c2c2d9e06f76c1f0b40a34eea229868bdcf78b51c159154681ae,net_charge_ph7_4,numeric,false,audit_metric_has_no_monotonic_improvement_direction,audit,elementary_charge,7.026,6.027,-0.9989999999999997,,true,40397cfdfc9816f30ac742bae8f6051a4c727807543c9ec8f7cf08a3cdfe279b
fgf2,ddae15d92b46846e1bfd1fca579f25d84b2f53e61b7310a521a62e86af090346,masked_substitution,aa0b82af4249b6b76f1b0c309407690f1170d20db99fb02973e100611b725fc9,primary_parent,fef9246bf522c2c2d9e06f76c1f0b40a34eea229868bdcf78b51c159154681ae,toxinpred3_hybrid_score,numeric,true,same_frozen_numeric_contract,minimize,dimensionless,0.235,0.355,0.12,-0.12,true,52ab6ecb0ca4a1e3be0ea554d99683ac10e7330942ff2b03363113908c2199c0
fgf2,ddae15d92b46846e1bfd1fca579f25d84b2f53e61b7310a521a62e86af090346,masked_substitution,aa0b82af4249b6b76f1b0c309407690f1170d20db99fb02973e100611b725fc9,primary_parent,fef9246bf522c2c2d9e06f76c1f0b40a34eea229868bdcf78b51c159154681ae,toxinpred3_label,categorical,true,same_frozen_label_contract,audit,label,Non-Toxin,Non-Toxin,,,false,285ad02844bf34f58eb3807d18c901aa7454ebd302e39da85e5432c4ebf61f2e
fgf2,5bc1e8552157bda078856077bb678c2bda3b636f9c8c75f07bb8d73808bd91a8,masked_substitution,a3909419b07a5a4ab3435b38ca2e70949e2d6e157c2531f344b77912b823e6ad,primary_parent,fef9246bf522c2c2d9e06f76c1f0b40a34eea229868bdcf78b51c159154681ae,amp_read_log10_mic_um,numeric,true,same_frozen_numeric_contract,minimize,log10(uM),2.915548413288972,2.7849155867110036,-0.1306328265779686,0.1306328265779686,true,18438f4f11721c8bd20526eb5deb24fb61dde79ab0877c0d1f88c84f53423eac
fgf2,5bc1e8552157bda078856077bb678c2bda3b636f9c8c75f07bb8d73808bd91a8,masked_substitution,a3909419b07a5a4ab3435b38ca2e70949e2d6e157c2531f344b77912b823e6ad,primary_parent,fef9246bf522c2c2d9e06f76c1f0b40a34eea229868bdcf78b51c159154681ae,guruprasad_instability_index,numeric,true,same_frozen_numeric_contract,minimize,index,22.327273,24.87727272727273,2.549999727272727,-2.549999727272727,true,2d46e8bf3f4464357307215b8f82fa8f17748a3e1f4c552b49ade14bf2f222a1
fgf2,5bc1e8552157bda078856077bb678c2bda3b636f9c8c75f07bb8d73808bd91a8,masked_substitution,a3909419b07a5a4ab3435b38ca2e70949e2d6e157c2531f344b77912b823e6ad,primary_parent,fef9246bf522c2c2d9e06f76c1f0b40a34eea229868bdcf78b51c159154681ae,hydrophobic_moment_eisenberg,numeric,false,audit_metric_has_no_monotonic_improvement_direction,audit,dimensionless,0.34127361170072296,0.45752498103226863,0.11625136933154567,,true,11d4c86b3f038531553dfc0d5eda8010cc0905fd8917dfcf007e4ab4fc98ad3e
fgf2,5bc1e8552157bda078856077bb678c2bda3b636f9c8c75f07bb8d73808bd91a8,masked_substitution,a3909419b07a5a4ab3435b38ca2e70949e2d6e157c2531f344b77912b823e6ad,primary_parent,fef9246bf522c2c2d9e06f76c1f0b40a34eea229868bdcf78b51c159154681ae,hydrophobic_ratio_modlamp,numeric,false,audit_metric_has_no_monotonic_improvement_direction,audit,fraction,0.09090909090909091,0.13636363636363635,0.04545454545454544,,true,32bee4bdeb8c8fb89ad0db4cd65cafc01896ca6bd28a207f09570d3e310db0ac
fgf2,5bc1e8552157bda078856077bb678c2bda3b636f9c8c75f07bb8d73808bd91a8,masked_substitution,a3909419b07a5a4ab3435b38ca2e70949e2d6e157c2531f344b77912b823e6ad,primary_parent,fef9246bf522c2c2d9e06f76c1f0b40a34eea229868bdcf78b51c159154681ae,llamp_log10_mic_um,numeric,true,same_frozen_numeric_contract,minimize,log10(uM),1.6722277402877808,1.419898509979248,-0.2523292303085327,0.2523292303085327,true,287c9a14b64ed9ffb6ceae7be47c6a72f71ff8122d73acfd28928eec086a2b79
fgf2,5bc1e8552157bda078856077bb678c2bda3b636f9c8c75f07bb8d73808bd91a8,masked_substitution,a3909419b07a5a4ab3435b38ca2e70949e2d6e157c2531f344b77912b823e6ad,primary_parent,fef9246bf522c2c2d9e06f76c1f0b40a34eea229868bdcf78b51c159154681ae,macrel_amp_probability,numeric,true,same_frozen_numeric_contract,maximize,probability,0.228,0.168,-0.06,-0.06,true,67f167ca8b9a627e7551ecebeec3aa04d69a57ad0fab2f805bdb099d5ec2ca1d
fgf2,5bc1e8552157bda078856077bb678c2bda3b636f9c8c75f07bb8d73808bd91a8,masked_substitution,a3909419b07a5a4ab3435b38ca2e70949e2d6e157c2531f344b77912b823e6ad,primary_parent,fef9246bf522c2c2d9e06f76c1f0b40a34eea229868bdcf78b51c159154681ae,macrel_hemolysis_label,categorical,true,same_frozen_label_contract,audit,label,low,low,,,false,be26f4fda95b733136364b92c775d5f7d5f863e35ec8ea7fc5c7e3f7c7bcd475
fgf2,5bc1e8552157bda078856077bb678c2bda3b636f9c8c75f07bb8d73808bd91a8,masked_substitution,a3909419b07a5a4ab3435b38ca2e70949e2d6e157c2531f344b77912b823e6ad,primary_parent,fef9246bf522c2c2d9e06f76c1f0b40a34eea229868bdcf78b51c159154681ae,macrel_hemolysis_probability,numeric,true,same_frozen_numeric_contract,minimize,probability,0.376,0.386,0.010000000000000009,-0.010000000000000009,true,cb3edfbab139d2540e470ec1c245fb83d6104ec178172cabfefab67115c341c8
fgf2,5bc1e8552157bda078856077bb678c2bda3b636f9c8c75f07bb8d73808bd91a8,masked_substitution,a3909419b07a5a4ab3435b38ca2e70949e2d6e157c2531f344b77912b823e6ad,primary_parent,fef9246bf522c2c2d9e06f76c1f0b40a34eea229868bdcf78b51c159154681ae,maximum_hydrophobic_run,numeric,true,same_frozen_numeric_contract,minimize,residues,2.0,2.0,0.0,-0.0,false,bc86864ce5f2036f2f666d81457c9e297c26b1f8461a30037aa3e7c48022c2c9
fgf2,5bc1e8552157bda078856077bb678c2bda3b636f9c8c75f07bb8d73808bd91a8,masked_substitution,a3909419b07a5a4ab3435b38ca2e70949e2d6e157c2531f344b77912b823e6ad,primary_parent,fef9246bf522c2c2d9e06f76c1f0b40a34eea229868bdcf78b51c159154681ae,net_charge_ph7_4,numeric,false,audit_metric_has_no_monotonic_improvement_direction,audit,elementary_charge,7.026,6.027,-0.9989999999999997,,true,1cdc035b4c18def7b86fc0ff7bd3ae258cef199ed6202284b8e597d032482f75
fgf2,5bc1e8552157bda078856077bb678c2bda3b636f9c8c75f07bb8d73808bd91a8,masked_substitution,a3909419b07a5a4ab3435b38ca2e70949e2d6e157c2531f344b77912b823e6ad,primary_parent,fef9246bf522c2c2d9e06f76c1f0b40a34eea229868bdcf78b51c159154681ae,toxinpred3_hybrid_score,numeric,true,same_frozen_numeric_contract,minimize,dimensionless,0.235,0.225,-0.009999999999999981,0.009999999999999981,true,951905f996b66eb9392b471c9cbed39fbe6d9bc7285bfe9d149067af44a160e1
fgf2,5bc1e8552157bda078856077bb678c2bda3b636f9c8c75f07bb8d73808bd91a8,masked_substitution,a3909419b07a5a4ab3435b38ca2e70949e2d6e157c2531f344b77912b823e6ad,primary_parent,fef9246bf522c2c2d9e06f76c1f0b40a34eea229868bdcf78b51c159154681ae,toxinpred3_label,categorical,true,same_frozen_label_contract,audit,label,Non-Toxin,Non-Toxin,,,false,ba169f91d0cc71a448b7f4c9874f9783a2f1118cfc2866f3f0af8c81039d1b80
fgf2,849bd69c8cdde74b23621363f1835a7dfa8b6107c3557dd00ac52387a0d7bdd7,masked_substitution,9c09d402cb8253b99862216e64749547a747810fc764ef6c83752b28decbdf9d,primary_parent,fef9246bf522c2c2d9e06f76c1f0b40a34eea229868bdcf78b51c159154681ae,amp_read_log10_mic_um,numeric,true,same_frozen_numeric_contract,minimize,log10(uM),2.915548413288972,2.7494562225020096,-0.16609219078696258,0.16609219078696258,true,4540b5c1123914b737e76f9f065a989ca99097a65c4a59d5485acf15d8f33071
fgf2,849bd69c8cdde74b23621363f1835a7dfa8b6107c3557dd00ac52387a0d7bdd7,masked_substitution,9c09d402cb8253b99862216e64749547a747810fc764ef6c83752b28decbdf9d,primary_parent,fef9246bf522c2c2d9e06f76c1f0b40a34eea229868bdcf78b51c159154681ae,guruprasad_instability_index,numeric,true,same_frozen_numeric_contract,minimize,index,22.327273,19.354545454545452,-2.97272754545455,2.97272754545455,true,ab275a259b32cb379bd69109b165cf7517155e6fd40528f49de430d568208073
fgf2,849bd69c8cdde74b23621363f1835a7dfa8b6107c3557dd00ac52387a0d7bdd7,masked_substitution,9c09d402cb8253b99862216e64749547a747810fc764ef6c83752b28decbdf9d,primary_parent,fef9246bf522c2c2d9e06f76c1f0b40a34eea229868bdcf78b51c159154681ae,hydrophobic_moment_eisenberg,numeric,false,audit_metric_has_no_monotonic_improvement_direction,audit,dimensionless,0.34127361170072296,0.4620157497082236,0.12074213800750067,,true,ab2f5690e9a8193d7a754fa0b56cfd69eebb931ed7cc9d533069de9e8301ec98
fgf2,849bd69c8cdde74b23621363f1835a7dfa8b6107c3557dd00ac52387a0d7bdd7,masked_substitution,9c09d402cb8253b99862216e64749547a747810fc764ef6c83752b28decbdf9d,primary_parent,fef9246bf522c2c2d9e06f76c1f0b40a34eea229868bdcf78b51c159154681ae,hydrophobic_ratio_modlamp,numeric,false,audit_metric_has_no_monotonic_improvement_direction,audit,fraction,0.09090909090909091,0.13636363636363635,0.04545454545454544,,true,687e34d1efe7faee951916717745f7bc10ec8a722ace24af0f4927948c95c59d
fgf2,849bd69c8cdde74b23621363f1835a7dfa8b6107c3557dd00ac52387a0d7bdd7,masked_substitution,9c09d402cb8253b99862216e64749547a747810fc764ef6c83752b28decbdf9d,primary_parent,fef9246bf522c2c2d9e06f76c1f0b40a34eea229868bdcf78b51c159154681ae,llamp_log10_mic_um,numeric,true,same_frozen_numeric_contract,minimize,log10(uM),1.6722277402877808,1.5667312145233154,-0.10549652576446533,0.10549652576446533,true,1b4c9ff801034f1db20f5428763fa2613dffab3bf44c41d56f90c49d296c7b4f
fgf2,849bd69c8cdde74b23621363f1835a7dfa8b6107c3557dd00ac52387a0d7bdd7,masked_substitution,9c09d402cb8253b99862216e64749547a747810fc764ef6c83752b28decbdf9d,primary_parent,fef9246bf522c2c2d9e06f76c1f0b40a34eea229868bdcf78b51c159154681ae,macrel_amp_probability,numeric,true,same_frozen_numeric_contract,maximize,probability,0.228,0.228,0.0,0.0,false,b05ce89d0e877932b86699163a1699e4c5108128750e60788b88fac0b9f95df5
fgf2,849bd69c8cdde74b23621363f1835a7dfa8b6107c3557dd00ac52387a0d7bdd7,masked_substitution,9c09d402cb8253b99862216e64749547a747810fc764ef6c83752b28decbdf9d,primary_parent,fef9246bf522c2c2d9e06f76c1f0b40a34eea229868bdcf78b51c159154681ae,macrel_hemolysis_label,categorical,true,same_frozen_label_contract,audit,label,low,low,,,false,09d2b3fde07e68323b6afa9f507f1115f9872e7e397072b91a745db2ef5eda90
fgf2,849bd69c8cdde74b23621363f1835a7dfa8b6107c3557dd00ac52387a0d7bdd7,masked_substitution,9c09d402cb8253b99862216e64749547a747810fc764ef6c83752b28decbdf9d,primary_parent,fef9246bf522c2c2d9e06f76c1f0b40a34eea229868bdcf78b51c159154681ae,macrel_hemolysis_probability,numeric,true,same_frozen_numeric_contract,minimize,probability,0.376,0.495,0.119,-0.119,true,48a6929e3cf58e1d7ae1f234783c0bc295f7e2fb40ecea7ebd95b312695502c4
fgf2,849bd69c8cdde74b23621363f1835a7dfa8b6107c3557dd00ac52387a0d7bdd7,masked_substitution,9c09d402cb8253b99862216e64749547a747810fc764ef6c83752b28decbdf9d,primary_parent,fef9246bf522c2c2d9e06f76c1f0b40a34eea229868bdcf78b51c159154681ae,maximum_hydrophobic_run,numeric,true,same_frozen_numeric_contract,minimize,residues,2.0,2.0,0.0,-0.0,false,06aaeaae4ebb1ad9a31fc8b43bb2f1bf85d30b1be12e7734354f6e71b7c4a52e
fgf2,849bd69c8cdde74b23621363f1835a7dfa8b6107c3557dd00ac52387a0d7bdd7,masked_substitution,9c09d402cb8253b99862216e64749547a747810fc764ef6c83752b28decbdf9d,primary_parent,fef9246bf522c2c2d9e06f76c1f0b40a34eea229868bdcf78b51c159154681ae,net_charge_ph7_4,numeric,false,audit_metric_has_no_monotonic_improvement_direction,audit,elementary_charge,7.026,6.027,-0.9989999999999997,,true,de2f770afb1e489d7bebee565a4d4a5c3c04b3ed2c335893c86a1b1444e3c741
fgf2,849bd69c8cdde74b23621363f1835a7dfa8b6107c3557dd00ac52387a0d7bdd7,masked_substitution,9c09d402cb8253b99862216e64749547a747810fc764ef6c83752b28decbdf9d,primary_parent,fef9246bf522c2c2d9e06f76c1f0b40a34eea229868bdcf78b51c159154681ae,toxinpred3_hybrid_score,numeric,true,same_frozen_numeric_contract,minimize,dimensionless,0.235,0.255,0.020000000000000018,-0.020000000000000018,true,9f930d540f9e16ecbdb880bc5222d76d02ed2cf8db61fc4b3c140db19c9f7c07
fgf2,849bd69c8cdde74b23621363f1835a7dfa8b6107c3557dd00ac52387a0d7bdd7,masked_substitution,9c09d402cb8253b99862216e64749547a747810fc764ef6c83752b28decbdf9d,primary_parent,fef9246bf522c2c2d9e06f76c1f0b40a34eea229868bdcf78b51c159154681ae,toxinpred3_label,categorical,true,same_frozen_label_contract,audit,label,Non-Toxin,Non-Toxin,,,false,f8206c615b52ba306f9645da95df52fa90a4845c1302c0ddd5fb3cbd3346c8f2
fgf2,40f92cf635c62c9e04ddecabb2588c4c757c40bb0ed217b90249f9b047991e72,masked_substitution,5afe7b69ac1d15160d9294c30c15e9f23fdb2ea5966662c7174b31aea54db5fa,primary_parent,fef9246bf522c2c2d9e06f76c1f0b40a34eea229868bdcf78b51c159154681ae,amp_read_log10_mic_um,numeric,true,same_frozen_numeric_contract,minimize,log10(uM),2.915548413288972,2.691663165717342,-0.22388524757162998,0.22388524757162998,true,5dff4f54c231668743854901cada7bea3b17312a1f8bb4ec6bd67c1512767c97
fgf2,40f92cf635c62c9e04ddecabb2588c4c757c40bb0ed217b90249f9b047991e72,masked_substitution,5afe7b69ac1d15160d9294c30c15e9f23fdb2ea5966662c7174b31aea54db5fa,primary_parent,fef9246bf522c2c2d9e06f76c1f0b40a34eea229868bdcf78b51c159154681ae,guruprasad_instability_index,numeric,true,same_frozen_numeric_contract,minimize,index,22.327273,31.795454545454547,9.468181545454545,-9.468181545454545,true,dd4fdb60c30012e07af2192ac96b2755144eafa048be04625d3f79af38dd003c
fgf2,40f92cf635c62c9e04ddecabb2588c4c757c40bb0ed217b90249f9b047991e72,masked_substitution,5afe7b69ac1d15160d9294c30c15e9f23fdb2ea5966662c7174b31aea54db5fa,primary_parent,fef9246bf522c2c2d9e06f76c1f0b40a34eea229868bdcf78b51c159154681ae,hydrophobic_moment_eisenberg,numeric,false,audit_metric_has_no_monotonic_improvement_direction,audit,dimensionless,0.34127361170072296,0.44450803850537207,0.10323442680464912,,true,c11964773b71282983f39cd9dc8e9f0edda4d92dfaf3ccdaa63e97a3cf52fcfe
fgf2,40f92cf635c62c9e04ddecabb2588c4c757c40bb0ed217b90249f9b047991e72,masked_substitution,5afe7b69ac1d15160d9294c30c15e9f23fdb2ea5966662c7174b31aea54db5fa,primary_parent,fef9246bf522c2c2d9e06f76c1f0b40a34eea229868bdcf78b51c159154681ae,hydrophobic_ratio_modlamp,numeric,false,audit_metric_has_no_monotonic_improvement_direction,audit,fraction,0.09090909090909091,0.09090909090909091,0.0,,false,1ae9fc66c17e26d142fd5cff54d4cc1acf9f72bb9f73879471167d06cc45ade8
fgf2,40f92cf635c62c9e04ddecabb2588c4c757c40bb0ed217b90249f9b047991e72,masked_substitution,5afe7b69ac1d15160d9294c30c15e9f23fdb2ea5966662c7174b31aea54db5fa,primary_parent,fef9246bf522c2c2d9e06f76c1f0b40a34eea229868bdcf78b51c159154681ae,llamp_log10_mic_um,numeric,true,same_frozen_numeric_contract,minimize,log10(uM),1.6722277402877808,1.8937841653823853,0.2215564250946045,-0.2215564250946045,true,81f7df87841e915143e99c38c4ec995701d8859bfa28e540ce042a9448233ef7
fgf2,40f92cf635c62c9e04ddecabb2588c4c757c40bb0ed217b90249f9b047991e72,masked_substitution,5afe7b69ac1d15160d9294c30c15e9f23fdb2ea5966662c7174b31aea54db5fa,primary_parent,fef9246bf522c2c2d9e06f76c1f0b40a34eea229868bdcf78b51c159154681ae,macrel_amp_probability,numeric,true,same_frozen_numeric_contract,maximize,probability,0.228,0.198,-0.03,-0.03,true,58be4a4107085d96143df9a3d59ee63e7b0b2fa807865243637bb1e2283cd5d8
fgf2,40f92cf635c62c9e04ddecabb2588c4c757c40bb0ed217b90249f9b047991e72,masked_substitution,5afe7b69ac1d15160d9294c30c15e9f23fdb2ea5966662c7174b31aea54db5fa,primary_parent,fef9246bf522c2c2d9e06f76c1f0b40a34eea229868bdcf78b51c159154681ae,macrel_hemolysis_label,categorical,true,same_frozen_label_contract,audit,label,low,low,,,false,c878bb57864e8e126df19b77e7ecaf61de4ca800e90ed3f4296502a12838f53d
fgf2,40f92cf635c62c9e04ddecabb2588c4c757c40bb0ed217b90249f9b047991e72,masked_substitution,5afe7b69ac1d15160d9294c30c15e9f23fdb2ea5966662c7174b31aea54db5fa,primary_parent,fef9246bf522c2c2d9e06f76c1f0b40a34eea229868bdcf78b51c159154681ae,macrel_hemolysis_probability,numeric,true,same_frozen_numeric_contract,minimize,probability,0.376,0.386,0.010000000000000009,-0.010000000000000009,true,004c7a5461dcb30610e334d158bd4f25c15f3a0a8909e3bcb60084d3bd004f9a
fgf2,40f92cf635c62c9e04ddecabb2588c4c757c40bb0ed217b90249f9b047991e72,masked_substitution,5afe7b69ac1d15160d9294c30c15e9f23fdb2ea5966662c7174b31aea54db5fa,primary_parent,fef9246bf522c2c2d9e06f76c1f0b40a34eea229868bdcf78b51c159154681ae,maximum_hydrophobic_run,numeric,true,same_frozen_numeric_contract,minimize,residues,2.0,2.0,0.0,-0.0,false,00ee65c66a06679ebbb5666df95e5f736c45c432b4a89f8c1b1c70e98d66c596
fgf2,40f92cf635c62c9e04ddecabb2588c4c757c40bb0ed217b90249f9b047991e72,masked_substitution,5afe7b69ac1d15160d9294c30c15e9f23fdb2ea5966662c7174b31aea54db5fa,primary_parent,fef9246bf522c2c2d9e06f76c1f0b40a34eea229868bdcf78b51c159154681ae,net_charge_ph7_4,numeric,false,audit_metric_has_no_monotonic_improvement_direction,audit,elementary_charge,7.026,6.027,-0.9989999999999997,,true,f1f477a4f2952aa9845d672b0d6d3bf8a37d726fb9d01cbe2107dece67be160e
fgf2,40f92cf635c62c9e04ddecabb2588c4c757c40bb0ed217b90249f9b047991e72,masked_substitution,5afe7b69ac1d15160d9294c30c15e9f23fdb2ea5966662c7174b31aea54db5fa,primary_parent,fef9246bf522c2c2d9e06f76c1f0b40a34eea229868bdcf78b51c159154681ae,toxinpred3_hybrid_score,numeric,true,same_frozen_numeric_contract,minimize,dimensionless,0.235,0.265,0.030000000000000027,-0.030000000000000027,true,4ab43c96db2afbb442ab07c0cfbcd67b656d38910c2222d13f03e772fcea0913
fgf2,40f92cf635c62c9e04ddecabb2588c4c757c40bb0ed217b90249f9b047991e72,masked_substitution,5afe7b69ac1d15160d9294c30c15e9f23fdb2ea5966662c7174b31aea54db5fa,primary_parent,fef9246bf522c2c2d9e06f76c1f0b40a34eea229868bdcf78b51c159154681ae,toxinpred3_label,categorical,true,same_frozen_label_contract,audit,label,Non-Toxin,Non-Toxin,,,false,eca04604c38676919daeb1579b987ccd225b02a41168f0df9f996893c87f4fe1
fgf2,e52138f2270dd5e7e480e6644aab8fe16388a99dfcf708b9c055238ecc01a324,masked_substitution,d12e9b918f5f9c223930b86c9a8154229423b027af32414b73a56ce0962cfc2a,primary_parent,fef9246bf522c2c2d9e06f76c1f0b40a34eea229868bdcf78b51c159154681ae,amp_read_log10_mic_um,numeric,true,same_frozen_numeric_contract,minimize,log10(uM),2.915548413288972,2.6679664867184307,-0.24758192657054146,0.24758192657054146,true,4208fd1fdbe9b13a29ac80dd2fc70eb28f2f18d284ef67db1f9059171c53a5fe
fgf2,e52138f2270dd5e7e480e6644aab8fe16388a99dfcf708b9c055238ecc01a324,masked_substitution,d12e9b918f5f9c223930b86c9a8154229423b027af32414b73a56ce0962cfc2a,primary_parent,fef9246bf522c2c2d9e06f76c1f0b40a34eea229868bdcf78b51c159154681ae,guruprasad_instability_index,numeric,true,same_frozen_numeric_contract,minimize,index,22.327273,22.327272727272724,-2.727272772062861e-07,2.727272772062861e-07,true,2eb207071438a1eda6390bc3e27ab6a2fbec386949abc6d292c68b0568a0ef54
fgf2,e52138f2270dd5e7e480e6644aab8fe16388a99dfcf708b9c055238ecc01a324,masked_substitution,d12e9b918f5f9c223930b86c9a8154229423b027af32414b73a56ce0962cfc2a,primary_parent,fef9246bf522c2c2d9e06f76c1f0b40a34eea229868bdcf78b51c159154681ae,hydrophobic_moment_eisenberg,numeric,false,audit_metric_has_no_monotonic_improvement_direction,audit,dimensionless,0.34127361170072296,0.419848993882697,0.07857538218197402,,true,bf526c2db38ac15c1995495d342fecbe4753a450796147e243e8a3ea0a174ad9
fgf2,e52138f2270dd5e7e480e6644aab8fe16388a99dfcf708b9c055238ecc01a324,masked_substitution,d12e9b918f5f9c223930b86c9a8154229423b027af32414b73a56ce0962cfc2a,primary_parent,fef9246bf522c2c2d9e06f76c1f0b40a34eea229868bdcf78b51c159154681ae,hydrophobic_ratio_modlamp,numeric,false,audit_metric_has_no_monotonic_improvement_direction,audit,fraction,0.09090909090909091,0.09090909090909091,0.0,,false,435e2fb2f99f86ce4f5c947501949b3aef8baf5cddbae202d311b9bb13961a73
fgf2,e52138f2270dd5e7e480e6644aab8fe16388a99dfcf708b9c055238ecc01a324,masked_substitution,d12e9b918f5f9c223930b86c9a8154229423b027af32414b73a56ce0962cfc2a,primary_parent,fef9246bf522c2c2d9e06f76c1f0b40a34eea229868bdcf78b51c159154681ae,llamp_log10_mic_um,numeric,true,same_frozen_numeric_contract,minimize,log10(uM),1.6722277402877808,1.752725601196289,0.0804978609085083,-0.0804978609085083,true,30aa72f2142f9851ab50d7503f9d902bc8ef7f1bf23f871de3533e218aa317c3
fgf2,e52138f2270dd5e7e480e6644aab8fe16388a99dfcf708b9c055238ecc01a324,masked_substitution,d12e9b918f5f9c223930b86c9a8154229423b027af32414b73a56ce0962cfc2a,primary_parent,fef9246bf522c2c2d9e06f76c1f0b40a34eea229868bdcf78b51c159154681ae,macrel_amp_probability,numeric,true,same_frozen_numeric_contract,maximize,probability,0.228,0.218,-0.010000000000000009,-0.010000000000000009,true,49aa1d8817d29931e0da79ca717b3adbc62f1cb17fc7c04c804c9a0575f1cb34
fgf2,e52138f2270dd5e7e480e6644aab8fe16388a99dfcf708b9c055238ecc01a324,masked_substitution,d12e9b918f5f9c223930b86c9a8154229423b027af32414b73a56ce0962cfc2a,primary_parent,fef9246bf522c2c2d9e06f76c1f0b40a34eea229868bdcf78b51c159154681ae,macrel_hemolysis_label,categorical,true,same_frozen_label_contract,audit,label,low,low,,,false,088f926199a65c0f78d17c52389faa5ea585c7e7be68787d8f19ae4e982d18f4
fgf2,e52138f2270dd5e7e480e6644aab8fe16388a99dfcf708b9c055238ecc01a324,masked_substitution,d12e9b918f5f9c223930b86c9a8154229423b027af32414b73a56ce0962cfc2a,primary_parent,fef9246bf522c2c2d9e06f76c1f0b40a34eea229868bdcf78b51c159154681ae,macrel_hemolysis_probability,numeric,true,same_frozen_numeric_contract,minimize,probability,0.376,0.386,0.010000000000000009,-0.010000000000000009,true,e06ba523646fc345c3d62c70d5f66df5e161d524cc35da60d70757e5ed3bb143
fgf2,e52138f2270dd5e7e480e6644aab8fe16388a99dfcf708b9c055238ecc01a324,masked_substitution,d12e9b918f5f9c223930b86c9a8154229423b027af32414b73a56ce0962cfc2a,primary_parent,fef9246bf522c2c2d9e06f76c1f0b40a34eea229868bdcf78b51c159154681ae,maximum_hydrophobic_run,numeric,true,same_frozen_numeric_contract,minimize,residues,2.0,2.0,0.0,-0.0,false,9639762a252a6748302af30bbc2fe8f61f065831430c72068836bf638ef41713
fgf2,e52138f2270dd5e7e480e6644aab8fe16388a99dfcf708b9c055238ecc01a324,masked_substitution,d12e9b918f5f9c223930b86c9a8154229423b027af32414b73a56ce0962cfc2a,primary_parent,fef9246bf522c2c2d9e06f76c1f0b40a34eea229868bdcf78b51c159154681ae,net_charge_ph7_4,numeric,false,audit_metric_has_no_monotonic_improvement_direction,audit,elementary_charge,7.026,6.025,-1.0009999999999994,,true,20d4f363c2cdd0997f6b3abf7aac454b694a2f19c695716d17a1e4f9aab43f12
fgf2,e52138f2270dd5e7e480e6644aab8fe16388a99dfcf708b9c055238ecc01a324,masked_substitution,d12e9b918f5f9c223930b86c9a8154229423b027af32414b73a56ce0962cfc2a,primary_parent,fef9246bf522c2c2d9e06f76c1f0b40a34eea229868bdcf78b51c159154681ae,toxinpred3_hybrid_score,numeric,true,same_frozen_numeric_contract,minimize,dimensionless,0.235,0.225,-0.009999999999999981,0.009999999999999981,true,a205b0139eb42b42108c117a795abfc57643bcabf9cdef78a88a654502ce71e5
fgf2,e52138f2270dd5e7e480e6644aab8fe16388a99dfcf708b9c055238ecc01a324,masked_substitution,d12e9b918f5f9c223930b86c9a8154229423b027af32414b73a56ce0962cfc2a,primary_parent,fef9246bf522c2c2d9e06f76c1f0b40a34eea229868bdcf78b51c159154681ae,toxinpred3_label,categorical,true,same_frozen_label_contract,audit,label,Non-Toxin,Non-Toxin,,,false,6e1d5121c664eb61ce12d1c093f196dee0ab1902f2bed3f8c27dcc40384c31fc
fgf2,787c4a3f4ea318970f4b845c1e2464f98d0c536a0ca3e33c6c4f5e2d1c8c61e5,masked_substitution,4ff706f096904b149511693cd4326875f4729747c22cd3b80678008c50d2511b,primary_parent,fef9246bf522c2c2d9e06f76c1f0b40a34eea229868bdcf78b51c159154681ae,amp_read_log10_mic_um,numeric,true,same_frozen_numeric_contract,minimize,log10(uM),2.915548413288972,2.7351240650369,-0.180424348252072,0.180424348252072,true,161535e8197a832047162a471bc431035e3177578585aebeb3da55d301461da5
fgf2,787c4a3f4ea318970f4b845c1e2464f98d0c536a0ca3e33c6c4f5e2d1c8c61e5,masked_substitution,4ff706f096904b149511693cd4326875f4729747c22cd3b80678008c50d2511b,primary_parent,fef9246bf522c2c2d9e06f76c1f0b40a34eea229868bdcf78b51c159154681ae,guruprasad_instability_index,numeric,true,same_frozen_numeric_contract,minimize,index,22.327273,3.6499999999999972,-18.677273000000003,18.677273000000003,true,5ff3a8960b1fca7aefb25154c38912f9ad6eb41afc6f7daf644f914dbb1a9afd
fgf2,787c4a3f4ea318970f4b845c1e2464f98d0c536a0ca3e33c6c4f5e2d1c8c61e5,masked_substitution,4ff706f096904b149511693cd4326875f4729747c22cd3b80678008c50d2511b,primary_parent,fef9246bf522c2c2d9e06f76c1f0b40a34eea229868bdcf78b51c159154681ae,hydrophobic_moment_eisenberg,numeric,false,audit_metric_has_no_monotonic_improvement_direction,audit,dimensionless,0.34127361170072296,0.3701671053192366,0.02889349361851362,,true,6d6d7bd6c3d8ffd7f202c18565b8563b50fa9b301562c2f27dd29b19726a2e9a
fgf2,787c4a3f4ea318970f4b845c1e2464f98d0c536a0ca3e33c6c4f5e2d1c8c61e5,masked_substitution,4ff706f096904b149511693cd4326875f4729747c22cd3b80678008c50d2511b,primary_parent,fef9246bf522c2c2d9e06f76c1f0b40a34eea229868bdcf78b51c159154681ae,hydrophobic_ratio_modlamp,numeric,false,audit_metric_has_no_monotonic_improvement_direction,audit,fraction,0.09090909090909091,0.13636363636363635,0.04545454545454544,,true,68106b8f7fe843a068c39be6a71aee01a0e1be9a9dbc98aa35cdc414031c972a
fgf2,787c4a3f4ea318970f4b845c1e2464f98d0c536a0ca3e33c6c4f5e2d1c8c61e5,masked_substitution,4ff706f096904b149511693cd4326875f4729747c22cd3b80678008c50d2511b,primary_parent,fef9246bf522c2c2d9e06f76c1f0b40a34eea229868bdcf78b51c159154681ae,llamp_log10_mic_um,numeric,true,same_frozen_numeric_contract,minimize,log10(uM),1.6722277402877808,2.0556318759918213,0.3834041357040405,-0.3834041357040405,true,a09aa3335abc389daaad704a7de510655b35ea3fb8ad60b6a015051823c2dddf
fgf2,787c4a3f4ea318970f4b845c1e2464f98d0c536a0ca3e33c6c4f5e2d1c8c61e5,masked_substitution,4ff706f096904b149511693cd4326875f4729747c22cd3b80678008c50d2511b,primary_parent,fef9246bf522c2c2d9e06f76c1f0b40a34eea229868bdcf78b51c159154681ae,macrel_amp_probability,numeric,true,same_frozen_numeric_contract,maximize,probability,0.228,0.307,0.07899999999999999,0.07899999999999999,true,bd63cdc0bdd8e28f0b88aa99a16af7d69011d9f7d6df630a7a93149d5871779c
fgf2,787c4a3f4ea318970f4b845c1e2464f98d0c536a0ca3e33c6c4f5e2d1c8c61e5,masked_substitution,4ff706f096904b149511693cd4326875f4729747c22cd3b80678008c50d2511b,primary_parent,fef9246bf522c2c2d9e06f76c1f0b40a34eea229868bdcf78b51c159154681ae,macrel_hemolysis_label,categorical,true,same_frozen_label_contract,audit,label,low,low,,,false,0b2baf0f165ef80b3f7a4c9f5922711ce5c1e4ea6cbb77bbc246f145a0d94a03
fgf2,787c4a3f4ea318970f4b845c1e2464f98d0c536a0ca3e33c6c4f5e2d1c8c61e5,masked_substitution,4ff706f096904b149511693cd4326875f4729747c22cd3b80678008c50d2511b,primary_parent,fef9246bf522c2c2d9e06f76c1f0b40a34eea229868bdcf78b51c159154681ae,macrel_hemolysis_probability,numeric,true,same_frozen_numeric_contract,minimize,probability,0.376,0.465,0.08900000000000002,-0.08900000000000002,true,bf4403609575dc6333331fc89583ad7a7ca8dd5729f17f7c614394fc9ef598b7
fgf2,787c4a3f4ea318970f4b845c1e2464f98d0c536a0ca3e33c6c4f5e2d1c8c61e5,masked_substitution,4ff706f096904b149511693cd4326875f4729747c22cd3b80678008c50d2511b,primary_parent,fef9246bf522c2c2d9e06f76c1f0b40a34eea229868bdcf78b51c159154681ae,maximum_hydrophobic_run,numeric,true,same_frozen_numeric_contract,minimize,residues,2.0,2.0,0.0,-0.0,false,511a3164f9d641f6750e0995c1db2512a8b6f2dd5b7f0e84b8536e8123f74e52
fgf2,787c4a3f4ea318970f4b845c1e2464f98d0c536a0ca3e33c6c4f5e2d1c8c61e5,masked_substitution,4ff706f096904b149511693cd4326875f4729747c22cd3b80678008c50d2511b,primary_parent,fef9246bf522c2c2d9e06f76c1f0b40a34eea229868bdcf78b51c159154681ae,net_charge_ph7_4,numeric,false,audit_metric_has_no_monotonic_improvement_direction,audit,elementary_charge,7.026,6.027,-0.9989999999999997,,true,e40eb9413903072a6d8060f5407ff22d68119c9f5bfc346d4438de3808a3fe9e
fgf2,787c4a3f4ea318970f4b845c1e2464f98d0c536a0ca3e33c6c4f5e2d1c8c61e5,masked_substitution,4ff706f096904b149511693cd4326875f4729747c22cd3b80678008c50d2511b,primary_parent,fef9246bf522c2c2d9e06f76c1f0b40a34eea229868bdcf78b51c159154681ae,toxinpred3_hybrid_score,numeric,true,same_frozen_numeric_contract,minimize,dimensionless,0.235,0.0,-0.235,0.235,true,ac3b83a54a44e6378640668b6d5cfcdd210b5dae7df791ed6781da69efeac773
fgf2,787c4a3f4ea318970f4b845c1e2464f98d0c536a0ca3e33c6c4f5e2d1c8c61e5,masked_substitution,4ff706f096904b149511693cd4326875f4729747c22cd3b80678008c50d2511b,primary_parent,fef9246bf522c2c2d9e06f76c1f0b40a34eea229868bdcf78b51c159154681ae,toxinpred3_label,categorical,true,same_frozen_label_contract,audit,label,Non-Toxin,Non-Toxin,,,false,7ea448a0c078345bb4c9c7162852aee1f118d1027f557d23a07133b96118c003
fgf2,13d921adf13c9d54a13e45ab6814eda0e02eff4321e619718fc804a63a97c12b,masked_substitution,d2c5c22848b62944a2b5911c794abff381efe27e332c065731848f5c23302a1e,primary_parent,fef9246bf522c2c2d9e06f76c1f0b40a34eea229868bdcf78b51c159154681ae,amp_read_log10_mic_um,numeric,true,same_frozen_numeric_contract,minimize,log10(uM),2.915548413288972,2.733316500206785,-0.182231913082187,0.182231913082187,true,7cac3bfebfd402f2ed10d90aea9e60581b513fd88186ab298da1757d79ed81e2
fgf2,13d921adf13c9d54a13e45ab6814eda0e02eff4321e619718fc804a63a97c12b,masked_substitution,d2c5c22848b62944a2b5911c794abff381efe27e332c065731848f5c23302a1e,primary_parent,fef9246bf522c2c2d9e06f76c1f0b40a34eea229868bdcf78b51c159154681ae,guruprasad_instability_index,numeric,true,same_frozen_numeric_contract,minimize,index,22.327273,12.404545454545454,-9.922727545454547,9.922727545454547,true,778e77c93fe07e670a7a262f039787cad596a12ccfa31bb0fcb4770e11079909
fgf2,13d921adf13c9d54a13e45ab6814eda0e02eff4321e619718fc804a63a97c12b,masked_substitution,d2c5c22848b62944a2b5911c794abff381efe27e332c065731848f5c23302a1e,primary_parent,fef9246bf522c2c2d9e06f76c1f0b40a34eea229868bdcf78b51c159154681ae,hydrophobic_moment_eisenberg,numeric,false,audit_metric_has_no_monotonic_improvement_direction,audit,dimensionless,0.34127361170072296,0.3650830481482203,0.023809436447497334,,true,734e228b7a57788dd8a0c8bcfa7fb8dfb34022ad995890e73aaca43fce44b581
fgf2,13d921adf13c9d54a13e45ab6814eda0e02eff4321e619718fc804a63a97c12b,masked_substitution,d2c5c22848b62944a2b5911c794abff381efe27e332c065731848f5c23302a1e,primary_parent,fef9246bf522c2c2d9e06f76c1f0b40a34eea229868bdcf78b51c159154681ae,hydrophobic_ratio_modlamp,numeric,false,audit_metric_has_no_monotonic_improvement_direction,audit,fraction,0.09090909090909091,0.13636363636363635,0.04545454545454544,,true,32c51f66bf70160f1271f38e8d6752ced306ed906d92941094ebf1e89a6fa753
fgf2,13d921adf13c9d54a13e45ab6814eda0e02eff4321e619718fc804a63a97c12b,masked_substitution,d2c5c22848b62944a2b5911c794abff381efe27e332c065731848f5c23302a1e,primary_parent,fef9246bf522c2c2d9e06f76c1f0b40a34eea229868bdcf78b51c159154681ae,llamp_log10_mic_um,numeric,true,same_frozen_numeric_contract,minimize,log10(uM),1.6722277402877808,1.9534525871276855,0.2812248468399048,-0.2812248468399048,true,dd156d7d11b3d40d1822e066115e2a04bc9c46547b527755793b62ec229f8a9c
fgf2,13d921adf13c9d54a13e45ab6814eda0e02eff4321e619718fc804a63a97c12b,masked_substitution,d2c5c22848b62944a2b5911c794abff381efe27e332c065731848f5c23302a1e,primary_parent,fef9246bf522c2c2d9e06f76c1f0b40a34eea229868bdcf78b51c159154681ae,macrel_amp_probability,numeric,true,same_frozen_numeric_contract,maximize,probability,0.228,0.228,0.0,0.0,false,977936049c093a117a4d95c8628f9c76b12a3e12c394f4e87bbceb1191660b91
fgf2,13d921adf13c9d54a13e45ab6814eda0e02eff4321e619718fc804a63a97c12b,masked_substitution,d2c5c22848b62944a2b5911c794abff381efe27e332c065731848f5c23302a1e,primary_parent,fef9246bf522c2c2d9e06f76c1f0b40a34eea229868bdcf78b51c159154681ae,macrel_hemolysis_label,categorical,true,same_frozen_label_contract,audit,label,low,low,,,false,255053e6af499a435ec1a7e4231ee3249f6691a3a6b0da95866e4ec24a135d42
fgf2,13d921adf13c9d54a13e45ab6814eda0e02eff4321e619718fc804a63a97c12b,masked_substitution,d2c5c22848b62944a2b5911c794abff381efe27e332c065731848f5c23302a1e,primary_parent,fef9246bf522c2c2d9e06f76c1f0b40a34eea229868bdcf78b51c159154681ae,macrel_hemolysis_probability,numeric,true,same_frozen_numeric_contract,minimize,probability,0.376,0.376,0.0,-0.0,false,655109fd969b5c8ab9adafc49bb24b0ac6f1b8627fc9797e594cd073036bff5b
fgf2,13d921adf13c9d54a13e45ab6814eda0e02eff4321e619718fc804a63a97c12b,masked_substitution,d2c5c22848b62944a2b5911c794abff381efe27e332c065731848f5c23302a1e,primary_parent,fef9246bf522c2c2d9e06f76c1f0b40a34eea229868bdcf78b51c159154681ae,maximum_hydrophobic_run,numeric,true,same_frozen_numeric_contract,minimize,residues,2.0,2.0,0.0,-0.0,false,6b5f3c0f5141d2717e338a74c7fee72fd446777fd935ea8105904b2a8940a3e2
fgf2,13d921adf13c9d54a13e45ab6814eda0e02eff4321e619718fc804a63a97c12b,masked_substitution,d2c5c22848b62944a2b5911c794abff381efe27e332c065731848f5c23302a1e,primary_parent,fef9246bf522c2c2d9e06f76c1f0b40a34eea229868bdcf78b51c159154681ae,net_charge_ph7_4,numeric,false,audit_metric_has_no_monotonic_improvement_direction,audit,elementary_charge,7.026,6.027,-0.9989999999999997,,true,c397f6490075fdf1aa710be9d335e9cd2429b40110c93a46b0da2ebaea7f0c3d
fgf2,13d921adf13c9d54a13e45ab6814eda0e02eff4321e619718fc804a63a97c12b,masked_substitution,d2c5c22848b62944a2b5911c794abff381efe27e332c065731848f5c23302a1e,primary_parent,fef9246bf522c2c2d9e06f76c1f0b40a34eea229868bdcf78b51c159154681ae,toxinpred3_hybrid_score,numeric,true,same_frozen_numeric_contract,minimize,dimensionless,0.235,0.23,-0.004999999999999977,0.004999999999999977,true,155d845632f586aea31fb5d38d7c852bfde7b0aced5ea4e71e02961b6900ec47
fgf2,13d921adf13c9d54a13e45ab6814eda0e02eff4321e619718fc804a63a97c12b,masked_substitution,d2c5c22848b62944a2b5911c794abff381efe27e332c065731848f5c23302a1e,primary_parent,fef9246bf522c2c2d9e06f76c1f0b40a34eea229868bdcf78b51c159154681ae,toxinpred3_label,categorical,true,same_frozen_label_contract,audit,label,Non-Toxin,Non-Toxin,,,false,7c331e1aa7f8a53441803e2af2581a39f5fba959e979a468f376ab28dc813afc
fgf2,1424a8f6bc617be5f20bf232ea2ea8e3c1f8234e114bd768f1f8545570f8801d,masked_substitution,f338e67e5442487be20539bb1136d1290cb724f078a719ea8d3d88bdb0fcaf2b,primary_parent,fef9246bf522c2c2d9e06f76c1f0b40a34eea229868bdcf78b51c159154681ae,amp_read_log10_mic_um,numeric,true,same_frozen_numeric_contract,minimize,log10(uM),2.915548413288972,2.8088410688649583,-0.10670734442401386,0.10670734442401386,true,67a5a3c018767831742c8e4c36d4f20ccfc33c6b0aa6b8ae51c90ba7f2992b6a
fgf2,1424a8f6bc617be5f20bf232ea2ea8e3c1f8234e114bd768f1f8545570f8801d,masked_substitution,f338e67e5442487be20539bb1136d1290cb724f078a719ea8d3d88bdb0fcaf2b,primary_parent,fef9246bf522c2c2d9e06f76c1f0b40a34eea229868bdcf78b51c159154681ae,guruprasad_instability_index,numeric,true,same_frozen_numeric_contract,minimize,index,22.327273,3.6499999999999972,-18.677273000000003,18.677273000000003,true,6e708f252746b40bc01e5f9ca6c618684513048c5a7a15291c3b632da4d5d71b
fgf2,1424a8f6bc617be5f20bf232ea2ea8e3c1f8234e114bd768f1f8545570f8801d,masked_substitution,f338e67e5442487be20539bb1136d1290cb724f078a719ea8d3d88bdb0fcaf2b,primary_parent,fef9246bf522c2c2d9e06f76c1f0b40a34eea229868bdcf78b51c159154681ae,hydrophobic_moment_eisenberg,numeric,false,audit_metric_has_no_monotonic_improvement_direction,audit,dimensionless,0.34127361170072296,0.3650830481482203,0.023809436447497334,,true,5bfa18213cd21cbe42f0f0b1691de5952fecf483b36dfc09c8ef6c3955e0e77c
fgf2,1424a8f6bc617be5f20bf232ea2ea8e3c1f8234e114bd768f1f8545570f8801d,masked_substitution,f338e67e5442487be20539bb1136d1290cb724f078a719ea8d3d88bdb0fcaf2b,primary_parent,fef9246bf522c2c2d9e06f76c1f0b40a34eea229868bdcf78b51c159154681ae,hydrophobic_ratio_modlamp,numeric,false,audit_metric_has_no_monotonic_improvement_direction,audit,fraction,0.09090909090909091,0.13636363636363635,0.04545454545454544,,true,d94c41b719bbfdf38d2e1f6fdc21158d8613079eda92c4c65ec860644c09eb1a
fgf2,1424a8f6bc617be5f20bf232ea2ea8e3c1f8234e114bd768f1f8545570f8801d,masked_substitution,f338e67e5442487be20539bb1136d1290cb724f078a719ea8d3d88bdb0fcaf2b,primary_parent,fef9246bf522c2c2d9e06f76c1f0b40a34eea229868bdcf78b51c159154681ae,llamp_log10_mic_um,numeric,true,same_frozen_numeric_contract,minimize,log10(uM),1.6722277402877808,1.9167665243148804,0.2445387840270996,-0.2445387840270996,true,ecb030f25b21a286d11bc683d895dc262089b4500738df46e09f797e8e4a42f7
fgf2,1424a8f6bc617be5f20bf232ea2ea8e3c1f8234e114bd768f1f8545570f8801d,masked_substitution,f338e67e5442487be20539bb1136d1290cb724f078a719ea8d3d88bdb0fcaf2b,primary_parent,fef9246bf522c2c2d9e06f76c1f0b40a34eea229868bdcf78b51c159154681ae,macrel_amp_probability,numeric,true,same_frozen_numeric_contract,maximize,probability,0.228,0.257,0.028999999999999998,0.028999999999999998,true,44fc51fd851aa33e1de753377a8bfad176e792e95ec923e5c619d2fe61161491
fgf2,1424a8f6bc617be5f20bf232ea2ea8e3c1f8234e114bd768f1f8545570f8801d,masked_substitution,f338e67e5442487be20539bb1136d1290cb724f078a719ea8d3d88bdb0fcaf2b,primary_parent,fef9246bf522c2c2d9e06f76c1f0b40a34eea229868bdcf78b51c159154681ae,macrel_hemolysis_label,categorical,true,same_frozen_label_contract,audit,label,low,low,,,false,e7e8a0c021a9283cc1b368478f86c305e16e7cc84c1059afecba72c3e6dc9ef4
fgf2,1424a8f6bc617be5f20bf232ea2ea8e3c1f8234e114bd768f1f8545570f8801d,masked_substitution,f338e67e5442487be20539bb1136d1290cb724f078a719ea8d3d88bdb0fcaf2b,primary_parent,fef9246bf522c2c2d9e06f76c1f0b40a34eea229868bdcf78b51c159154681ae,macrel_hemolysis_probability,numeric,true,same_frozen_numeric_contract,minimize,probability,0.376,0.356,-0.020000000000000018,0.020000000000000018,true,e2d20530cf45b4ef0ab58909bc9104bf069f1b98474b26062ae661957c21be06
fgf2,1424a8f6bc617be5f20bf232ea2ea8e3c1f8234e114bd768f1f8545570f8801d,masked_substitution,f338e67e5442487be20539bb1136d1290cb724f078a719ea8d3d88bdb0fcaf2b,primary_parent,fef9246bf522c2c2d9e06f76c1f0b40a34eea229868bdcf78b51c159154681ae,maximum_hydrophobic_run,numeric,true,same_frozen_numeric_contract,minimize,residues,2.0,2.0,0.0,-0.0,false,bf038491161942d4c71fbe7266429e701f9afe28e4004867fa81f19957b64e23
fgf2,1424a8f6bc617be5f20bf232ea2ea8e3c1f8234e114bd768f1f8545570f8801d,masked_substitution,f338e67e5442487be20539bb1136d1290cb724f078a719ea8d3d88bdb0fcaf2b,primary_parent,fef9246bf522c2c2d9e06f76c1f0b40a34eea229868bdcf78b51c159154681ae,net_charge_ph7_4,numeric,false,audit_metric_has_no_monotonic_improvement_direction,audit,elementary_charge,7.026,6.027,-0.9989999999999997,,true,09762beee6918129eb8c34e26383da4608eadd498a3e2e786066f55a7ca461b9
fgf2,1424a8f6bc617be5f20bf232ea2ea8e3c1f8234e114bd768f1f8545570f8801d,masked_substitution,f338e67e5442487be20539bb1136d1290cb724f078a719ea8d3d88bdb0fcaf2b,primary_parent,fef9246bf522c2c2d9e06f76c1f0b40a34eea229868bdcf78b51c159154681ae,toxinpred3_hybrid_score,numeric,true,same_frozen_numeric_contract,minimize,dimensionless,0.235,0.22,-0.014999999999999986,0.014999999999999986,true,5227cc0e52055db05465ac5be79d9d72b57489818577833a5905bca11d8e17d1
fgf2,1424a8f6bc617be5f20bf232ea2ea8e3c1f8234e114bd768f1f8545570f8801d,masked_substitution,f338e67e5442487be20539bb1136d1290cb724f078a719ea8d3d88bdb0fcaf2b,primary_parent,fef9246bf522c2c2d9e06f76c1f0b40a34eea229868bdcf78b51c159154681ae,toxinpred3_label,categorical,true,same_frozen_label_contract,audit,label,Non-Toxin,Non-Toxin,,,false,7968ba3c30b7f7a96015518a6d0fff7c8f507b1c6fb7a6d13c1d1df5e98161b5
fgf2,47cf51357099d22602af97aeccaf3177d7a5ff4e1701551f9d95a76277732ad7,masked_substitution,426e0b04023b857499f854b3e4f8c5238d008d6590497eef5118fb0a4916ec58,primary_parent,fef9246bf522c2c2d9e06f76c1f0b40a34eea229868bdcf78b51c159154681ae,amp_read_log10_mic_um,numeric,true,same_frozen_numeric_contract,minimize,log10(uM),2.915548413288972,2.6860361678857636,-0.22951224540320858,0.22951224540320858,true,9beff3b32fe2849370a4fc797f2deb9bc3fe4ea5859d52f13ce04ee4e2ccddff
fgf2,47cf51357099d22602af97aeccaf3177d7a5ff4e1701551f9d95a76277732ad7,masked_substitution,426e0b04023b857499f854b3e4f8c5238d008d6590497eef5118fb0a4916ec58,primary_parent,fef9246bf522c2c2d9e06f76c1f0b40a34eea229868bdcf78b51c159154681ae,guruprasad_instability_index,numeric,true,same_frozen_numeric_contract,minimize,index,22.327273,7.509090909090907,-14.818182090909094,14.818182090909094,true,ccd084c50c6b6f0f965dae917909f374b603123712aac84e7b5328081172b544
fgf2,47cf51357099d22602af97aeccaf3177d7a5ff4e1701551f9d95a76277732ad7,masked_substitution,426e0b04023b857499f854b3e4f8c5238d008d6590497eef5118fb0a4916ec58,primary_parent,fef9246bf522c2c2d9e06f76c1f0b40a34eea229868bdcf78b51c159154681ae,hydrophobic_moment_eisenberg,numeric,false,audit_metric_has_no_monotonic_improvement_direction,audit,dimensionless,0.34127361170072296,0.36672922936351166,0.0254556176627887,,true,f699692c52d19aa82bf936d9cc6f3abed8bedaf417c601e560c3a2de810906bb
fgf2,47cf51357099d22602af97aeccaf3177d7a5ff4e1701551f9d95a76277732ad7,masked_substitution,426e0b04023b857499f854b3e4f8c5238d008d6590497eef5118fb0a4916ec58,primary_parent,fef9246bf522c2c2d9e06f76c1f0b40a34eea229868bdcf78b51c159154681ae,hydrophobic_ratio_modlamp,numeric,false,audit_metric_has_no_monotonic_improvement_direction,audit,fraction,0.09090909090909091,0.13636363636363635,0.04545454545454544,,true,c0073f4a3c852dc9881ff4d96a533398f842824237c9114a24e44f296affb13f
fgf2,47cf51357099d22602af97aeccaf3177d7a5ff4e1701551f9d95a76277732ad7,masked_substitution,426e0b04023b857499f854b3e4f8c5238d008d6590497eef5118fb0a4916ec58,primary_parent,fef9246bf522c2c2d9e06f76c1f0b40a34eea229868bdcf78b51c159154681ae,llamp_log10_mic_um,numeric,true,same_frozen_numeric_contract,minimize,log10(uM),1.6722277402877808,1.9976940155029297,0.3254662752151489,-0.3254662752151489,true,0df8d38228198de3dee44f7863467f127e2df1f65e075e21c02d557d43eea0c1
fgf2,47cf51357099d22602af97aeccaf3177d7a5ff4e1701551f9d95a76277732ad7,masked_substitution,426e0b04023b857499f854b3e4f8c5238d008d6590497eef5118fb0a4916ec58,primary_parent,fef9246bf522c2c2d9e06f76c1f0b40a34eea229868bdcf78b51c159154681ae,macrel_amp_probability,numeric,true,same_frozen_numeric_contract,maximize,probability,0.228,0.267,0.03900000000000001,0.03900000000000001,true,f2d2d6c1981197ff1f5e7286eb6401b5b90948e6d7a34e8ec2663282e96a72d0
fgf2,47cf51357099d22602af97aeccaf3177d7a5ff4e1701551f9d95a76277732ad7,masked_substitution,426e0b04023b857499f854b3e4f8c5238d008d6590497eef5118fb0a4916ec58,primary_parent,fef9246bf522c2c2d9e06f76c1f0b40a34eea229868bdcf78b51c159154681ae,macrel_hemolysis_label,categorical,true,same_frozen_label_contract,audit,label,low,low,,,false,1a7e779c6a10c7688d3a3ff454f321e8364dbbdc2db6306a17cb9442c6ee5556
fgf2,47cf51357099d22602af97aeccaf3177d7a5ff4e1701551f9d95a76277732ad7,masked_substitution,426e0b04023b857499f854b3e4f8c5238d008d6590497eef5118fb0a4916ec58,primary_parent,fef9246bf522c2c2d9e06f76c1f0b40a34eea229868bdcf78b51c159154681ae,macrel_hemolysis_probability,numeric,true,same_frozen_numeric_contract,minimize,probability,0.376,0.416,0.03999999999999998,-0.03999999999999998,true,36ea9389cae6f29dd52d2700acf1b103f5b7d8cd6e0b6f642cf90626ec32148d
fgf2,47cf51357099d22602af97aeccaf3177d7a5ff4e1701551f9d95a76277732ad7,masked_substitution,426e0b04023b857499f854b3e4f8c5238d008d6590497eef5118fb0a4916ec58,primary_parent,fef9246bf522c2c2d9e06f76c1f0b40a34eea229868bdcf78b51c159154681ae,maximum_hydrophobic_run,numeric,true,same_frozen_numeric_contract,minimize,residues,2.0,2.0,0.0,-0.0,false,e4d5c478b9a6b4d194c38e978155a4534efec4af8569de0d8a1172425881978e
fgf2,47cf51357099d22602af97aeccaf3177d7a5ff4e1701551f9d95a76277732ad7,masked_substitution,426e0b04023b857499f854b3e4f8c5238d008d6590497eef5118fb0a4916ec58,primary_parent,fef9246bf522c2c2d9e06f76c1f0b40a34eea229868bdcf78b51c159154681ae,net_charge_ph7_4,numeric,false,audit_metric_has_no_monotonic_improvement_direction,audit,elementary_charge,7.026,6.027,-0.9989999999999997,,true,e6443a33756c81fba1a3a9edfd10abeba142d4a4ff944ce751b6839415d6f269
fgf2,47cf51357099d22602af97aeccaf3177d7a5ff4e1701551f9d95a76277732ad7,masked_substitution,426e0b04023b857499f854b3e4f8c5238d008d6590497eef5118fb0a4916ec58,primary_parent,fef9246bf522c2c2d9e06f76c1f0b40a34eea229868bdcf78b51c159154681ae,toxinpred3_hybrid_score,numeric,true,same_frozen_numeric_contract,minimize,dimensionless,0.235,0.26,0.025000000000000022,-0.025000000000000022,true,a8ececf013bd8df973988ad9c59fb32ebb83744117cdc6bf9e9820ec259ffd2b
fgf2,47cf51357099d22602af97aeccaf3177d7a5ff4e1701551f9d95a76277732ad7,masked_substitution,426e0b04023b857499f854b3e4f8c5238d008d6590497eef5118fb0a4916ec58,primary_parent,fef9246bf522c2c2d9e06f76c1f0b40a34eea229868bdcf78b51c159154681ae,toxinpred3_label,categorical,true,same_frozen_label_contract,audit,label,Non-Toxin,Non-Toxin,,,false,dd9d0fdc76205dc7c560096042becd8b687dc3f974893e2ea6cb5c1104678beb
fgf2,47ce65b2084dce0d3b3552e18f235eb565aa5bbace7b8ada00d393959fba8c06,masked_substitution,fc34a224e4da1a2e0af84ad2d784ae640c2460715c58f02c15fcbe25209aebd6,primary_parent,fef9246bf522c2c2d9e06f76c1f0b40a34eea229868bdcf78b51c159154681ae,amp_read_log10_mic_um,numeric,true,same_frozen_numeric_contract,minimize,log10(uM),2.915548413288972,2.7511094418084667,-0.16443897148050546,0.16443897148050546,true,6c68a91c55328ebcc2cae8ab3d469f7b96cfe124bb4ea3edceb159758386978e
fgf2,47ce65b2084dce0d3b3552e18f235eb565aa5bbace7b8ada00d393959fba8c06,masked_substitution,fc34a224e4da1a2e0af84ad2d784ae640c2460715c58f02c15fcbe25209aebd6,primary_parent,fef9246bf522c2c2d9e06f76c1f0b40a34eea229868bdcf78b51c159154681ae,guruprasad_instability_index,numeric,true,same_frozen_numeric_contract,minimize,index,22.327273,7.509090909090907,-14.818182090909094,14.818182090909094,true,2a85003369e9a9c4b7441a3a288d53857d233c48058018cd9fb039e27cc936e5
fgf2,47ce65b2084dce0d3b3552e18f235eb565aa5bbace7b8ada00d393959fba8c06,masked_substitution,fc34a224e4da1a2e0af84ad2d784ae640c2460715c58f02c15fcbe25209aebd6,primary_parent,fef9246bf522c2c2d9e06f76c1f0b40a34eea229868bdcf78b51c159154681ae,hydrophobic_moment_eisenberg,numeric,false,audit_metric_has_no_monotonic_improvement_direction,audit,dimensionless,0.34127361170072296,0.360590754762936,0.01931714306221305,,true,c0e29809e8643ec2fc4159f6f9d42cc3555a8ed773b15d9cc07ee57513fdb7a5
fgf2,47ce65b2084dce0d3b3552e18f235eb565aa5bbace7b8ada00d393959fba8c06,masked_substitution,fc34a224e4da1a2e0af84ad2d784ae640c2460715c58f02c15fcbe25209aebd6,primary_parent,fef9246bf522c2c2d9e06f76c1f0b40a34eea229868bdcf78b51c159154681ae,hydrophobic_ratio_modlamp,numeric,false,audit_metric_has_no_monotonic_improvement_direction,audit,fraction,0.09090909090909091,0.09090909090909091,0.0,,false,c125b9c583921ee7c5831090571efb597987f2ba488a18274ac3598c979673cd
fgf2,47ce65b2084dce0d3b3552e18f235eb565aa5bbace7b8ada00d393959fba8c06,masked_substitution,fc34a224e4da1a2e0af84ad2d784ae640c2460715c58f02c15fcbe25209aebd6,primary_parent,fef9246bf522c2c2d9e06f76c1f0b40a34eea229868bdcf78b51c159154681ae,llamp_log10_mic_um,numeric,true,same_frozen_numeric_contract,minimize,log10(uM),1.6722277402877808,1.5975942611694336,-0.07463347911834717,0.07463347911834717,true,6578729381e0054854535cf864f665a7e4450315baa1b52e0e2d2b982eaa0349
fgf2,47ce65b2084dce0d3b3552e18f235eb565aa5bbace7b8ada00d393959fba8c06,masked_substitution,fc34a224e4da1a2e0af84ad2d784ae640c2460715c58f02c15fcbe25209aebd6,primary_parent,fef9246bf522c2c2d9e06f76c1f0b40a34eea229868bdcf78b51c159154681ae,macrel_amp_probability,numeric,true,same_frozen_numeric_contract,maximize,probability,0.228,0.277,0.049000000000000016,0.049000000000000016,true,e75d8572db9add3c5d50c0caf851360c261f01f82b6af18aa9dfae348921b395
fgf2,47ce65b2084dce0d3b3552e18f235eb565aa5bbace7b8ada00d393959fba8c06,masked_substitution,fc34a224e4da1a2e0af84ad2d784ae640c2460715c58f02c15fcbe25209aebd6,primary_parent,fef9246bf522c2c2d9e06f76c1f0b40a34eea229868bdcf78b51c159154681ae,macrel_hemolysis_label,categorical,true,same_frozen_label_contract,audit,label,low,low,,,false,546b0023678950cd3b9d3595335f23430879510be2f7c14b4cedba3b24bdf846
fgf2,47ce65b2084dce0d3b3552e18f235eb565aa5bbace7b8ada00d393959fba8c06,masked_substitution,fc34a224e4da1a2e0af84ad2d784ae640c2460715c58f02c15fcbe25209aebd6,primary_parent,fef9246bf522c2c2d9e06f76c1f0b40a34eea229868bdcf78b51c159154681ae,macrel_hemolysis_probability,numeric,true,same_frozen_numeric_contract,minimize,probability,0.376,0.406,0.030000000000000027,-0.030000000000000027,true,4338af397aacb64151f6485471dd27b2adb42b460477ba35047770fb85b0d25a
fgf2,47ce65b2084dce0d3b3552e18f235eb565aa5bbace7b8ada00d393959fba8c06,masked_substitution,fc34a224e4da1a2e0af84ad2d784ae640c2460715c58f02c15fcbe25209aebd6,primary_parent,fef9246bf522c2c2d9e06f76c1f0b40a34eea229868bdcf78b51c159154681ae,maximum_hydrophobic_run,numeric,true,same_frozen_numeric_contract,minimize,residues,2.0,2.0,0.0,-0.0,false,55e096a195c2665563aa93596e9edd1cd0ddba3f9559cd706d746f88a29fadfe
fgf2,47ce65b2084dce0d3b3552e18f235eb565aa5bbace7b8ada00d393959fba8c06,masked_substitution,fc34a224e4da1a2e0af84ad2d784ae640c2460715c58f02c15fcbe25209aebd6,primary_parent,fef9246bf522c2c2d9e06f76c1f0b40a34eea229868bdcf78b51c159154681ae,net_charge_ph7_4,numeric,false,audit_metric_has_no_monotonic_improvement_direction,audit,elementary_charge,7.026,6.027,-0.9989999999999997,,true,ff44e5901b9c5fe05e5443afde6d9cd800cee896af7235117e3e7c633438377f
fgf2,47ce65b2084dce0d3b3552e18f235eb565aa5bbace7b8ada00d393959fba8c06,masked_substitution,fc34a224e4da1a2e0af84ad2d784ae640c2460715c58f02c15fcbe25209aebd6,primary_parent,fef9246bf522c2c2d9e06f76c1f0b40a34eea229868bdcf78b51c159154681ae,toxinpred3_hybrid_score,numeric,true,same_frozen_numeric_contract,minimize,dimensionless,0.235,0.26,0.025000000000000022,-0.025000000000000022,true,e43899de58a872493687dd2bc183af0ed40562719fbf557c263c796a31a10f09
fgf2,47ce65b2084dce0d3b3552e18f235eb565aa5bbace7b8ada00d393959fba8c06,masked_substitution,fc34a224e4da1a2e0af84ad2d784ae640c2460715c58f02c15fcbe25209aebd6,primary_parent,fef9246bf522c2c2d9e06f76c1f0b40a34eea229868bdcf78b51c159154681ae,toxinpred3_label,categorical,true,same_frozen_label_contract,audit,label,Non-Toxin,Non-Toxin,,,false,acb9d9d0c6ab44af5ac1e943ce7c7232090e93edc2e6040f006831c17c3e4e19
fgf2,a88ba74daa6e06901914936c975b9e3623d8792c8f8878531fe058f591ce2188,masked_substitution,e76e6f3308da3374c6aef7ce84c8121ca2f0deaffd2906fe657f999343c3742a,primary_parent,fef9246bf522c2c2d9e06f76c1f0b40a34eea229868bdcf78b51c159154681ae,amp_read_log10_mic_um,numeric,true,same_frozen_numeric_contract,minimize,log10(uM),2.915548413288972,2.7957868320422192,-0.11976158124675296,0.11976158124675296,true,0b7b4be57b55a81406d7c2350245aa4f2f6d3026a2a3d04773963458537ef14a
fgf2,a88ba74daa6e06901914936c975b9e3623d8792c8f8878531fe058f591ce2188,masked_substitution,e76e6f3308da3374c6aef7ce84c8121ca2f0deaffd2906fe657f999343c3742a,primary_parent,fef9246bf522c2c2d9e06f76c1f0b40a34eea229868bdcf78b51c159154681ae,guruprasad_instability_index,numeric,true,same_frozen_numeric_contract,minimize,index,22.327273,-0.17727272727273116,-22.50454572727273,22.50454572727273,true,67cb4ccbeca072312c94e0e97f4c1852f0db4561a349cf521a1a7384b1375a89
fgf2,a88ba74daa6e06901914936c975b9e3623d8792c8f8878531fe058f591ce2188,masked_substitution,e76e6f3308da3374c6aef7ce84c8121ca2f0deaffd2906fe657f999343c3742a,primary_parent,fef9246bf522c2c2d9e06f76c1f0b40a34eea229868bdcf78b51c159154681ae,hydrophobic_moment_eisenberg,numeric,false,audit_metric_has_no_monotonic_improvement_direction,audit,dimensionless,0.34127361170072296,0.35326702897277906,0.011993417272056106,,true,dff4b154d434d19e4a8d65c51514a14c104f5ddee117bc6410c5dea8be569238
fgf2,a88ba74daa6e06901914936c975b9e3623d8792c8f8878531fe058f591ce2188,masked_substitution,e76e6f3308da3374c6aef7ce84c8121ca2f0deaffd2906fe657f999343c3742a,primary_parent,fef9246bf522c2c2d9e06f76c1f0b40a34eea229868bdcf78b51c159154681ae,hydrophobic_ratio_modlamp,numeric,false,audit_metric_has_no_monotonic_improvement_direction,audit,fraction,0.09090909090909091,0.09090909090909091,0.0,,false,8befc095446797dc240e415709ab0a36f0ac8e2572e5e4a874bd667530df9964
fgf2,a88ba74daa6e06901914936c975b9e3623d8792c8f8878531fe058f591ce2188,masked_substitution,e76e6f3308da3374c6aef7ce84c8121ca2f0deaffd2906fe657f999343c3742a,primary_parent,fef9246bf522c2c2d9e06f76c1f0b40a34eea229868bdcf78b51c159154681ae,llamp_log10_mic_um,numeric,true,same_frozen_numeric_contract,minimize,log10(uM),1.6722277402877808,1.944851279258728,0.27262353897094727,-0.27262353897094727,true,09b5b348e86fb0ef8b90a3d81657c13f34fa3bc157a3fe507fc2e396a7f9824f
fgf2,a88ba74daa6e06901914936c975b9e3623d8792c8f8878531fe058f591ce2188,masked_substitution,e76e6f3308da3374c6aef7ce84c8121ca2f0deaffd2906fe657f999343c3742a,primary_parent,fef9246bf522c2c2d9e06f76c1f0b40a34eea229868bdcf78b51c159154681ae,macrel_amp_probability,numeric,true,same_frozen_numeric_contract,maximize,probability,0.228,0.366,0.13799999999999998,0.13799999999999998,true,7f0d4c8ae65cec9eeb83c20c7096d9ecb3db7c3a163d094671f3c9d4b05b332a
fgf2,a88ba74daa6e06901914936c975b9e3623d8792c8f8878531fe058f591ce2188,masked_substitution,e76e6f3308da3374c6aef7ce84c8121ca2f0deaffd2906fe657f999343c3742a,primary_parent,fef9246bf522c2c2d9e06f76c1f0b40a34eea229868bdcf78b51c159154681ae,macrel_hemolysis_label,categorical,true,same_frozen_label_contract,audit,label,low,low,,,false,2abed1f8cf5ebb6f8e85bce3186ef110effa00b9231a2032c929223e0796e384
fgf2,a88ba74daa6e06901914936c975b9e3623d8792c8f8878531fe058f591ce2188,masked_substitution,e76e6f3308da3374c6aef7ce84c8121ca2f0deaffd2906fe657f999343c3742a,primary_parent,fef9246bf522c2c2d9e06f76c1f0b40a34eea229868bdcf78b51c159154681ae,macrel_hemolysis_probability,numeric,true,same_frozen_numeric_contract,minimize,probability,0.376,0.426,0.04999999999999999,-0.04999999999999999,true,42b5f7266780893dfcfd171b6c40d4254ec9b75ce7cee8cd78b77d39ef0728c7
fgf2,a88ba74daa6e06901914936c975b9e3623d8792c8f8878531fe058f591ce2188,masked_substitution,e76e6f3308da3374c6aef7ce84c8121ca2f0deaffd2906fe657f999343c3742a,primary_parent,fef9246bf522c2c2d9e06f76c1f0b40a34eea229868bdcf78b51c159154681ae,maximum_hydrophobic_run,numeric,true,same_frozen_numeric_contract,minimize,residues,2.0,2.0,0.0,-0.0,false,a4931bbbfc2b086e7eccea90dfbe1bb52c728f4596dd091784d8ec257e0f2e58
fgf2,a88ba74daa6e06901914936c975b9e3623d8792c8f8878531fe058f591ce2188,masked_substitution,e76e6f3308da3374c6aef7ce84c8121ca2f0deaffd2906fe657f999343c3742a,primary_parent,fef9246bf522c2c2d9e06f76c1f0b40a34eea229868bdcf78b51c159154681ae,net_charge_ph7_4,numeric,false,audit_metric_has_no_monotonic_improvement_direction,audit,elementary_charge,7.026,6.025,-1.0009999999999994,,true,30a34f0b20b1a72893492a3f93fa045738b417322b271e84c47581f0cf3fdd93
fgf2,a88ba74daa6e06901914936c975b9e3623d8792c8f8878531fe058f591ce2188,masked_substitution,e76e6f3308da3374c6aef7ce84c8121ca2f0deaffd2906fe657f999343c3742a,primary_parent,fef9246bf522c2c2d9e06f76c1f0b40a34eea229868bdcf78b51c159154681ae,toxinpred3_hybrid_score,numeric,true,same_frozen_numeric_contract,minimize,dimensionless,0.235,0.23,-0.004999999999999977,0.004999999999999977,true,ccbb494727c51ab0b061e00599052142f492af631af78721058fa0f5119165a6
fgf2,a88ba74daa6e06901914936c975b9e3623d8792c8f8878531fe058f591ce2188,masked_substitution,e76e6f3308da3374c6aef7ce84c8121ca2f0deaffd2906fe657f999343c3742a,primary_parent,fef9246bf522c2c2d9e06f76c1f0b40a34eea229868bdcf78b51c159154681ae,toxinpred3_label,categorical,true,same_frozen_label_contract,audit,label,Non-Toxin,Non-Toxin,,,false,c12bcab6dafb505688b2419edf1b14daca69f102e79717de9e0ceaa76ad97a2b
fgf2,4d01f00ffdc0e2de9cc6fc093ee357a9cb1b6fc292705e3e60c5844ec327c3dc,masked_substitution,8fd05a2672dee7f3fe2d408428997e0ef49b022a605824825f7be2dc936a8279,primary_parent,fef9246bf522c2c2d9e06f76c1f0b40a34eea229868bdcf78b51c159154681ae,amp_read_log10_mic_um,numeric,true,same_frozen_numeric_contract,minimize,log10(uM),2.915548413288972,2.804138014341128,-0.11141039894784432,0.11141039894784432,true,eb1eda47432c65202276260720b5c0efb9be36a363d07a2fd9cebda81df70195
fgf2,4d01f00ffdc0e2de9cc6fc093ee357a9cb1b6fc292705e3e60c5844ec327c3dc,masked_substitution,8fd05a2672dee7f3fe2d408428997e0ef49b022a605824825f7be2dc936a8279,primary_parent,fef9246bf522c2c2d9e06f76c1f0b40a34eea229868bdcf78b51c159154681ae,guruprasad_instability_index,numeric,true,same_frozen_numeric_contract,minimize,index,22.327273,7.509090909090907,-14.818182090909094,14.818182090909094,true,33180a671610dc6c3b1814dd0456ad1fd7f8630fabc678210f391e5f801f0ad5
fgf2,4d01f00ffdc0e2de9cc6fc093ee357a9cb1b6fc292705e3e60c5844ec327c3dc,masked_substitution,8fd05a2672dee7f3fe2d408428997e0ef49b022a605824825f7be2dc936a8279,primary_parent,fef9246bf522c2c2d9e06f76c1f0b40a34eea229868bdcf78b51c159154681ae,hydrophobic_moment_eisenberg,numeric,false,audit_metric_has_no_monotonic_improvement_direction,audit,dimensionless,0.34127361170072296,0.20178828958799652,-0.13948532211272643,,true,ad0714153355ac2c20390c5baf472f099dcd78f5e5c74499fadec3cf85ee774b
fgf2,4d01f00ffdc0e2de9cc6fc093ee357a9cb1b6fc292705e3e60c5844ec327c3dc,masked_substitution,8fd05a2672dee7f3fe2d408428997e0ef49b022a605824825f7be2dc936a8279,primary_parent,fef9246bf522c2c2d9e06f76c1f0b40a34eea229868bdcf78b51c159154681ae,hydrophobic_ratio_modlamp,numeric,false,audit_metric_has_no_monotonic_improvement_direction,audit,fraction,0.09090909090909091,0.13636363636363635,0.04545454545454544,,true,e631cd0fd31826face207bd2cfe921674d714a8b3ad7fa40ab0e8eaad9f0c749
fgf2,4d01f00ffdc0e2de9cc6fc093ee357a9cb1b6fc292705e3e60c5844ec327c3dc,masked_substitution,8fd05a2672dee7f3fe2d408428997e0ef49b022a605824825f7be2dc936a8279,primary_parent,fef9246bf522c2c2d9e06f76c1f0b40a34eea229868bdcf78b51c159154681ae,llamp_log10_mic_um,numeric,true,same_frozen_numeric_contract,minimize,log10(uM),1.6722277402877808,2.0815670490264893,0.4093393087387085,-0.4093393087387085,true,11e74ed34e91056b542b3fdd28fcdaa37f8a8b75c451e42eba085ec50e301abc
fgf2,4d01f00ffdc0e2de9cc6fc093ee357a9cb1b6fc292705e3e60c5844ec327c3dc,masked_substitution,8fd05a2672dee7f3fe2d408428997e0ef49b022a605824825f7be2dc936a8279,primary_parent,fef9246bf522c2c2d9e06f76c1f0b40a34eea229868bdcf78b51c159154681ae,macrel_amp_probability,numeric,true,same_frozen_numeric_contract,maximize,probability,0.228,0.208,-0.020000000000000018,-0.020000000000000018,true,be7cca895c3c023ebbe1145fe8f94c3b85a85ed32eb2465ab60916cfc53f22b3
fgf2,4d01f00ffdc0e2de9cc6fc093ee357a9cb1b6fc292705e3e60c5844ec327c3dc,masked_substitution,8fd05a2672dee7f3fe2d408428997e0ef49b022a605824825f7be2dc936a8279,primary_parent,fef9246bf522c2c2d9e06f76c1f0b40a34eea229868bdcf78b51c159154681ae,macrel_hemolysis_label,categorical,true,same_frozen_label_contract,audit,label,low,low,,,false,383dff4ed3f1bf2f17572c8be4a64ca9e83d498d2a3f43dc48d1d73360c070ed
fgf2,4d01f00ffdc0e2de9cc6fc093ee357a9cb1b6fc292705e3e60c5844ec327c3dc,masked_substitution,8fd05a2672dee7f3fe2d408428997e0ef49b022a605824825f7be2dc936a8279,primary_parent,fef9246bf522c2c2d9e06f76c1f0b40a34eea229868bdcf78b51c159154681ae,macrel_hemolysis_probability,numeric,true,same_frozen_numeric_contract,minimize,probability,0.376,0.307,-0.069,0.069,true,b68eb91566fca45c9e816c0bcfd8a2f88f1362ae29acb88354146d797d133b5f
fgf2,4d01f00ffdc0e2de9cc6fc093ee357a9cb1b6fc292705e3e60c5844ec327c3dc,masked_substitution,8fd05a2672dee7f3fe2d408428997e0ef49b022a605824825f7be2dc936a8279,primary_parent,fef9246bf522c2c2d9e06f76c1f0b40a34eea229868bdcf78b51c159154681ae,maximum_hydrophobic_run,numeric,true,same_frozen_numeric_contract,minimize,residues,2.0,2.0,0.0,-0.0,false,3521551f4148b6c734f178bd50ffc1dd6a1e94d4fab53b13e5e8e51779def7bc
fgf2,4d01f00ffdc0e2de9cc6fc093ee357a9cb1b6fc292705e3e60c5844ec327c3dc,masked_substitution,8fd05a2672dee7f3fe2d408428997e0ef49b022a605824825f7be2dc936a8279,primary_parent,fef9246bf522c2c2d9e06f76c1f0b40a34eea229868bdcf78b51c159154681ae,net_charge_ph7_4,numeric,false,audit_metric_has_no_monotonic_improvement_direction,audit,elementary_charge,7.026,6.026,-1.0,,true,c730f464afa8cab50ecd899a596cc40ba7f74596b8e16c43cb7b45dde39cd10e
fgf2,4d01f00ffdc0e2de9cc6fc093ee357a9cb1b6fc292705e3e60c5844ec327c3dc,masked_substitution,8fd05a2672dee7f3fe2d408428997e0ef49b022a605824825f7be2dc936a8279,primary_parent,fef9246bf522c2c2d9e06f76c1f0b40a34eea229868bdcf78b51c159154681ae,toxinpred3_hybrid_score,numeric,true,same_frozen_numeric_contract,minimize,dimensionless,0.235,0.28,0.04500000000000004,-0.04500000000000004,true,47ad019630776579ea3b1c39eca8a7119cabc8718438a03ece8d4ce4015f916c
fgf2,4d01f00ffdc0e2de9cc6fc093ee357a9cb1b6fc292705e3e60c5844ec327c3dc,masked_substitution,8fd05a2672dee7f3fe2d408428997e0ef49b022a605824825f7be2dc936a8279,primary_parent,fef9246bf522c2c2d9e06f76c1f0b40a34eea229868bdcf78b51c159154681ae,toxinpred3_label,categorical,true,same_frozen_label_contract,audit,label,Non-Toxin,Non-Toxin,,,false,06b2a2906931b936c7d6c8dc3c8d9542f9573b89369954c93f476a08a317415b
fgf2,d338aad9a8ad8911e6798d3763d6c3ccb56d7d6917282c058fa5dcaad797a6b3,masked_substitution,fb9d04c8e67f317cc1e22c064621b23f53fcbbcf5e079c1fedb0e4669e09f2e4,primary_parent,fef9246bf522c2c2d9e06f76c1f0b40a34eea229868bdcf78b51c159154681ae,amp_read_log10_mic_um,numeric,true,same_frozen_numeric_contract,minimize,log10(uM),2.915548413288972,2.5562345756680203,-0.3593138376209519,0.3593138376209519,true,0d35b674f5b67512fdf86837b7058f0da6623ec0e4a37fd2ead3b69183d4e978
fgf2,d338aad9a8ad8911e6798d3763d6c3ccb56d7d6917282c058fa5dcaad797a6b3,masked_substitution,fb9d04c8e67f317cc1e22c064621b23f53fcbbcf5e079c1fedb0e4669e09f2e4,primary_parent,fef9246bf522c2c2d9e06f76c1f0b40a34eea229868bdcf78b51c159154681ae,guruprasad_instability_index,numeric,true,same_frozen_numeric_contract,minimize,index,22.327273,3.6499999999999972,-18.677273000000003,18.677273000000003,true,afcb285ca417e56c5292b8ddf11c199a00d9a0a68898e98e820757bf2a2302d2
fgf2,d338aad9a8ad8911e6798d3763d6c3ccb56d7d6917282c058fa5dcaad797a6b3,masked_substitution,fb9d04c8e67f317cc1e22c064621b23f53fcbbcf5e079c1fedb0e4669e09f2e4,primary_parent,fef9246bf522c2c2d9e06f76c1f0b40a34eea229868bdcf78b51c159154681ae,hydrophobic_moment_eisenberg,numeric,false,audit_metric_has_no_monotonic_improvement_direction,audit,dimensionless,0.34127361170072296,0.16753013676556716,-0.1737434749351558,,true,a31a706588dd848083731979d1943d9629127040d46160aaef6fe2d9f0d51d09
fgf2,d338aad9a8ad8911e6798d3763d6c3ccb56d7d6917282c058fa5dcaad797a6b3,masked_substitution,fb9d04c8e67f317cc1e22c064621b23f53fcbbcf5e079c1fedb0e4669e09f2e4,primary_parent,fef9246bf522c2c2d9e06f76c1f0b40a34eea229868bdcf78b51c159154681ae,hydrophobic_ratio_modlamp,numeric,false,audit_metric_has_no_monotonic_improvement_direction,audit,fraction,0.09090909090909091,0.13636363636363635,0.04545454545454544,,true,bab0b227b62063b22e2ce7618cd4ec6f970cfc804769783b8c38f92a5185f269
fgf2,d338aad9a8ad8911e6798d3763d6c3ccb56d7d6917282c058fa5dcaad797a6b3,masked_substitution,fb9d04c8e67f317cc1e22c064621b23f53fcbbcf5e079c1fedb0e4669e09f2e4,primary_parent,fef9246bf522c2c2d9e06f76c1f0b40a34eea229868bdcf78b51c159154681ae,llamp_log10_mic_um,numeric,true,same_frozen_numeric_contract,minimize,log10(uM),1.6722277402877808,1.8069581985473633,0.13473045825958252,-0.13473045825958252,true,b17f2a9907ae23056465717cca69279befe526986b3a3371d60a0acadc7cf6e9
fgf2,d338aad9a8ad8911e6798d3763d6c3ccb56d7d6917282c058fa5dcaad797a6b3,masked_substitution,fb9d04c8e67f317cc1e22c064621b23f53fcbbcf5e079c1fedb0e4669e09f2e4,primary_parent,fef9246bf522c2c2d9e06f76c1f0b40a34eea229868bdcf78b51c159154681ae,macrel_amp_probability,numeric,true,same_frozen_numeric_contract,maximize,probability,0.228,0.307,0.07899999999999999,0.07899999999999999,true,75a3497e27aef1e7eb83c356e7b3403c56c8dca8f3036f08684985b675f9ab21
fgf2,d338aad9a8ad8911e6798d3763d6c3ccb56d7d6917282c058fa5dcaad797a6b3,masked_substitution,fb9d04c8e67f317cc1e22c064621b23f53fcbbcf5e079c1fedb0e4669e09f2e4,primary_parent,fef9246bf522c2c2d9e06f76c1f0b40a34eea229868bdcf78b51c159154681ae,macrel_hemolysis_label,categorical,true,same_frozen_label_contract,audit,label,low,low,,,false,dd188d7cd459a9196d78f9f8903060d72d4b2c5f0ea578705cf7660e15374101
fgf2,d338aad9a8ad8911e6798d3763d6c3ccb56d7d6917282c058fa5dcaad797a6b3,masked_substitution,fb9d04c8e67f317cc1e22c064621b23f53fcbbcf5e079c1fedb0e4669e09f2e4,primary_parent,fef9246bf522c2c2d9e06f76c1f0b40a34eea229868bdcf78b51c159154681ae,macrel_hemolysis_probability,numeric,true,same_frozen_numeric_contract,minimize,probability,0.376,0.366,-0.010000000000000009,0.010000000000000009,true,b9638d61f61d6865f981ca4b4ee66ba268ab08165131a62be90a3e4a310f2108
fgf2,d338aad9a8ad8911e6798d3763d6c3ccb56d7d6917282c058fa5dcaad797a6b3,masked_substitution,fb9d04c8e67f317cc1e22c064621b23f53fcbbcf5e079c1fedb0e4669e09f2e4,primary_parent,fef9246bf522c2c2d9e06f76c1f0b40a34eea229868bdcf78b51c159154681ae,maximum_hydrophobic_run,numeric,true,same_frozen_numeric_contract,minimize,residues,2.0,2.0,0.0,-0.0,false,1d2e2772442f37472010b93071db66f232f941d7a3cab3ea2b6dd8d61e3e652e
fgf2,d338aad9a8ad8911e6798d3763d6c3ccb56d7d6917282c058fa5dcaad797a6b3,masked_substitution,fb9d04c8e67f317cc1e22c064621b23f53fcbbcf5e079c1fedb0e4669e09f2e4,primary_parent,fef9246bf522c2c2d9e06f76c1f0b40a34eea229868bdcf78b51c159154681ae,net_charge_ph7_4,numeric,false,audit_metric_has_no_monotonic_improvement_direction,audit,elementary_charge,7.026,6.026,-1.0,,true,475fff4f6c95df7fe4992e3b28a11c4dd3c6cc300091edddacf1edd3ffadc203
fgf2,d338aad9a8ad8911e6798d3763d6c3ccb56d7d6917282c058fa5dcaad797a6b3,masked_substitution,fb9d04c8e67f317cc1e22c064621b23f53fcbbcf5e079c1fedb0e4669e09f2e4,primary_parent,fef9246bf522c2c2d9e06f76c1f0b40a34eea229868bdcf78b51c159154681ae,toxinpred3_hybrid_score,numeric,true,same_frozen_numeric_contract,minimize,dimensionless,0.235,0.245,0.010000000000000009,-0.010000000000000009,true,5a2fc8a9732166653911fb23df4c13b7c613b89c93fa2cd095c587ebfc40aaf9
fgf2,d338aad9a8ad8911e6798d3763d6c3ccb56d7d6917282c058fa5dcaad797a6b3,masked_substitution,fb9d04c8e67f317cc1e22c064621b23f53fcbbcf5e079c1fedb0e4669e09f2e4,primary_parent,fef9246bf522c2c2d9e06f76c1f0b40a34eea229868bdcf78b51c159154681ae,toxinpred3_label,categorical,true,same_frozen_label_contract,audit,label,Non-Toxin,Non-Toxin,,,false,15963319893d97617d7331087278aa047dff25bfee1b8926cc7016950de65dac
fgf2,2feb9e442237c7aa6134ee2fd45991ff7fb8cc57a3a9f1a5937c48a340354ba7,masked_substitution,017b77c01442dfbe810d950db0f69af2c8b15aaf4960c7f8503d7557afff8fbf,primary_parent,fef9246bf522c2c2d9e06f76c1f0b40a34eea229868bdcf78b51c159154681ae,amp_read_log10_mic_um,numeric,true,same_frozen_numeric_contract,minimize,log10(uM),2.915548413288972,2.630044503672309,-0.28550390961666317,0.28550390961666317,true,b04199b5409047fc08aa31b855a16b76a0361269397a9ce5de7277e1e39655c9
fgf2,2feb9e442237c7aa6134ee2fd45991ff7fb8cc57a3a9f1a5937c48a340354ba7,masked_substitution,017b77c01442dfbe810d950db0f69af2c8b15aaf4960c7f8503d7557afff8fbf,primary_parent,fef9246bf522c2c2d9e06f76c1f0b40a34eea229868bdcf78b51c159154681ae,guruprasad_instability_index,numeric,true,same_frozen_numeric_contract,minimize,index,22.327273,3.6499999999999972,-18.677273000000003,18.677273000000003,true,2475780469dcfba59f813e97af70c4b513ea856853f77bd0d0b1a1cac16e58e4
fgf2,2feb9e442237c7aa6134ee2fd45991ff7fb8cc57a3a9f1a5937c48a340354ba7,masked_substitution,017b77c01442dfbe810d950db0f69af2c8b15aaf4960c7f8503d7557afff8fbf,primary_parent,fef9246bf522c2c2d9e06f76c1f0b40a34eea229868bdcf78b51c159154681ae,hydrophobic_moment_eisenberg,numeric,false,audit_metric_has_no_monotonic_improvement_direction,audit,dimensionless,0.34127361170072296,0.18065172065367222,-0.16062189104705074,,true,f2bf08fa7d25761d0184621e943f73b08c5b5c97e6f9cb701c72914469b2bc60
fgf2,2feb9e442237c7aa6134ee2fd45991ff7fb8cc57a3a9f1a5937c48a340354ba7,masked_substitution,017b77c01442dfbe810d950db0f69af2c8b15aaf4960c7f8503d7557afff8fbf,primary_parent,fef9246bf522c2c2d9e06f76c1f0b40a34eea229868bdcf78b51c159154681ae,hydrophobic_ratio_modlamp,numeric,false,audit_metric_has_no_monotonic_improvement_direction,audit,fraction,0.09090909090909091,0.13636363636363635,0.04545454545454544,,true,f73f75e428678f286cd4affd41265e2f6b467e39f5324998e4a8513ed7a64b66
fgf2,2feb9e442237c7aa6134ee2fd45991ff7fb8cc57a3a9f1a5937c48a340354ba7,masked_substitution,017b77c01442dfbe810d950db0f69af2c8b15aaf4960c7f8503d7557afff8fbf,primary_parent,fef9246bf522c2c2d9e06f76c1f0b40a34eea229868bdcf78b51c159154681ae,llamp_log10_mic_um,numeric,true,same_frozen_numeric_contract,minimize,log10(uM),1.6722277402877808,1.5506666898727417,-0.12156105041503906,0.12156105041503906,true,a7e69ed32d774c48e11cfe08be7d1b1efbd2e17204e39e5c1a4dc8d1f17b37a7
fgf2,2feb9e442237c7aa6134ee2fd45991ff7fb8cc57a3a9f1a5937c48a340354ba7,masked_substitution,017b77c01442dfbe810d950db0f69af2c8b15aaf4960c7f8503d7557afff8fbf,primary_parent,fef9246bf522c2c2d9e06f76c1f0b40a34eea229868bdcf78b51c159154681ae,macrel_amp_probability,numeric,true,same_frozen_numeric_contract,maximize,probability,0.228,0.307,0.07899999999999999,0.07899999999999999,true,880bf0f0a6fece5916deb1e9391c04b575cf5d0ceebc8589017a6ff6aec9b420
fgf2,2feb9e442237c7aa6134ee2fd45991ff7fb8cc57a3a9f1a5937c48a340354ba7,masked_substitution,017b77c01442dfbe810d950db0f69af2c8b15aaf4960c7f8503d7557afff8fbf,primary_parent,fef9246bf522c2c2d9e06f76c1f0b40a34eea229868bdcf78b51c159154681ae,macrel_hemolysis_label,categorical,true,same_frozen_label_contract,audit,label,low,low,,,false,866bb73e8a8a830581866bcd1f9f71212f5e74915845b2aae8a3bffedf0ed4b6
fgf2,2feb9e442237c7aa6134ee2fd45991ff7fb8cc57a3a9f1a5937c48a340354ba7,masked_substitution,017b77c01442dfbe810d950db0f69af2c8b15aaf4960c7f8503d7557afff8fbf,primary_parent,fef9246bf522c2c2d9e06f76c1f0b40a34eea229868bdcf78b51c159154681ae,macrel_hemolysis_probability,numeric,true,same_frozen_numeric_contract,minimize,probability,0.376,0.366,-0.010000000000000009,0.010000000000000009,true,bd33f2c80a0db853fee966fa1fded4dee816f5a2085497f45481d678868dbeb1
fgf2,2feb9e442237c7aa6134ee2fd45991ff7fb8cc57a3a9f1a5937c48a340354ba7,masked_substitution,017b77c01442dfbe810d950db0f69af2c8b15aaf4960c7f8503d7557afff8fbf,primary_parent,fef9246bf522c2c2d9e06f76c1f0b40a34eea229868bdcf78b51c159154681ae,maximum_hydrophobic_run,numeric,true,same_frozen_numeric_contract,minimize,residues,2.0,2.0,0.0,-0.0,false,fbddf9511952464d796b02303c5982fb8d4cea6ac4eab0f4df6e7d8b9edab824
fgf2,2feb9e442237c7aa6134ee2fd45991ff7fb8cc57a3a9f1a5937c48a340354ba7,masked_substitution,017b77c01442dfbe810d950db0f69af2c8b15aaf4960c7f8503d7557afff8fbf,primary_parent,fef9246bf522c2c2d9e06f76c1f0b40a34eea229868bdcf78b51c159154681ae,net_charge_ph7_4,numeric,false,audit_metric_has_no_monotonic_improvement_direction,audit,elementary_charge,7.026,6.026,-1.0,,true,9442bfbc481fc149e392bf33979b6f2d107a7320f474110f7db4bfa596799a4b
fgf2,2feb9e442237c7aa6134ee2fd45991ff7fb8cc57a3a9f1a5937c48a340354ba7,masked_substitution,017b77c01442dfbe810d950db0f69af2c8b15aaf4960c7f8503d7557afff8fbf,primary_parent,fef9246bf522c2c2d9e06f76c1f0b40a34eea229868bdcf78b51c159154681ae,toxinpred3_hybrid_score,numeric,true,same_frozen_numeric_contract,minimize,dimensionless,0.235,0.28,0.04500000000000004,-0.04500000000000004,true,513a950a11725cd721aa23e5ade0b04d2c90d9a3fedd958bc2b2cf2677595556
fgf2,2feb9e442237c7aa6134ee2fd45991ff7fb8cc57a3a9f1a5937c48a340354ba7,masked_substitution,017b77c01442dfbe810d950db0f69af2c8b15aaf4960c7f8503d7557afff8fbf,primary_parent,fef9246bf522c2c2d9e06f76c1f0b40a34eea229868bdcf78b51c159154681ae,toxinpred3_label,categorical,true,same_frozen_label_contract,audit,label,Non-Toxin,Non-Toxin,,,false,6ddc0aff4ae491363c6e19edfbd2a72b7fd5a296d9623a2f6488f9d15952aa47
fgf2,f33143541ae7fec5aba1cfefd6bac338faeafbca4e2050a2b10947441fdd7276,masked_substitution,03f1078a7b862f7dbe01e6e63baea55ab7baaa5dcc1e1d4bc6e2b0c8935fbad9,primary_parent,fef9246bf522c2c2d9e06f76c1f0b40a34eea229868bdcf78b51c159154681ae,amp_read_log10_mic_um,numeric,true,same_frozen_numeric_contract,minimize,log10(uM),2.915548413288972,2.7090323390870665,-0.20651607420190565,0.20651607420190565,true,b2b44b347746904b8bad95d7537b4e3f66438c1c584fca5e6c586bee72e8ffc6
fgf2,f33143541ae7fec5aba1cfefd6bac338faeafbca4e2050a2b10947441fdd7276,masked_substitution,03f1078a7b862f7dbe01e6e63baea55ab7baaa5dcc1e1d4bc6e2b0c8935fbad9,primary_parent,fef9246bf522c2c2d9e06f76c1f0b40a34eea229868bdcf78b51c159154681ae,guruprasad_instability_index,numeric,true,same_frozen_numeric_contract,minimize,index,22.327273,-0.20909090909090988,-22.536363909090912,22.536363909090912,true,3f9de43dd90ba299df4926ed95ef2aba00bb0051f337d7f366b1de1b9c463da6
fgf2,f33143541ae7fec5aba1cfefd6bac338faeafbca4e2050a2b10947441fdd7276,masked_substitution,03f1078a7b862f7dbe01e6e63baea55ab7baaa5dcc1e1d4bc6e2b0c8935fbad9,primary_parent,fef9246bf522c2c2d9e06f76c1f0b40a34eea229868bdcf78b51c159154681ae,hydrophobic_moment_eisenberg,numeric,false,audit_metric_has_no_monotonic_improvement_direction,audit,dimensionless,0.34127361170072296,0.18065172065367222,-0.16062189104705074,,true,27da5e48292a77be0f0e83165d9c5992f4f7b054723e4bf47d4881d7a28a973a
fgf2,f33143541ae7fec5aba1cfefd6bac338faeafbca4e2050a2b10947441fdd7276,masked_substitution,03f1078a7b862f7dbe01e6e63baea55ab7baaa5dcc1e1d4bc6e2b0c8935fbad9,primary_parent,fef9246bf522c2c2d9e06f76c1f0b40a34eea229868bdcf78b51c159154681ae,hydrophobic_ratio_modlamp,numeric,false,audit_metric_has_no_monotonic_improvement_direction,audit,fraction,0.09090909090909091,0.13636363636363635,0.04545454545454544,,true,e5393e74fb78ac221fa51227416835522f752ef68aec0e0da4f23166ba0aa317
fgf2,f33143541ae7fec5aba1cfefd6bac338faeafbca4e2050a2b10947441fdd7276,masked_substitution,03f1078a7b862f7dbe01e6e63baea55ab7baaa5dcc1e1d4bc6e2b0c8935fbad9,primary_parent,fef9246bf522c2c2d9e06f76c1f0b40a34eea229868bdcf78b51c159154681ae,llamp_log10_mic_um,numeric,true,same_frozen_numeric_contract,minimize,log10(uM),1.6722277402877808,1.808688998222351,0.1364612579345703,-0.1364612579345703,true,03d7173065fc8ea71b1695e0e79023a02ea0bf8b09b7a99e0171c012e5415214
fgf2,f33143541ae7fec5aba1cfefd6bac338faeafbca4e2050a2b10947441fdd7276,masked_substitution,03f1078a7b862f7dbe01e6e63baea55ab7baaa5dcc1e1d4bc6e2b0c8935fbad9,primary_parent,fef9246bf522c2c2d9e06f76c1f0b40a34eea229868bdcf78b51c159154681ae,macrel_amp_probability,numeric,true,same_frozen_numeric_contract,maximize,probability,0.228,0.337,0.10900000000000001,0.10900000000000001,true,6dc38c28f546ff2cbc3482da11876b4418c81e2ce0c3e0e69e10f5e02614a18b
fgf2,f33143541ae7fec5aba1cfefd6bac338faeafbca4e2050a2b10947441fdd7276,masked_substitution,03f1078a7b862f7dbe01e6e63baea55ab7baaa5dcc1e1d4bc6e2b0c8935fbad9,primary_parent,fef9246bf522c2c2d9e06f76c1f0b40a34eea229868bdcf78b51c159154681ae,macrel_hemolysis_label,categorical,true,same_frozen_label_contract,audit,label,low,low,,,false,3b761eb2ce969789d86cc67c865167b5f1d283a7bef596c5c2979d5c9a08eb1f
fgf2,f33143541ae7fec5aba1cfefd6bac338faeafbca4e2050a2b10947441fdd7276,masked_substitution,03f1078a7b862f7dbe01e6e63baea55ab7baaa5dcc1e1d4bc6e2b0c8935fbad9,primary_parent,fef9246bf522c2c2d9e06f76c1f0b40a34eea229868bdcf78b51c159154681ae,macrel_hemolysis_probability,numeric,true,same_frozen_numeric_contract,minimize,probability,0.376,0.317,-0.059,0.059,true,ea5697d7fad10b4d0d7288f8b687b581b2cc329b59c5b38894a9d65733747c82
fgf2,f33143541ae7fec5aba1cfefd6bac338faeafbca4e2050a2b10947441fdd7276,masked_substitution,03f1078a7b862f7dbe01e6e63baea55ab7baaa5dcc1e1d4bc6e2b0c8935fbad9,primary_parent,fef9246bf522c2c2d9e06f76c1f0b40a34eea229868bdcf78b51c159154681ae,maximum_hydrophobic_run,numeric,true,same_frozen_numeric_contract,minimize,residues,2.0,2.0,0.0,-0.0,false,77676283d45da1dfc9272babdb7b5cc41e0f515ab8b3e76c8818da93d7a19883
fgf2,f33143541ae7fec5aba1cfefd6bac338faeafbca4e2050a2b10947441fdd7276,masked_substitution,03f1078a7b862f7dbe01e6e63baea55ab7baaa5dcc1e1d4bc6e2b0c8935fbad9,primary_parent,fef9246bf522c2c2d9e06f76c1f0b40a34eea229868bdcf78b51c159154681ae,net_charge_ph7_4,numeric,false,audit_metric_has_no_monotonic_improvement_direction,audit,elementary_charge,7.026,6.026,-1.0,,true,71404f724141e1a18a3b34d592ed0d71c89eb90c0d9b78df2f582a5a7e09f47b
fgf2,f33143541ae7fec5aba1cfefd6bac338faeafbca4e2050a2b10947441fdd7276,masked_substitution,03f1078a7b862f7dbe01e6e63baea55ab7baaa5dcc1e1d4bc6e2b0c8935fbad9,primary_parent,fef9246bf522c2c2d9e06f76c1f0b40a34eea229868bdcf78b51c159154681ae,toxinpred3_hybrid_score,numeric,true,same_frozen_numeric_contract,minimize,dimensionless,0.235,0.24,0.0050000000000000044,-0.0050000000000000044,true,87fb8d9ec53b79bfd76d3d43fe7c98e3d696a55fdc85dac26c794b5621d2780c
fgf2,f33143541ae7fec5aba1cfefd6bac338faeafbca4e2050a2b10947441fdd7276,masked_substitution,03f1078a7b862f7dbe01e6e63baea55ab7baaa5dcc1e1d4bc6e2b0c8935fbad9,primary_parent,fef9246bf522c2c2d9e06f76c1f0b40a34eea229868bdcf78b51c159154681ae,toxinpred3_label,categorical,true,same_frozen_label_contract,audit,label,Non-Toxin,Non-Toxin,,,false,0e5ed70a1dbf2e9cb886184f18cb589f4c5b5ee5a406c7533e5bf5cd84edc1e4
fgf2,26fdfd2e580771ae7488e6d8b1a135355c29b141f3043e42c262884e2ddc9915,masked_substitution,4614cfc3a4b4964fdace1083b2bcd3d84ffa35fee1519534c6dae73e6c7ecb49,primary_parent,fef9246bf522c2c2d9e06f76c1f0b40a34eea229868bdcf78b51c159154681ae,amp_read_log10_mic_um,numeric,true,same_frozen_numeric_contract,minimize,log10(uM),2.915548413288972,2.629211132733302,-0.2863372805556703,0.2863372805556703,true,8073c3c901e27336624f32d920cd572c3cc7dc3e176ba287997218d19813e40d
fgf2,26fdfd2e580771ae7488e6d8b1a135355c29b141f3043e42c262884e2ddc9915,masked_substitution,4614cfc3a4b4964fdace1083b2bcd3d84ffa35fee1519534c6dae73e6c7ecb49,primary_parent,fef9246bf522c2c2d9e06f76c1f0b40a34eea229868bdcf78b51c159154681ae,guruprasad_instability_index,numeric,true,same_frozen_numeric_contract,minimize,index,22.327273,7.509090909090907,-14.818182090909094,14.818182090909094,true,28530b4a09c9fba7841494ad87112947a9462b89d7bac57e44cb2fcd1d9700a3
fgf2,26fdfd2e580771ae7488e6d8b1a135355c29b141f3043e42c262884e2ddc9915,masked_substitution,4614cfc3a4b4964fdace1083b2bcd3d84ffa35fee1519534c6dae73e6c7ecb49,primary_parent,fef9246bf522c2c2d9e06f76c1f0b40a34eea229868bdcf78b51c159154681ae,hydrophobic_moment_eisenberg,numeric,false,audit_metric_has_no_monotonic_improvement_direction,audit,dimensionless,0.34127361170072296,0.1762691768600944,-0.16500443484062854,,true,1c5d1ab71340c1488823a0ce40298de72f683f00db011a5cabc83cf43998ad7a
fgf2,26fdfd2e580771ae7488e6d8b1a135355c29b141f3043e42c262884e2ddc9915,masked_substitution,4614cfc3a4b4964fdace1083b2bcd3d84ffa35fee1519534c6dae73e6c7ecb49,primary_parent,fef9246bf522c2c2d9e06f76c1f0b40a34eea229868bdcf78b51c159154681ae,hydrophobic_ratio_modlamp,numeric,false,audit_metric_has_no_monotonic_improvement_direction,audit,fraction,0.09090909090909091,0.13636363636363635,0.04545454545454544,,true,3553e2e05656ef7476dedd9bf404ebc519a91746d8c16bf20bfdcb5adb805fee
fgf2,26fdfd2e580771ae7488e6d8b1a135355c29b141f3043e42c262884e2ddc9915,masked_substitution,4614cfc3a4b4964fdace1083b2bcd3d84ffa35fee1519534c6dae73e6c7ecb49,primary_parent,fef9246bf522c2c2d9e06f76c1f0b40a34eea229868bdcf78b51c159154681ae,llamp_log10_mic_um,numeric,true,same_frozen_numeric_contract,minimize,log10(uM),1.6722277402877808,1.8458380699157715,0.17361032962799072,-0.17361032962799072,true,e723ddc72a59b0f7c12f792297aa033c2ba68ce73f22d62c13667d50eabb08a4
fgf2,26fdfd2e580771ae7488e6d8b1a135355c29b141f3043e42c262884e2ddc9915,masked_substitution,4614cfc3a4b4964fdace1083b2bcd3d84ffa35fee1519534c6dae73e6c7ecb49,primary_parent,fef9246bf522c2c2d9e06f76c1f0b40a34eea229868bdcf78b51c159154681ae,macrel_amp_probability,numeric,true,same_frozen_numeric_contract,maximize,probability,0.228,0.267,0.03900000000000001,0.03900000000000001,true,a7540940287eab39f0aab8dd9ead2d7b1f303458aeaf5b02dbe1eadbd0503e21
fgf2,26fdfd2e580771ae7488e6d8b1a135355c29b141f3043e42c262884e2ddc9915,masked_substitution,4614cfc3a4b4964fdace1083b2bcd3d84ffa35fee1519534c6dae73e6c7ecb49,primary_parent,fef9246bf522c2c2d9e06f76c1f0b40a34eea229868bdcf78b51c159154681ae,macrel_hemolysis_label,categorical,true,same_frozen_label_contract,audit,label,low,low,,,false,bebd1207ec3a76c57ba231e6a783b76d0ca21cabd48d5f2eca6305d78a8f9f3b
fgf2,26fdfd2e580771ae7488e6d8b1a135355c29b141f3043e42c262884e2ddc9915,masked_substitution,4614cfc3a4b4964fdace1083b2bcd3d84ffa35fee1519534c6dae73e6c7ecb49,primary_parent,fef9246bf522c2c2d9e06f76c1f0b40a34eea229868bdcf78b51c159154681ae,macrel_hemolysis_probability,numeric,true,same_frozen_numeric_contract,minimize,probability,0.376,0.366,-0.010000000000000009,0.010000000000000009,true,d4270d8517ee7f54b1fbaa0a011619a3f5c41ed3276289b1d160dc3da739b236
fgf2,26fdfd2e580771ae7488e6d8b1a135355c29b141f3043e42c262884e2ddc9915,masked_substitution,4614cfc3a4b4964fdace1083b2bcd3d84ffa35fee1519534c6dae73e6c7ecb49,primary_parent,fef9246bf522c2c2d9e06f76c1f0b40a34eea229868bdcf78b51c159154681ae,maximum_hydrophobic_run,numeric,true,same_frozen_numeric_contract,minimize,residues,2.0,2.0,0.0,-0.0,false,3d0cb108a9eb8b58dceec53abd639c8ea8e8012cc146aa3d8c848debb0a4d06d
fgf2,26fdfd2e580771ae7488e6d8b1a135355c29b141f3043e42c262884e2ddc9915,masked_substitution,4614cfc3a4b4964fdace1083b2bcd3d84ffa35fee1519534c6dae73e6c7ecb49,primary_parent,fef9246bf522c2c2d9e06f76c1f0b40a34eea229868bdcf78b51c159154681ae,net_charge_ph7_4,numeric,false,audit_metric_has_no_monotonic_improvement_direction,audit,elementary_charge,7.026,6.026,-1.0,,true,018e9f8617ff0279e8e5f734453fc3bece285dd4f0c3590924800f482bac45a5
fgf2,26fdfd2e580771ae7488e6d8b1a135355c29b141f3043e42c262884e2ddc9915,masked_substitution,4614cfc3a4b4964fdace1083b2bcd3d84ffa35fee1519534c6dae73e6c7ecb49,primary_parent,fef9246bf522c2c2d9e06f76c1f0b40a34eea229868bdcf78b51c159154681ae,toxinpred3_hybrid_score,numeric,true,same_frozen_numeric_contract,minimize,dimensionless,0.235,0.305,0.07,-0.07,true,2d1924fb583ff81e701f7699da7235c8888d7db761307e24f044689db7748281
fgf2,26fdfd2e580771ae7488e6d8b1a135355c29b141f3043e42c262884e2ddc9915,masked_substitution,4614cfc3a4b4964fdace1083b2bcd3d84ffa35fee1519534c6dae73e6c7ecb49,primary_parent,fef9246bf522c2c2d9e06f76c1f0b40a34eea229868bdcf78b51c159154681ae,toxinpred3_label,categorical,true,same_frozen_label_contract,audit,label,Non-Toxin,Non-Toxin,,,false,222930b85c051cf6e1fbda6ff202647580697e113c010adee694bc68a35ba733
fgf2,5d18972274fb34a2529d146b2ce00234e1038eed0142143f945247686fa96b1e,masked_substitution,d244fb46ff6b3ebcc910eede869d9e2f6a3a65da41a80987b6645ac591173938,primary_parent,fef9246bf522c2c2d9e06f76c1f0b40a34eea229868bdcf78b51c159154681ae,amp_read_log10_mic_um,numeric,true,same_frozen_numeric_contract,minimize,log10(uM),2.915548413288972,2.5908539931194543,-0.3246944201695179,0.3246944201695179,true,3148a748054810008ef46dadabaa486e3508ad9d5e631b0a66cd783b45a0c9a1
fgf2,5d18972274fb34a2529d146b2ce00234e1038eed0142143f945247686fa96b1e,masked_substitution,d244fb46ff6b3ebcc910eede869d9e2f6a3a65da41a80987b6645ac591173938,primary_parent,fef9246bf522c2c2d9e06f76c1f0b40a34eea229868bdcf78b51c159154681ae,guruprasad_instability_index,numeric,true,same_frozen_numeric_contract,minimize,index,22.327273,0.6772727272727245,-21.650000272727276,21.650000272727276,true,7d1b969fe411d5f5d40e6018c7eabb52aedbf0ff5467084d2ee7d7f9fda4644a
fgf2,5d18972274fb34a2529d146b2ce00234e1038eed0142143f945247686fa96b1e,masked_substitution,d244fb46ff6b3ebcc910eede869d9e2f6a3a65da41a80987b6645ac591173938,primary_parent,fef9246bf522c2c2d9e06f76c1f0b40a34eea229868bdcf78b51c159154681ae,hydrophobic_moment_eisenberg,numeric,false,audit_metric_has_no_monotonic_improvement_direction,audit,dimensionless,0.34127361170072296,0.1934036300260537,-0.14786998167466925,,true,c40ae0d13a8675064aa96266457eb7b9a73e8146f8655ff94899397aee1a7f79
fgf2,5d18972274fb34a2529d146b2ce00234e1038eed0142143f945247686fa96b1e,masked_substitution,d244fb46ff6b3ebcc910eede869d9e2f6a3a65da41a80987b6645ac591173938,primary_parent,fef9246bf522c2c2d9e06f76c1f0b40a34eea229868bdcf78b51c159154681ae,hydrophobic_ratio_modlamp,numeric,false,audit_metric_has_no_monotonic_improvement_direction,audit,fraction,0.09090909090909091,0.09090909090909091,0.0,,false,e1f540d3e3d79ba3a8848f5860a78776a12c42e36c6a07697e3a315556f2aa6b
fgf2,5d18972274fb34a2529d146b2ce00234e1038eed0142143f945247686fa96b1e,masked_substitution,d244fb46ff6b3ebcc910eede869d9e2f6a3a65da41a80987b6645ac591173938,primary_parent,fef9246bf522c2c2d9e06f76c1f0b40a34eea229868bdcf78b51c159154681ae,llamp_log10_mic_um,numeric,true,same_frozen_numeric_contract,minimize,log10(uM),1.6722277402877808,1.7519259452819824,0.07969820499420166,-0.07969820499420166,true,cd3ad0ee66f5765d02b217eee640de63f56726b0f267f1753a4be2d00bb73168
fgf2,5d18972274fb34a2529d146b2ce00234e1038eed0142143f945247686fa96b1e,masked_substitution,d244fb46ff6b3ebcc910eede869d9e2f6a3a65da41a80987b6645ac591173938,primary_parent,fef9246bf522c2c2d9e06f76c1f0b40a34eea229868bdcf78b51c159154681ae,macrel_amp_probability,numeric,true,same_frozen_numeric_contract,maximize,probability,0.228,0.356,0.12799999999999997,0.12799999999999997,true,3360010a630d130932acc583dba5b1129b161b09e66f6b35f3fd03c6db517fc1
fgf2,5d18972274fb34a2529d146b2ce00234e1038eed0142143f945247686fa96b1e,masked_substitution,d244fb46ff6b3ebcc910eede869d9e2f6a3a65da41a80987b6645ac591173938,primary_parent,fef9246bf522c2c2d9e06f76c1f0b40a34eea229868bdcf78b51c159154681ae,macrel_hemolysis_label,categorical,true,same_frozen_label_contract,audit,label,low,low,,,false,bd3d5fa86304e0b1990ca23d11e0be63c8ebaede1c1090fe59400fb9489860a9
fgf2,5d18972274fb34a2529d146b2ce00234e1038eed0142143f945247686fa96b1e,masked_substitution,d244fb46ff6b3ebcc910eede869d9e2f6a3a65da41a80987b6645ac591173938,primary_parent,fef9246bf522c2c2d9e06f76c1f0b40a34eea229868bdcf78b51c159154681ae,macrel_hemolysis_probability,numeric,true,same_frozen_numeric_contract,minimize,probability,0.376,0.376,0.0,-0.0,false,d21523fc9a0c9e311d50e95d2aff50e5dd87aec36d1d87be1ada1be6fb9e24ca
fgf2,5d18972274fb34a2529d146b2ce00234e1038eed0142143f945247686fa96b1e,masked_substitution,d244fb46ff6b3ebcc910eede869d9e2f6a3a65da41a80987b6645ac591173938,primary_parent,fef9246bf522c2c2d9e06f76c1f0b40a34eea229868bdcf78b51c159154681ae,maximum_hydrophobic_run,numeric,true,same_frozen_numeric_contract,minimize,residues,2.0,2.0,0.0,-0.0,false,3c6274a2f11473b7f1d30e68300cafc6b78195ea289d8ab980bdccc7ba05da17
fgf2,5d18972274fb34a2529d146b2ce00234e1038eed0142143f945247686fa96b1e,masked_substitution,d244fb46ff6b3ebcc910eede869d9e2f6a3a65da41a80987b6645ac591173938,primary_parent,fef9246bf522c2c2d9e06f76c1f0b40a34eea229868bdcf78b51c159154681ae,net_charge_ph7_4,numeric,false,audit_metric_has_no_monotonic_improvement_direction,audit,elementary_charge,7.026,6.026,-1.0,,true,d35b8b587f6cf00c710ffcbfdc9246b9217f324bab41dc775fe119b9376f79d9
fgf2,5d18972274fb34a2529d146b2ce00234e1038eed0142143f945247686fa96b1e,masked_substitution,d244fb46ff6b3ebcc910eede869d9e2f6a3a65da41a80987b6645ac591173938,primary_parent,fef9246bf522c2c2d9e06f76c1f0b40a34eea229868bdcf78b51c159154681ae,toxinpred3_hybrid_score,numeric,true,same_frozen_numeric_contract,minimize,dimensionless,0.235,0.29,0.05499999999999999,-0.05499999999999999,true,0f0176563c4d300d839b42ee17cd2f27159a7f9031f9fad0ffc824f307de97e9
fgf2,5d18972274fb34a2529d146b2ce00234e1038eed0142143f945247686fa96b1e,masked_substitution,d244fb46ff6b3ebcc910eede869d9e2f6a3a65da41a80987b6645ac591173938,primary_parent,fef9246bf522c2c2d9e06f76c1f0b40a34eea229868bdcf78b51c159154681ae,toxinpred3_label,categorical,true,same_frozen_label_contract,audit,label,Non-Toxin,Non-Toxin,,,false,02e1dc26e21af51532356abc2d8cff59d03214a5044cc9fb07a1b71c39fee580
fgf2,5323dba5072c6dbab904aa8b0faf6a549803c5e99b3ee2f907535fca6d78767e,masked_substitution,dce5f0839f8eed22d3b987e0bca11be2c847f377fe5cefbe1483512e1915c6d2,primary_parent,fef9246bf522c2c2d9e06f76c1f0b40a34eea229868bdcf78b51c159154681ae,amp_read_log10_mic_um,numeric,true,same_frozen_numeric_contract,minimize,log10(uM),2.915548413288972,2.7049111774745085,-0.2106372358144637,0.2106372358144637,true,409139e7fcf123a45306f27353278d381b82a281e34da9462fce3048205d1bad
fgf2,5323dba5072c6dbab904aa8b0faf6a549803c5e99b3ee2f907535fca6d78767e,masked_substitution,dce5f0839f8eed22d3b987e0bca11be2c847f377fe5cefbe1483512e1915c6d2,primary_parent,fef9246bf522c2c2d9e06f76c1f0b40a34eea229868bdcf78b51c159154681ae,guruprasad_instability_index,numeric,true,same_frozen_numeric_contract,minimize,index,22.327273,3.6499999999999972,-18.677273000000003,18.677273000000003,true,7e54b83c833659e5f3bab8f34fa6dbf9cc7d04acbc554ebd8bf556ed46eb80e7
fgf2,5323dba5072c6dbab904aa8b0faf6a549803c5e99b3ee2f907535fca6d78767e,masked_substitution,dce5f0839f8eed22d3b987e0bca11be2c847f377fe5cefbe1483512e1915c6d2,primary_parent,fef9246bf522c2c2d9e06f76c1f0b40a34eea229868bdcf78b51c159154681ae,hydrophobic_moment_eisenberg,numeric,false,audit_metric_has_no_monotonic_improvement_direction,audit,dimensionless,0.34127361170072296,0.21772898161031853,-0.12354463009040442,,true,5588b988ed1d811697549b56c3767051caccb9f5de25d68d81b0aeac59f3291b
fgf2,5323dba5072c6dbab904aa8b0faf6a549803c5e99b3ee2f907535fca6d78767e,masked_substitution,dce5f0839f8eed22d3b987e0bca11be2c847f377fe5cefbe1483512e1915c6d2,primary_parent,fef9246bf522c2c2d9e06f76c1f0b40a34eea229868bdcf78b51c159154681ae,hydrophobic_ratio_modlamp,numeric,false,audit_metric_has_no_monotonic_improvement_direction,audit,fraction,0.09090909090909091,0.09090909090909091,0.0,,false,6471c1d3906d581ceec16df90d9f07055c1016cd94266094061324650b5da186
fgf2,5323dba5072c6dbab904aa8b0faf6a549803c5e99b3ee2f907535fca6d78767e,masked_substitution,dce5f0839f8eed22d3b987e0bca11be2c847f377fe5cefbe1483512e1915c6d2,primary_parent,fef9246bf522c2c2d9e06f76c1f0b40a34eea229868bdcf78b51c159154681ae,llamp_log10_mic_um,numeric,true,same_frozen_numeric_contract,minimize,log10(uM),1.6722277402877808,1.8377619981765747,0.16553425788879395,-0.16553425788879395,true,896e7a20d03b6f314da471145b2bd7e3a39202fde88bd70bc8f8866d4f16f3cc
fgf2,5323dba5072c6dbab904aa8b0faf6a549803c5e99b3ee2f907535fca6d78767e,masked_substitution,dce5f0839f8eed22d3b987e0bca11be2c847f377fe5cefbe1483512e1915c6d2,primary_parent,fef9246bf522c2c2d9e06f76c1f0b40a34eea229868bdcf78b51c159154681ae,macrel_amp_probability,numeric,true,same_frozen_numeric_contract,maximize,probability,0.228,0.277,0.049000000000000016,0.049000000000000016,true,d873a726ec26a0791ca6fe90d4298c201ba297b06cf60280d4b77fa7c70ac4ab
fgf2,5323dba5072c6dbab904aa8b0faf6a549803c5e99b3ee2f907535fca6d78767e,masked_substitution,dce5f0839f8eed22d3b987e0bca11be2c847f377fe5cefbe1483512e1915c6d2,primary_parent,fef9246bf522c2c2d9e06f76c1f0b40a34eea229868bdcf78b51c159154681ae,macrel_hemolysis_label,categorical,true,same_frozen_label_contract,audit,label,low,low,,,false,458929cb97c18ef39f7a7d8d3a5662b2b2499df4948c920473fd62528e170f96
fgf2,5323dba5072c6dbab904aa8b0faf6a549803c5e99b3ee2f907535fca6d78767e,masked_substitution,dce5f0839f8eed22d3b987e0bca11be2c847f377fe5cefbe1483512e1915c6d2,primary_parent,fef9246bf522c2c2d9e06f76c1f0b40a34eea229868bdcf78b51c159154681ae,macrel_hemolysis_probability,numeric,true,same_frozen_numeric_contract,minimize,probability,0.376,0.376,0.0,-0.0,false,b7a4cfda5e89a60ff494d2e804a70b583a04c72911353e89c97e797a1bd4639e
fgf2,5323dba5072c6dbab904aa8b0faf6a549803c5e99b3ee2f907535fca6d78767e,masked_substitution,dce5f0839f8eed22d3b987e0bca11be2c847f377fe5cefbe1483512e1915c6d2,primary_parent,fef9246bf522c2c2d9e06f76c1f0b40a34eea229868bdcf78b51c159154681ae,maximum_hydrophobic_run,numeric,true,same_frozen_numeric_contract,minimize,residues,2.0,2.0,0.0,-0.0,false,9b4ebfe1fd35f819ecb844425aeebd0188e5b2ae552bc95502bf27eebf01bec3
fgf2,5323dba5072c6dbab904aa8b0faf6a549803c5e99b3ee2f907535fca6d78767e,masked_substitution,dce5f0839f8eed22d3b987e0bca11be2c847f377fe5cefbe1483512e1915c6d2,primary_parent,fef9246bf522c2c2d9e06f76c1f0b40a34eea229868bdcf78b51c159154681ae,net_charge_ph7_4,numeric,false,audit_metric_has_no_monotonic_improvement_direction,audit,elementary_charge,7.026,6.024,-1.0019999999999998,,true,52f93955f94be7aa83c018201fe487716c47f026ace27099ae021af02ba39164
fgf2,5323dba5072c6dbab904aa8b0faf6a549803c5e99b3ee2f907535fca6d78767e,masked_substitution,dce5f0839f8eed22d3b987e0bca11be2c847f377fe5cefbe1483512e1915c6d2,primary_parent,fef9246bf522c2c2d9e06f76c1f0b40a34eea229868bdcf78b51c159154681ae,toxinpred3_hybrid_score,numeric,true,same_frozen_numeric_contract,minimize,dimensionless,0.235,0.27,0.03500000000000003,-0.03500000000000003,true,b8f415bae9f1997ce33ad55adb4536dd7957ecd7f3bb60dec66e3a9f8b0f2f67
fgf2,5323dba5072c6dbab904aa8b0faf6a549803c5e99b3ee2f907535fca6d78767e,masked_substitution,dce5f0839f8eed22d3b987e0bca11be2c847f377fe5cefbe1483512e1915c6d2,primary_parent,fef9246bf522c2c2d9e06f76c1f0b40a34eea229868bdcf78b51c159154681ae,toxinpred3_label,categorical,true,same_frozen_label_contract,audit,label,Non-Toxin,Non-Toxin,,,false,c1341447f15a421f726d7058f2934fdb2b5e9651fbafcefbcd7fb85eb071b4a3
fgf2,e78831615f1068bd573b60c45e48d6bfbb6dbba8f8eb4b7e5bc017362a625cc7,masked_substitution,e32745cd137ef79ad154d93b0ee561d4fd10fdf90633224380db72ceb8146949,primary_parent,fef9246bf522c2c2d9e06f76c1f0b40a34eea229868bdcf78b51c159154681ae,amp_read_log10_mic_um,numeric,true,same_frozen_numeric_contract,minimize,log10(uM),2.915548413288972,2.7775075718194744,-0.1380408414694978,0.1380408414694978,true,712758882355c146d65b1fb2db5da7d43b3d3f55bea59deca852fe102f403025
fgf2,e78831615f1068bd573b60c45e48d6bfbb6dbba8f8eb4b7e5bc017362a625cc7,masked_substitution,e32745cd137ef79ad154d93b0ee561d4fd10fdf90633224380db72ceb8146949,primary_parent,fef9246bf522c2c2d9e06f76c1f0b40a34eea229868bdcf78b51c159154681ae,guruprasad_instability_index,numeric,true,same_frozen_numeric_contract,minimize,index,22.327273,29.159090909090903,6.831817909090901,-6.831817909090901,true,6cdecfe586344e8ae226bda5117cc3e2bf2056d58f63b57c585072c536db1437
fgf2,e78831615f1068bd573b60c45e48d6bfbb6dbba8f8eb4b7e5bc017362a625cc7,masked_substitution,e32745cd137ef79ad154d93b0ee561d4fd10fdf90633224380db72ceb8146949,primary_parent,fef9246bf522c2c2d9e06f76c1f0b40a34eea229868bdcf78b51c159154681ae,hydrophobic_moment_eisenberg,numeric,false,audit_metric_has_no_monotonic_improvement_direction,audit,dimensionless,0.34127361170072296,0.35186616313445734,0.010592551433734387,,true,1a00c2b1f39884dcf768b2520e1a7661947f9f6d95ff2c9058e90fce6e6b8b43
fgf2,e78831615f1068bd573b60c45e48d6bfbb6dbba8f8eb4b7e5bc017362a625cc7,masked_substitution,e32745cd137ef79ad154d93b0ee561d4fd10fdf90633224380db72ceb8146949,primary_parent,fef9246bf522c2c2d9e06f76c1f0b40a34eea229868bdcf78b51c159154681ae,hydrophobic_ratio_modlamp,numeric,false,audit_metric_has_no_monotonic_improvement_direction,audit,fraction,0.09090909090909091,0.13636363636363635,0.04545454545454544,,true,b5595af439b0f3df2d7a87c6a012acade0deb22ea26a51cbabdacbda4d5f7e0f
fgf2,e78831615f1068bd573b60c45e48d6bfbb6dbba8f8eb4b7e5bc017362a625cc7,masked_substitution,e32745cd137ef79ad154d93b0ee561d4fd10fdf90633224380db72ceb8146949,primary_parent,fef9246bf522c2c2d9e06f76c1f0b40a34eea229868bdcf78b51c159154681ae,llamp_log10_mic_um,numeric,true,same_frozen_numeric_contract,minimize,log10(uM),1.6722277402877808,1.9369572401046753,0.26472949981689453,-0.26472949981689453,true,cbdcdcca8c9f80bf00a89f89673072e349369090f2c2729d27fca2d7df01b5d0
fgf2,e78831615f1068bd573b60c45e48d6bfbb6dbba8f8eb4b7e5bc017362a625cc7,masked_substitution,e32745cd137ef79ad154d93b0ee561d4fd10fdf90633224380db72ceb8146949,primary_parent,fef9246bf522c2c2d9e06f76c1f0b40a34eea229868bdcf78b51c159154681ae,macrel_amp_probability,numeric,true,same_frozen_numeric_contract,maximize,probability,0.228,0.218,-0.010000000000000009,-0.010000000000000009,true,876b1ae3d2631e0dcfed9be92a95970bc8341fb15348893a4ce90a7f7bedfb10
fgf2,e78831615f1068bd573b60c45e48d6bfbb6dbba8f8eb4b7e5bc017362a625cc7,masked_substitution,e32745cd137ef79ad154d93b0ee561d4fd10fdf90633224380db72ceb8146949,primary_parent,fef9246bf522c2c2d9e06f76c1f0b40a34eea229868bdcf78b51c159154681ae,macrel_hemolysis_label,categorical,true,same_frozen_label_contract,audit,label,low,low,,,false,0931944b2bc2c757d69318151bcd81890fe06aef3831e4f2ec757a39c732cd8b
fgf2,e78831615f1068bd573b60c45e48d6bfbb6dbba8f8eb4b7e5bc017362a625cc7,masked_substitution,e32745cd137ef79ad154d93b0ee561d4fd10fdf90633224380db72ceb8146949,primary_parent,fef9246bf522c2c2d9e06f76c1f0b40a34eea229868bdcf78b51c159154681ae,macrel_hemolysis_probability,numeric,true,same_frozen_numeric_contract,minimize,probability,0.376,0.297,-0.07900000000000001,0.07900000000000001,true,ec01894e3566cab17fd1c8d363883e6b710a7aae1766e9c2505f6e325535f3b1
fgf2,e78831615f1068bd573b60c45e48d6bfbb6dbba8f8eb4b7e5bc017362a625cc7,masked_substitution,e32745cd137ef79ad154d93b0ee561d4fd10fdf90633224380db72ceb8146949,primary_parent,fef9246bf522c2c2d9e06f76c1f0b40a34eea229868bdcf78b51c159154681ae,maximum_hydrophobic_run,numeric,true,same_frozen_numeric_contract,minimize,residues,2.0,2.0,0.0,-0.0,false,5037065233ee97ad7b6b654899a74e41c0ac08bf899bbc774c26d90438c45119
fgf2,e78831615f1068bd573b60c45e48d6bfbb6dbba8f8eb4b7e5bc017362a625cc7,masked_substitution,e32745cd137ef79ad154d93b0ee561d4fd10fdf90633224380db72ceb8146949,primary_parent,fef9246bf522c2c2d9e06f76c1f0b40a34eea229868bdcf78b51c159154681ae,net_charge_ph7_4,numeric,false,audit_metric_has_no_monotonic_improvement_direction,audit,elementary_charge,7.026,7.026,0.0,,false,0fbbbc0939f78a8b7f515cfd0b297e01c1fc4cf7c97451161bb3e372cd1750a5
fgf2,e78831615f1068bd573b60c45e48d6bfbb6dbba8f8eb4b7e5bc017362a625cc7,masked_substitution,e32745cd137ef79ad154d93b0ee561d4fd10fdf90633224380db72ceb8146949,primary_parent,fef9246bf522c2c2d9e06f76c1f0b40a34eea229868bdcf78b51c159154681ae,toxinpred3_hybrid_score,numeric,true,same_frozen_numeric_contract,minimize,dimensionless,0.235,0.26,0.025000000000000022,-0.025000000000000022,true,fdcec68227fe4081fc91719032ecf16496887653389caf2d542240e980f3ab26
fgf2,e78831615f1068bd573b60c45e48d6bfbb6dbba8f8eb4b7e5bc017362a625cc7,masked_substitution,e32745cd137ef79ad154d93b0ee561d4fd10fdf90633224380db72ceb8146949,primary_parent,fef9246bf522c2c2d9e06f76c1f0b40a34eea229868bdcf78b51c159154681ae,toxinpred3_label,categorical,true,same_frozen_label_contract,audit,label,Non-Toxin,Non-Toxin,,,false,16e5c20253556cd9b32822ccfe7f9594fc39081576ac13a3f30d62f38d0888bf
fgf2,6134cc636d2560ca77784ab0cdc4c3b3e0d3cff68bac057601b4abbdf5b62ee2,masked_substitution,2f00a0f0d297b03ebd4b1437c14de01dda22eadf6cc8489b096816fd5a1ae5c1,primary_parent,fef9246bf522c2c2d9e06f76c1f0b40a34eea229868bdcf78b51c159154681ae,amp_read_log10_mic_um,numeric,true,same_frozen_numeric_contract,minimize,log10(uM),2.915548413288972,2.5625904617052266,-0.35295795158374554,0.35295795158374554,true,c18d279c05872fa32b475afe5a1b50c6b9da863fc127e746d4d17dafe61fdd5e
fgf2,6134cc636d2560ca77784ab0cdc4c3b3e0d3cff68bac057601b4abbdf5b62ee2,masked_substitution,2f00a0f0d297b03ebd4b1437c14de01dda22eadf6cc8489b096816fd5a1ae5c1,primary_parent,fef9246bf522c2c2d9e06f76c1f0b40a34eea229868bdcf78b51c159154681ae,guruprasad_instability_index,numeric,true,same_frozen_numeric_contract,minimize,index,22.327273,29.159090909090903,6.831817909090901,-6.831817909090901,true,88397eb0c7c86264f088d3565048e21e7599e853a8f6d6ad70ef1686a8d131ee
fgf2,6134cc636d2560ca77784ab0cdc4c3b3e0d3cff68bac057601b4abbdf5b62ee2,masked_substitution,2f00a0f0d297b03ebd4b1437c14de01dda22eadf6cc8489b096816fd5a1ae5c1,primary_parent,fef9246bf522c2c2d9e06f76c1f0b40a34eea229868bdcf78b51c159154681ae,hydrophobic_moment_eisenberg,numeric,false,audit_metric_has_no_monotonic_improvement_direction,audit,dimensionless,0.34127361170072296,0.3670069683396909,0.02573335663896792,,true,f7e4cae24fdf4a5dce6acd19d7ad19369e1d15cde36de8a54a6ebab76826b516
fgf2,6134cc636d2560ca77784ab0cdc4c3b3e0d3cff68bac057601b4abbdf5b62ee2,masked_substitution,2f00a0f0d297b03ebd4b1437c14de01dda22eadf6cc8489b096816fd5a1ae5c1,primary_parent,fef9246bf522c2c2d9e06f76c1f0b40a34eea229868bdcf78b51c159154681ae,hydrophobic_ratio_modlamp,numeric,false,audit_metric_has_no_monotonic_improvement_direction,audit,fraction,0.09090909090909091,0.13636363636363635,0.04545454545454544,,true,5326530e0e48148c0d9853737893696a5ee3952b3064609124a1cd4eda8dd499
fgf2,6134cc636d2560ca77784ab0cdc4c3b3e0d3cff68bac057601b4abbdf5b62ee2,masked_substitution,2f00a0f0d297b03ebd4b1437c14de01dda22eadf6cc8489b096816fd5a1ae5c1,primary_parent,fef9246bf522c2c2d9e06f76c1f0b40a34eea229868bdcf78b51c159154681ae,llamp_log10_mic_um,numeric,true,same_frozen_numeric_contract,minimize,log10(uM),1.6722277402877808,1.8625385761260986,0.19031083583831787,-0.19031083583831787,true,60109a03e8a8fb09608a84225f7013782d48135594d63888b8f84b75a4adef9d
fgf2,6134cc636d2560ca77784ab0cdc4c3b3e0d3cff68bac057601b4abbdf5b62ee2,masked_substitution,2f00a0f0d297b03ebd4b1437c14de01dda22eadf6cc8489b096816fd5a1ae5c1,primary_parent,fef9246bf522c2c2d9e06f76c1f0b40a34eea229868bdcf78b51c159154681ae,macrel_amp_probability,numeric,true,same_frozen_numeric_contract,maximize,probability,0.228,0.277,0.049000000000000016,0.049000000000000016,true,158fb3fe3d023435ce264f2cc879118871bb1ac5e8be6c78b44365c1f9a19680
fgf2,6134cc636d2560ca77784ab0cdc4c3b3e0d3cff68bac057601b4abbdf5b62ee2,masked_substitution,2f00a0f0d297b03ebd4b1437c14de01dda22eadf6cc8489b096816fd5a1ae5c1,primary_parent,fef9246bf522c2c2d9e06f76c1f0b40a34eea229868bdcf78b51c159154681ae,macrel_hemolysis_label,categorical,true,same_frozen_label_contract,audit,label,low,low,,,false,393bc21a24c070ded5ff562132c3d32c4c43fe484918b807cd6f8f6131839ce7
fgf2,6134cc636d2560ca77784ab0cdc4c3b3e0d3cff68bac057601b4abbdf5b62ee2,masked_substitution,2f00a0f0d297b03ebd4b1437c14de01dda22eadf6cc8489b096816fd5a1ae5c1,primary_parent,fef9246bf522c2c2d9e06f76c1f0b40a34eea229868bdcf78b51c159154681ae,macrel_hemolysis_probability,numeric,true,same_frozen_numeric_contract,minimize,probability,0.376,0.396,0.020000000000000018,-0.020000000000000018,true,a12386e9ec89829d437696f31ea37f26061acc296c5b5119e6c40b1a8e02ace4
fgf2,6134cc636d2560ca77784ab0cdc4c3b3e0d3cff68bac057601b4abbdf5b62ee2,masked_substitution,2f00a0f0d297b03ebd4b1437c14de01dda22eadf6cc8489b096816fd5a1ae5c1,primary_parent,fef9246bf522c2c2d9e06f76c1f0b40a34eea229868bdcf78b51c159154681ae,maximum_hydrophobic_run,numeric,true,same_frozen_numeric_contract,minimize,residues,2.0,2.0,0.0,-0.0,false,0aae324d234895a6b5cc9f875731c2a9ebe01798f82b0ec02b87381086eb44a9
fgf2,6134cc636d2560ca77784ab0cdc4c3b3e0d3cff68bac057601b4abbdf5b62ee2,masked_substitution,2f00a0f0d297b03ebd4b1437c14de01dda22eadf6cc8489b096816fd5a1ae5c1,primary_parent,fef9246bf522c2c2d9e06f76c1f0b40a34eea229868bdcf78b51c159154681ae,net_charge_ph7_4,numeric,false,audit_metric_has_no_monotonic_improvement_direction,audit,elementary_charge,7.026,7.026,0.0,,false,1db0ac982464ad71bbd8a765af334d1ba255778340ffb82ba877142481ade8b4
fgf2,6134cc636d2560ca77784ab0cdc4c3b3e0d3cff68bac057601b4abbdf5b62ee2,masked_substitution,2f00a0f0d297b03ebd4b1437c14de01dda22eadf6cc8489b096816fd5a1ae5c1,primary_parent,fef9246bf522c2c2d9e06f76c1f0b40a34eea229868bdcf78b51c159154681ae,toxinpred3_hybrid_score,numeric,true,same_frozen_numeric_contract,minimize,dimensionless,0.235,0.295,0.06,-0.06,true,7f2fb76902f6f77b0096aa9b15411e051f93e79c010424e2c84a80a58f7f066f
fgf2,6134cc636d2560ca77784ab0cdc4c3b3e0d3cff68bac057601b4abbdf5b62ee2,masked_substitution,2f00a0f0d297b03ebd4b1437c14de01dda22eadf6cc8489b096816fd5a1ae5c1,primary_parent,fef9246bf522c2c2d9e06f76c1f0b40a34eea229868bdcf78b51c159154681ae,toxinpred3_label,categorical,true,same_frozen_label_contract,audit,label,Non-Toxin,Non-Toxin,,,false,4d6d00989ac84cde1c1ac836703866dcae39656b65543ec71c224356221835f6
fgf2,6a3246a96e45e8810e298f3c2cab25b6232bab70befca529c94260df7c61e329,masked_substitution,621317592cf9eefa5cf29c94976c03586524b876c741cac1de50225fc6d07299,primary_parent,fef9246bf522c2c2d9e06f76c1f0b40a34eea229868bdcf78b51c159154681ae,amp_read_log10_mic_um,numeric,true,same_frozen_numeric_contract,minimize,log10(uM),2.915548413288972,2.689875275303872,-0.22567313798510025,0.22567313798510025,true,7cc042161a6c858ccdace87703b93c6f517c0714900fc72cbcaa24928104e7fd
fgf2,6a3246a96e45e8810e298f3c2cab25b6232bab70befca529c94260df7c61e329,masked_substitution,621317592cf9eefa5cf29c94976c03586524b876c741cac1de50225fc6d07299,primary_parent,fef9246bf522c2c2d9e06f76c1f0b40a34eea229868bdcf78b51c159154681ae,guruprasad_instability_index,numeric,true,same_frozen_numeric_contract,minimize,index,22.327273,29.159090909090903,6.831817909090901,-6.831817909090901,true,93d0a1f8c205d25124efb7688ae6d7834724cebc54909e5a395c60d5b7f6aa62
fgf2,6a3246a96e45e8810e298f3c2cab25b6232bab70befca529c94260df7c61e329,masked_substitution,621317592cf9eefa5cf29c94976c03586524b876c741cac1de50225fc6d07299,primary_parent,fef9246bf522c2c2d9e06f76c1f0b40a34eea229868bdcf78b51c159154681ae,hydrophobic_moment_eisenberg,numeric,false,audit_metric_has_no_monotonic_improvement_direction,audit,dimensionless,0.34127361170072296,0.36084666823361505,0.019573056532892097,,true,3d13ae768ad105989799153f0141e15bbad01925dc6ddfaffe1cc96904be5ab3
fgf2,6a3246a96e45e8810e298f3c2cab25b6232bab70befca529c94260df7c61e329,masked_substitution,621317592cf9eefa5cf29c94976c03586524b876c741cac1de50225fc6d07299,primary_parent,fef9246bf522c2c2d9e06f76c1f0b40a34eea229868bdcf78b51c159154681ae,hydrophobic_ratio_modlamp,numeric,false,audit_metric_has_no_monotonic_improvement_direction,audit,fraction,0.09090909090909091,0.13636363636363635,0.04545454545454544,,true,67b715ef6dd0d5d979ffb1b8e1c07d7cb3e64c3676e71f5f41be748eb999a11d
fgf2,6a3246a96e45e8810e298f3c2cab25b6232bab70befca529c94260df7c61e329,masked_substitution,621317592cf9eefa5cf29c94976c03586524b876c741cac1de50225fc6d07299,primary_parent,fef9246bf522c2c2d9e06f76c1f0b40a34eea229868bdcf78b51c159154681ae,llamp_log10_mic_um,numeric,true,same_frozen_numeric_contract,minimize,log10(uM),1.6722277402877808,1.9257395267486572,0.25351178646087646,-0.25351178646087646,true,82adbdd0a1533e4c25a2145bccbe217b081eeaa31e5d66291a14f7b118e19dbf
fgf2,6a3246a96e45e8810e298f3c2cab25b6232bab70befca529c94260df7c61e329,masked_substitution,621317592cf9eefa5cf29c94976c03586524b876c741cac1de50225fc6d07299,primary_parent,fef9246bf522c2c2d9e06f76c1f0b40a34eea229868bdcf78b51c159154681ae,macrel_amp_probability,numeric,true,same_frozen_numeric_contract,maximize,probability,0.228,0.277,0.049000000000000016,0.049000000000000016,true,8a8315af76a595c4375786a69361c164f8e90e5738aaa9c215bcc8abaef169d8
fgf2,6a3246a96e45e8810e298f3c2cab25b6232bab70befca529c94260df7c61e329,masked_substitution,621317592cf9eefa5cf29c94976c03586524b876c741cac1de50225fc6d07299,primary_parent,fef9246bf522c2c2d9e06f76c1f0b40a34eea229868bdcf78b51c159154681ae,macrel_hemolysis_label,categorical,true,same_frozen_label_contract,audit,label,low,low,,,false,bb7541727ce38770384edc36cfafb09c052e5d90b4f7d8434149460e13f26315
fgf2,6a3246a96e45e8810e298f3c2cab25b6232bab70befca529c94260df7c61e329,masked_substitution,621317592cf9eefa5cf29c94976c03586524b876c741cac1de50225fc6d07299,primary_parent,fef9246bf522c2c2d9e06f76c1f0b40a34eea229868bdcf78b51c159154681ae,macrel_hemolysis_probability,numeric,true,same_frozen_numeric_contract,minimize,probability,0.376,0.347,-0.029000000000000026,0.029000000000000026,true,5dc0f8607e7df0791f089b2d1b2ecc90bf5db84956cf812e5625c25eedbd8799
fgf2,6a3246a96e45e8810e298f3c2cab25b6232bab70befca529c94260df7c61e329,masked_substitution,621317592cf9eefa5cf29c94976c03586524b876c741cac1de50225fc6d07299,primary_parent,fef9246bf522c2c2d9e06f76c1f0b40a34eea229868bdcf78b51c159154681ae,maximum_hydrophobic_run,numeric,true,same_frozen_numeric_contract,minimize,residues,2.0,2.0,0.0,-0.0,false,53db10d8fe1f69400839af10fa3dce0c795e31d2da1391fa2fb99729b318f1ac
fgf2,6a3246a96e45e8810e298f3c2cab25b6232bab70befca529c94260df7c61e329,masked_substitution,621317592cf9eefa5cf29c94976c03586524b876c741cac1de50225fc6d07299,primary_parent,fef9246bf522c2c2d9e06f76c1f0b40a34eea229868bdcf78b51c159154681ae,net_charge_ph7_4,numeric,false,audit_metric_has_no_monotonic_improvement_direction,audit,elementary_charge,7.026,7.026,0.0,,false,fbb2e358b86c354d0dc97581d9a060160d8e415fef59df4f59d5b6d038288d35
fgf2,6a3246a96e45e8810e298f3c2cab25b6232bab70befca529c94260df7c61e329,masked_substitution,621317592cf9eefa5cf29c94976c03586524b876c741cac1de50225fc6d07299,primary_parent,fef9246bf522c2c2d9e06f76c1f0b40a34eea229868bdcf78b51c159154681ae,toxinpred3_hybrid_score,numeric,true,same_frozen_numeric_contract,minimize,dimensionless,0.235,0.0,-0.235,0.235,true,b214636e5cd18b4cc454387668f98b0985d5ac7d57e9d9782db2d2bc5dbd0a2b
fgf2,6a3246a96e45e8810e298f3c2cab25b6232bab70befca529c94260df7c61e329,masked_substitution,621317592cf9eefa5cf29c94976c03586524b876c741cac1de50225fc6d07299,primary_parent,fef9246bf522c2c2d9e06f76c1f0b40a34eea229868bdcf78b51c159154681ae,toxinpred3_label,categorical,true,same_frozen_label_contract,audit,label,Non-Toxin,Non-Toxin,,,false,5db46cf26ced95012944705e48f73f334feef2d7ed5db40840c585c3110afeeb
fgf2,797c78b5f8f3a3525f9017c13c0a1530a02e8b599af5949b0b8fbe678017e0e2,masked_substitution,98b716e547f439dde879a05d04d83794ff7c1266827f679ef234db831c421fbd,primary_parent,fef9246bf522c2c2d9e06f76c1f0b40a34eea229868bdcf78b51c159154681ae,amp_read_log10_mic_um,numeric,true,same_frozen_numeric_contract,minimize,log10(uM),2.915548413288972,2.589153896676979,-0.32639451661199326,0.32639451661199326,true,52e0e7b6bde8bf4d05c833b1909eec1b51d3e658eafdb5a9eba7649f57bb7c1b
fgf2,797c78b5f8f3a3525f9017c13c0a1530a02e8b599af5949b0b8fbe678017e0e2,masked_substitution,98b716e547f439dde879a05d04d83794ff7c1266827f679ef234db831c421fbd,primary_parent,fef9246bf522c2c2d9e06f76c1f0b40a34eea229868bdcf78b51c159154681ae,guruprasad_instability_index,numeric,true,same_frozen_numeric_contract,minimize,index,22.327273,29.159090909090903,6.831817909090901,-6.831817909090901,true,6c341a95547b1d0e7eac34cb8c9647db15126254a58475f6bc660cbb116048ad
fgf2,797c78b5f8f3a3525f9017c13c0a1530a02e8b599af5949b0b8fbe678017e0e2,masked_substitution,98b716e547f439dde879a05d04d83794ff7c1266827f679ef234db831c421fbd,primary_parent,fef9246bf522c2c2d9e06f76c1f0b40a34eea229868bdcf78b51c159154681ae,hydrophobic_moment_eisenberg,numeric,false,audit_metric_has_no_monotonic_improvement_direction,audit,dimensionless,0.34127361170072296,0.36084666823361505,0.019573056532892097,,true,4b5743480992f408fd915a493f66ce25e0d76887f1de7057cc0e3d62bd828e12
fgf2,797c78b5f8f3a3525f9017c13c0a1530a02e8b599af5949b0b8fbe678017e0e2,masked_substitution,98b716e547f439dde879a05d04d83794ff7c1266827f679ef234db831c421fbd,primary_parent,fef9246bf522c2c2d9e06f76c1f0b40a34eea229868bdcf78b51c159154681ae,hydrophobic_ratio_modlamp,numeric,false,audit_metric_has_no_monotonic_improvement_direction,audit,fraction,0.09090909090909091,0.13636363636363635,0.04545454545454544,,true,bf0c8df139154a0d54bf1ca1c6f6197b7c4a34cfbf829972a97ba53051cde9d8
fgf2,797c78b5f8f3a3525f9017c13c0a1530a02e8b599af5949b0b8fbe678017e0e2,masked_substitution,98b716e547f439dde879a05d04d83794ff7c1266827f679ef234db831c421fbd,primary_parent,fef9246bf522c2c2d9e06f76c1f0b40a34eea229868bdcf78b51c159154681ae,llamp_log10_mic_um,numeric,true,same_frozen_numeric_contract,minimize,log10(uM),1.6722277402877808,1.8207310438156128,0.14850330352783203,-0.14850330352783203,true,1b6c12032981fcbf7e8064392ec6c44f57a6d2e2024c6c8fdf4801919a1eaae6
fgf2,797c78b5f8f3a3525f9017c13c0a1530a02e8b599af5949b0b8fbe678017e0e2,masked_substitution,98b716e547f439dde879a05d04d83794ff7c1266827f679ef234db831c421fbd,primary_parent,fef9246bf522c2c2d9e06f76c1f0b40a34eea229868bdcf78b51c159154681ae,macrel_amp_probability,numeric,true,same_frozen_numeric_contract,maximize,probability,0.228,0.208,-0.020000000000000018,-0.020000000000000018,true,b592942cde272e1d606b2bc9d18a8fbe5e1a984af7e5409032308197103e77ad
fgf2,797c78b5f8f3a3525f9017c13c0a1530a02e8b599af5949b0b8fbe678017e0e2,masked_substitution,98b716e547f439dde879a05d04d83794ff7c1266827f679ef234db831c421fbd,primary_parent,fef9246bf522c2c2d9e06f76c1f0b40a34eea229868bdcf78b51c159154681ae,macrel_hemolysis_label,categorical,true,same_frozen_label_contract,audit,label,low,low,,,false,b2347a564394597c11463021a2da50335989bbb1c5510b7db823abfbf7cb6fcc
fgf2,797c78b5f8f3a3525f9017c13c0a1530a02e8b599af5949b0b8fbe678017e0e2,masked_substitution,98b716e547f439dde879a05d04d83794ff7c1266827f679ef234db831c421fbd,primary_parent,fef9246bf522c2c2d9e06f76c1f0b40a34eea229868bdcf78b51c159154681ae,macrel_hemolysis_probability,numeric,true,same_frozen_numeric_contract,minimize,probability,0.376,0.297,-0.07900000000000001,0.07900000000000001,true,a95e7998102522080184fb973d77bde85e96ece3d053b86b9a14eef48f0fc507
fgf2,797c78b5f8f3a3525f9017c13c0a1530a02e8b599af5949b0b8fbe678017e0e2,masked_substitution,98b716e547f439dde879a05d04d83794ff7c1266827f679ef234db831c421fbd,primary_parent,fef9246bf522c2c2d9e06f76c1f0b40a34eea229868bdcf78b51c159154681ae,maximum_hydrophobic_run,numeric,true,same_frozen_numeric_contract,minimize,residues,2.0,2.0,0.0,-0.0,false,d833fe97d5f10795acb870bfaad4c7aa8f227d81410fae4725702fac1135f877
fgf2,797c78b5f8f3a3525f9017c13c0a1530a02e8b599af5949b0b8fbe678017e0e2,masked_substitution,98b716e547f439dde879a05d04d83794ff7c1266827f679ef234db831c421fbd,primary_parent,fef9246bf522c2c2d9e06f76c1f0b40a34eea229868bdcf78b51c159154681ae,net_charge_ph7_4,numeric,false,audit_metric_has_no_monotonic_improvement_direction,audit,elementary_charge,7.026,7.026,0.0,,false,79acb9074cea42b731355080b7e4227802696636c4395a6e82504ed1240deb79
fgf2,797c78b5f8f3a3525f9017c13c0a1530a02e8b599af5949b0b8fbe678017e0e2,masked_substitution,98b716e547f439dde879a05d04d83794ff7c1266827f679ef234db831c421fbd,primary_parent,fef9246bf522c2c2d9e06f76c1f0b40a34eea229868bdcf78b51c159154681ae,toxinpred3_hybrid_score,numeric,true,same_frozen_numeric_contract,minimize,dimensionless,0.235,0.25,0.015000000000000013,-0.015000000000000013,true,2cb4f50c9c45d1a016672bef1ffe201d74f08f6e21ad9442ee0f2f922553a85b
fgf2,797c78b5f8f3a3525f9017c13c0a1530a02e8b599af5949b0b8fbe678017e0e2,masked_substitution,98b716e547f439dde879a05d04d83794ff7c1266827f679ef234db831c421fbd,primary_parent,fef9246bf522c2c2d9e06f76c1f0b40a34eea229868bdcf78b51c159154681ae,toxinpred3_label,categorical,true,same_frozen_label_contract,audit,label,Non-Toxin,Non-Toxin,,,false,1da875a44b7bd9d0bee9addbb96d5c5fe4ba3a7503819ec110bd7df104a81ec2
fgf2,93494fcfe1ff06139e9327d899a25d67f96cf5f1c84bce1e65f955b19820ec31,masked_substitution,7da584f77143f442ae20974a9cd46f95f416fd3899753cd06bd79aba9daeb010,primary_parent,fef9246bf522c2c2d9e06f76c1f0b40a34eea229868bdcf78b51c159154681ae,amp_read_log10_mic_um,numeric,true,same_frozen_numeric_contract,minimize,log10(uM),2.915548413288972,2.520877840474949,-0.3946705728140234,0.3946705728140234,true,894b5805f3060072658b3263c505b2b884a7f54a0dc5ec0f30363953b0613fff
fgf2,93494fcfe1ff06139e9327d899a25d67f96cf5f1c84bce1e65f955b19820ec31,masked_substitution,7da584f77143f442ae20974a9cd46f95f416fd3899753cd06bd79aba9daeb010,primary_parent,fef9246bf522c2c2d9e06f76c1f0b40a34eea229868bdcf78b51c159154681ae,guruprasad_instability_index,numeric,true,same_frozen_numeric_contract,minimize,index,22.327273,29.159090909090903,6.831817909090901,-6.831817909090901,true,8009441f3601c287fab2e765d3ada1782f09589753ee32d1dcd04c2315687399
fgf2,93494fcfe1ff06139e9327d899a25d67f96cf5f1c84bce1e65f955b19820ec31,masked_substitution,7da584f77143f442ae20974a9cd46f95f416fd3899753cd06bd79aba9daeb010,primary_parent,fef9246bf522c2c2d9e06f76c1f0b40a34eea229868bdcf78b51c159154681ae,hydrophobic_moment_eisenberg,numeric,false,audit_metric_has_no_monotonic_improvement_direction,audit,dimensionless,0.34127361170072296,0.3628547844608287,0.021581172760105738,,true,7000fa8365d89fe142440901494efa52a600608f9f4dc95952cbb4a21916d458
fgf2,93494fcfe1ff06139e9327d899a25d67f96cf5f1c84bce1e65f955b19820ec31,masked_substitution,7da584f77143f442ae20974a9cd46f95f416fd3899753cd06bd79aba9daeb010,primary_parent,fef9246bf522c2c2d9e06f76c1f0b40a34eea229868bdcf78b51c159154681ae,hydrophobic_ratio_modlamp,numeric,false,audit_metric_has_no_monotonic_improvement_direction,audit,fraction,0.09090909090909091,0.13636363636363635,0.04545454545454544,,true,8bdbe5fc75405e16502754385cb4d9c7da6a9beed62a88d83deb06961952248c
fgf2,93494fcfe1ff06139e9327d899a25d67f96cf5f1c84bce1e65f955b19820ec31,masked_substitution,7da584f77143f442ae20974a9cd46f95f416fd3899753cd06bd79aba9daeb010,primary_parent,fef9246bf522c2c2d9e06f76c1f0b40a34eea229868bdcf78b51c159154681ae,llamp_log10_mic_um,numeric,true,same_frozen_numeric_contract,minimize,log10(uM),1.6722277402877808,2.084773302078247,0.4125455617904663,-0.4125455617904663,true,65abf8c62e923375013812cbe1176a93ae712db3993fead3743a9a571a202c06
fgf2,93494fcfe1ff06139e9327d899a25d67f96cf5f1c84bce1e65f955b19820ec31,masked_substitution,7da584f77143f442ae20974a9cd46f95f416fd3899753cd06bd79aba9daeb010,primary_parent,fef9246bf522c2c2d9e06f76c1f0b40a34eea229868bdcf78b51c159154681ae,macrel_amp_probability,numeric,true,same_frozen_numeric_contract,maximize,probability,0.228,0.297,0.06899999999999998,0.06899999999999998,true,bf1b3141e6fbc52f5508ddc3bcd52c1ef3acac318452dedb7771ca2a89634ff7
fgf2,93494fcfe1ff06139e9327d899a25d67f96cf5f1c84bce1e65f955b19820ec31,masked_substitution,7da584f77143f442ae20974a9cd46f95f416fd3899753cd06bd79aba9daeb010,primary_parent,fef9246bf522c2c2d9e06f76c1f0b40a34eea229868bdcf78b51c159154681ae,macrel_hemolysis_label,categorical,true,same_frozen_label_contract,audit,label,low,low,,,false,b1f5f8016773d79c6ea206cd4c6b70cfea5e1a6c9faf9be3858c0fe00650c505
fgf2,93494fcfe1ff06139e9327d899a25d67f96cf5f1c84bce1e65f955b19820ec31,masked_substitution,7da584f77143f442ae20974a9cd46f95f416fd3899753cd06bd79aba9daeb010,primary_parent,fef9246bf522c2c2d9e06f76c1f0b40a34eea229868bdcf78b51c159154681ae,macrel_hemolysis_probability,numeric,true,same_frozen_numeric_contract,minimize,probability,0.376,0.396,0.020000000000000018,-0.020000000000000018,true,7897abac70522582d2e1829482df38a977623906aa90d6c67db32d19d9fa6cde
fgf2,93494fcfe1ff06139e9327d899a25d67f96cf5f1c84bce1e65f955b19820ec31,masked_substitution,7da584f77143f442ae20974a9cd46f95f416fd3899753cd06bd79aba9daeb010,primary_parent,fef9246bf522c2c2d9e06f76c1f0b40a34eea229868bdcf78b51c159154681ae,maximum_hydrophobic_run,numeric,true,same_frozen_numeric_contract,minimize,residues,2.0,2.0,0.0,-0.0,false,54153ce8f8bc2fa4c97c0c2e8d5c2b191c510362a9d14251bbd1fb820152ebbb
fgf2,93494fcfe1ff06139e9327d899a25d67f96cf5f1c84bce1e65f955b19820ec31,masked_substitution,7da584f77143f442ae20974a9cd46f95f416fd3899753cd06bd79aba9daeb010,primary_parent,fef9246bf522c2c2d9e06f76c1f0b40a34eea229868bdcf78b51c159154681ae,net_charge_ph7_4,numeric,false,audit_metric_has_no_monotonic_improvement_direction,audit,elementary_charge,7.026,7.026,0.0,,false,b80ff7424e4fa3ad4eef16e43ef73dd9d71c01ab3e48525931bb5dfb14edb9d0
fgf2,93494fcfe1ff06139e9327d899a25d67f96cf5f1c84bce1e65f955b19820ec31,masked_substitution,7da584f77143f442ae20974a9cd46f95f416fd3899753cd06bd79aba9daeb010,primary_parent,fef9246bf522c2c2d9e06f76c1f0b40a34eea229868bdcf78b51c159154681ae,toxinpred3_hybrid_score,numeric,true,same_frozen_numeric_contract,minimize,dimensionless,0.235,0.255,0.020000000000000018,-0.020000000000000018,true,012d218b2e77e6f715d3371cae3ff266f45f2d665ac633d45cf25fcae1dfa74d
fgf2,93494fcfe1ff06139e9327d899a25d67f96cf5f1c84bce1e65f955b19820ec31,masked_substitution,7da584f77143f442ae20974a9cd46f95f416fd3899753cd06bd79aba9daeb010,primary_parent,fef9246bf522c2c2d9e06f76c1f0b40a34eea229868bdcf78b51c159154681ae,toxinpred3_label,categorical,true,same_frozen_label_contract,audit,label,Non-Toxin,Non-Toxin,,,false,dbb94363ac786fdb35fbfc6e601352c4f1c5913fe5d609de8b9ab728657a3e5d
fgf2,a8f85b5219b855dfe273ac3830ec8a8a9fb8789062ad5d8dd7dc198048abf610,masked_substitution,f69798f6c413ca2583316bb4c7c3c03c53e82b231e0fd361b7bdf6e3c9da1a0b,primary_parent,fef9246bf522c2c2d9e06f76c1f0b40a34eea229868bdcf78b51c159154681ae,amp_read_log10_mic_um,numeric,true,same_frozen_numeric_contract,minimize,log10(uM),2.915548413288972,2.5546993048804856,-0.3608491084084866,0.3608491084084866,true,4763cd0530adec4813789ded82cb7e7f45916ddb12ab912450c05eab90209112
fgf2,a8f85b5219b855dfe273ac3830ec8a8a9fb8789062ad5d8dd7dc198048abf610,masked_substitution,f69798f6c413ca2583316bb4c7c3c03c53e82b231e0fd361b7bdf6e3c9da1a0b,primary_parent,fef9246bf522c2c2d9e06f76c1f0b40a34eea229868bdcf78b51c159154681ae,guruprasad_instability_index,numeric,true,same_frozen_numeric_contract,minimize,index,22.327273,25.73181818181818,3.404545181818179,-3.404545181818179,true,a80baef64ec8245394a351d6a340f4addd8a2307e623adf54772c02b218f5d62
fgf2,a8f85b5219b855dfe273ac3830ec8a8a9fb8789062ad5d8dd7dc198048abf610,masked_substitution,f69798f6c413ca2583316bb4c7c3c03c53e82b231e0fd361b7bdf6e3c9da1a0b,primary_parent,fef9246bf522c2c2d9e06f76c1f0b40a34eea229868bdcf78b51c159154681ae,hydrophobic_moment_eisenberg,numeric,false,audit_metric_has_no_monotonic_improvement_direction,audit,dimensionless,0.34127361170072296,0.3458817706025316,0.004608158901808657,,true,d3311a0194a2d3b9e87090f3e59060f020351b5f2edbd3401b232d3b8134f53c
fgf2,a8f85b5219b855dfe273ac3830ec8a8a9fb8789062ad5d8dd7dc198048abf610,masked_substitution,f69798f6c413ca2583316bb4c7c3c03c53e82b231e0fd361b7bdf6e3c9da1a0b,primary_parent,fef9246bf522c2c2d9e06f76c1f0b40a34eea229868bdcf78b51c159154681ae,hydrophobic_ratio_modlamp,numeric,false,audit_metric_has_no_monotonic_improvement_direction,audit,fraction,0.09090909090909091,0.09090909090909091,0.0,,false,fe3660074ac90ced31f365bdfab4da26e90d1b36051a09896aaf9d8bca17cda2
fgf2,a8f85b5219b855dfe273ac3830ec8a8a9fb8789062ad5d8dd7dc198048abf610,masked_substitution,f69798f6c413ca2583316bb4c7c3c03c53e82b231e0fd361b7bdf6e3c9da1a0b,primary_parent,fef9246bf522c2c2d9e06f76c1f0b40a34eea229868bdcf78b51c159154681ae,llamp_log10_mic_um,numeric,true,same_frozen_numeric_contract,minimize,log10(uM),1.6722277402877808,2.083549976348877,0.4113222360610962,-0.4113222360610962,true,db659c225d2960c9ac33d8a043156fc11fe6f8be6f600b2f77fe56f1f7d4d9ed
fgf2,a8f85b5219b855dfe273ac3830ec8a8a9fb8789062ad5d8dd7dc198048abf610,masked_substitution,f69798f6c413ca2583316bb4c7c3c03c53e82b231e0fd361b7bdf6e3c9da1a0b,primary_parent,fef9246bf522c2c2d9e06f76c1f0b40a34eea229868bdcf78b51c159154681ae,macrel_amp_probability,numeric,true,same_frozen_numeric_contract,maximize,probability,0.228,0.317,0.089,0.089,true,2ecbcdbf67d17a068a5903628e8113cd6d7b13cebb85dc5590e62b802596cc7f
fgf2,a8f85b5219b855dfe273ac3830ec8a8a9fb8789062ad5d8dd7dc198048abf610,masked_substitution,f69798f6c413ca2583316bb4c7c3c03c53e82b231e0fd361b7bdf6e3c9da1a0b,primary_parent,fef9246bf522c2c2d9e06f76c1f0b40a34eea229868bdcf78b51c159154681ae,macrel_hemolysis_label,categorical,true,same_frozen_label_contract,audit,label,low,low,,,false,7af6963dcea2d380ce7644633bfd9afd340953b8fdf001ed1a19be2ad80aa6f6
fgf2,a8f85b5219b855dfe273ac3830ec8a8a9fb8789062ad5d8dd7dc198048abf610,masked_substitution,f69798f6c413ca2583316bb4c7c3c03c53e82b231e0fd361b7bdf6e3c9da1a0b,primary_parent,fef9246bf522c2c2d9e06f76c1f0b40a34eea229868bdcf78b51c159154681ae,macrel_hemolysis_probability,numeric,true,same_frozen_numeric_contract,minimize,probability,0.376,0.376,0.0,-0.0,false,c5352c3612bc9c8c5a8066faad5412b1067f21551f97a6a7d8cce63a14b1e7f0
fgf2,a8f85b5219b855dfe273ac3830ec8a8a9fb8789062ad5d8dd7dc198048abf610,masked_substitution,f69798f6c413ca2583316bb4c7c3c03c53e82b231e0fd361b7bdf6e3c9da1a0b,primary_parent,fef9246bf522c2c2d9e06f76c1f0b40a34eea229868bdcf78b51c159154681ae,maximum_hydrophobic_run,numeric,true,same_frozen_numeric_contract,minimize,residues,2.0,2.0,0.0,-0.0,false,6af8f0bd60ecf19c2aa01491c315489044684f40101841672688df7b78593192
fgf2,a8f85b5219b855dfe273ac3830ec8a8a9fb8789062ad5d8dd7dc198048abf610,masked_substitution,f69798f6c413ca2583316bb4c7c3c03c53e82b231e0fd361b7bdf6e3c9da1a0b,primary_parent,fef9246bf522c2c2d9e06f76c1f0b40a34eea229868bdcf78b51c159154681ae,net_charge_ph7_4,numeric,false,audit_metric_has_no_monotonic_improvement_direction,audit,elementary_charge,7.026,7.024,-0.0019999999999997797,,true,63837d15bfcb20014f2e6af779a4bddb8aeb99ae7adc4d0a0fd31867f250541e
fgf2,a8f85b5219b855dfe273ac3830ec8a8a9fb8789062ad5d8dd7dc198048abf610,masked_substitution,f69798f6c413ca2583316bb4c7c3c03c53e82b231e0fd361b7bdf6e3c9da1a0b,primary_parent,fef9246bf522c2c2d9e06f76c1f0b40a34eea229868bdcf78b51c159154681ae,toxinpred3_hybrid_score,numeric,true,same_frozen_numeric_contract,minimize,dimensionless,0.235,0.28,0.04500000000000004,-0.04500000000000004,true,ec4d6367f793f46a0520eb2fc6196bf1922622abe250d9221ffd120ff0857896
fgf2,a8f85b5219b855dfe273ac3830ec8a8a9fb8789062ad5d8dd7dc198048abf610,masked_substitution,f69798f6c413ca2583316bb4c7c3c03c53e82b231e0fd361b7bdf6e3c9da1a0b,primary_parent,fef9246bf522c2c2d9e06f76c1f0b40a34eea229868bdcf78b51c159154681ae,toxinpred3_label,categorical,true,same_frozen_label_contract,audit,label,Non-Toxin,Non-Toxin,,,false,224a19f909a1db04ceed0bc23b33b0017a51925d7fec332ff1f4093981b2c3fc
fgf2,f9cd40e6043df90eebb1b1d2d681db7e6e65b9b29ae63a4f3527e65e4e752db7,masked_substitution,bddb4765a84e753a5ee0d44c280abedd3b6aac1d9460a8da7ca125022b884b73,primary_parent,fef9246bf522c2c2d9e06f76c1f0b40a34eea229868bdcf78b51c159154681ae,amp_read_log10_mic_um,numeric,true,same_frozen_numeric_contract,minimize,log10(uM),2.915548413288972,2.7375310875758982,-0.17801732571307394,0.17801732571307394,true,e1ee065c7ee085904ff47ca536eb27abe58fdeb8a060f9624b4107dbee9263a1
fgf2,f9cd40e6043df90eebb1b1d2d681db7e6e65b9b29ae63a4f3527e65e4e752db7,masked_substitution,bddb4765a84e753a5ee0d44c280abedd3b6aac1d9460a8da7ca125022b884b73,primary_parent,fef9246bf522c2c2d9e06f76c1f0b40a34eea229868bdcf78b51c159154681ae,guruprasad_instability_index,numeric,true,same_frozen_numeric_contract,minimize,index,22.327273,18.395454545454545,-3.931818454545457,3.931818454545457,true,68fdb4ac5fe8e62782cabcf5ba3c1738a853d14ae24300e43c92be76f8041c68
fgf2,f9cd40e6043df90eebb1b1d2d681db7e6e65b9b29ae63a4f3527e65e4e752db7,masked_substitution,bddb4765a84e753a5ee0d44c280abedd3b6aac1d9460a8da7ca125022b884b73,primary_parent,fef9246bf522c2c2d9e06f76c1f0b40a34eea229868bdcf78b51c159154681ae,hydrophobic_moment_eisenberg,numeric,false,audit_metric_has_no_monotonic_improvement_direction,audit,dimensionless,0.34127361170072296,0.3985937822902334,0.057320170589510444,,true,bc03fb194b615ab066c6d839724b7e2a50b9ea17c4723931c6ac5e9b18ff167a
fgf2,f9cd40e6043df90eebb1b1d2d681db7e6e65b9b29ae63a4f3527e65e4e752db7,masked_substitution,bddb4765a84e753a5ee0d44c280abedd3b6aac1d9460a8da7ca125022b884b73,primary_parent,fef9246bf522c2c2d9e06f76c1f0b40a34eea229868bdcf78b51c159154681ae,hydrophobic_ratio_modlamp,numeric,false,audit_metric_has_no_monotonic_improvement_direction,audit,fraction,0.09090909090909091,0.13636363636363635,0.04545454545454544,,true,42f1fcda7269e61cb07775f0b1c21bd73a6d8fef293b764a26e432d8abfad3f1
fgf2,f9cd40e6043df90eebb1b1d2d681db7e6e65b9b29ae63a4f3527e65e4e752db7,masked_substitution,bddb4765a84e753a5ee0d44c280abedd3b6aac1d9460a8da7ca125022b884b73,primary_parent,fef9246bf522c2c2d9e06f76c1f0b40a34eea229868bdcf78b51c159154681ae,llamp_log10_mic_um,numeric,true,same_frozen_numeric_contract,minimize,log10(uM),1.6722277402877808,1.8557308912277222,0.1835031509399414,-0.1835031509399414,true,8d4e4328d618ebc0970fc55b7d94a9836e9e53f7eb1d91fdaa80234999ab402d
fgf2,f9cd40e6043df90eebb1b1d2d681db7e6e65b9b29ae63a4f3527e65e4e752db7,masked_substitution,bddb4765a84e753a5ee0d44c280abedd3b6aac1d9460a8da7ca125022b884b73,primary_parent,fef9246bf522c2c2d9e06f76c1f0b40a34eea229868bdcf78b51c159154681ae,macrel_amp_probability,numeric,true,same_frozen_numeric_contract,maximize,probability,0.228,0.248,0.01999999999999999,0.01999999999999999,true,e4c1f7ca0097a3e1bd916ebed1cb7edf2d08222cbb888e0872a714618c1a4e5a
fgf2,f9cd40e6043df90eebb1b1d2d681db7e6e65b9b29ae63a4f3527e65e4e752db7,masked_substitution,bddb4765a84e753a5ee0d44c280abedd3b6aac1d9460a8da7ca125022b884b73,primary_parent,fef9246bf522c2c2d9e06f76c1f0b40a34eea229868bdcf78b51c159154681ae,macrel_hemolysis_label,categorical,true,same_frozen_label_contract,audit,label,low,low,,,false,97bd05c989857fe5203ef180bc861b095986b1524263562f46fe63b9abc7822c
fgf2,f9cd40e6043df90eebb1b1d2d681db7e6e65b9b29ae63a4f3527e65e4e752db7,masked_substitution,bddb4765a84e753a5ee0d44c280abedd3b6aac1d9460a8da7ca125022b884b73,primary_parent,fef9246bf522c2c2d9e06f76c1f0b40a34eea229868bdcf78b51c159154681ae,macrel_hemolysis_probability,numeric,true,same_frozen_numeric_contract,minimize,probability,0.376,0.356,-0.020000000000000018,0.020000000000000018,true,be74c9a88c6be351bd9675034f4ed565c14c666a4f8fd22eab82f361604c731e
fgf2,f9cd40e6043df90eebb1b1d2d681db7e6e65b9b29ae63a4f3527e65e4e752db7,masked_substitution,bddb4765a84e753a5ee0d44c280abedd3b6aac1d9460a8da7ca125022b884b73,primary_parent,fef9246bf522c2c2d9e06f76c1f0b40a34eea229868bdcf78b51c159154681ae,maximum_hydrophobic_run,numeric,true,same_frozen_numeric_contract,minimize,residues,2.0,2.0,0.0,-0.0,false,4d4195aacf899a967959c94bf5695373309eb95208bb4497f41c85573c290550
fgf2,f9cd40e6043df90eebb1b1d2d681db7e6e65b9b29ae63a4f3527e65e4e752db7,masked_substitution,bddb4765a84e753a5ee0d44c280abedd3b6aac1d9460a8da7ca125022b884b73,primary_parent,fef9246bf522c2c2d9e06f76c1f0b40a34eea229868bdcf78b51c159154681ae,net_charge_ph7_4,numeric,false,audit_metric_has_no_monotonic_improvement_direction,audit,elementary_charge,7.026,7.026,0.0,,false,77c19d85726d7dff05b09e521615e50e4a5c63059ea2d28cebe944b4187c363c
fgf2,f9cd40e6043df90eebb1b1d2d681db7e6e65b9b29ae63a4f3527e65e4e752db7,masked_substitution,bddb4765a84e753a5ee0d44c280abedd3b6aac1d9460a8da7ca125022b884b73,primary_parent,fef9246bf522c2c2d9e06f76c1f0b40a34eea229868bdcf78b51c159154681ae,toxinpred3_hybrid_score,numeric,true,same_frozen_numeric_contract,minimize,dimensionless,0.235,0.245,0.010000000000000009,-0.010000000000000009,true,b8cd607fc0abb7411c441011bd86db7a7f7550cb394d907b94fa3e1cb9cb7432
fgf2,f9cd40e6043df90eebb1b1d2d681db7e6e65b9b29ae63a4f3527e65e4e752db7,masked_substitution,bddb4765a84e753a5ee0d44c280abedd3b6aac1d9460a8da7ca125022b884b73,primary_parent,fef9246bf522c2c2d9e06f76c1f0b40a34eea229868bdcf78b51c159154681ae,toxinpred3_label,categorical,true,same_frozen_label_contract,audit,label,Non-Toxin,Non-Toxin,,,false,646a447039b8f06c9b107645e61993aadd90e8f01bd7e7727e5c94e628f76d5c
fgf2,6dad8f81e170ed3630177323c9e8306bb58e7c05f7ece50e17a634229e1c0d41,masked_substitution,b4d56ae30b57fd3459d1fca3d0608c8c260079cb08e7ac00b15981f38d760532,primary_parent,fef9246bf522c2c2d9e06f76c1f0b40a34eea229868bdcf78b51c159154681ae,amp_read_log10_mic_um,numeric,true,same_frozen_numeric_contract,minimize,log10(uM),2.915548413288972,2.5058536537176206,-0.4096947595713516,0.4096947595713516,true,38a8276d47ca60f27f7ccf3611bf3cdc4c1dccf3dad3b187882b4d5e4613ba75
fgf2,6dad8f81e170ed3630177323c9e8306bb58e7c05f7ece50e17a634229e1c0d41,masked_substitution,b4d56ae30b57fd3459d1fca3d0608c8c260079cb08e7ac00b15981f38d760532,primary_parent,fef9246bf522c2c2d9e06f76c1f0b40a34eea229868bdcf78b51c159154681ae,guruprasad_instability_index,numeric,true,same_frozen_numeric_contract,minimize,index,22.327273,14.536363636363635,-7.790909363636366,7.790909363636366,true,d59a1364382c7697d97b375502fec36d6409e4001db18f438365c292f269d4b7
fgf2,6dad8f81e170ed3630177323c9e8306bb58e7c05f7ece50e17a634229e1c0d41,masked_substitution,b4d56ae30b57fd3459d1fca3d0608c8c260079cb08e7ac00b15981f38d760532,primary_parent,fef9246bf522c2c2d9e06f76c1f0b40a34eea229868bdcf78b51c159154681ae,hydrophobic_moment_eisenberg,numeric,false,audit_metric_has_no_monotonic_improvement_direction,audit,dimensionless,0.34127361170072296,0.43129836430604734,0.09002475260532439,,true,873e37dd93efa9c763afac1a3bad7fad741e2d9a3982aeba895e0ad21cda1ad6
fgf2,6dad8f81e170ed3630177323c9e8306bb58e7c05f7ece50e17a634229e1c0d41,masked_substitution,b4d56ae30b57fd3459d1fca3d0608c8c260079cb08e7ac00b15981f38d760532,primary_parent,fef9246bf522c2c2d9e06f76c1f0b40a34eea229868bdcf78b51c159154681ae,hydrophobic_ratio_modlamp,numeric,false,audit_metric_has_no_monotonic_improvement_direction,audit,fraction,0.09090909090909091,0.13636363636363635,0.04545454545454544,,true,7feee709472ca9569755e783892e0319f02288055900cdaada73e212cca14cbc
fgf2,6dad8f81e170ed3630177323c9e8306bb58e7c05f7ece50e17a634229e1c0d41,masked_substitution,b4d56ae30b57fd3459d1fca3d0608c8c260079cb08e7ac00b15981f38d760532,primary_parent,fef9246bf522c2c2d9e06f76c1f0b40a34eea229868bdcf78b51c159154681ae,llamp_log10_mic_um,numeric,true,same_frozen_numeric_contract,minimize,log10(uM),1.6722277402877808,1.9331849813461304,0.2609572410583496,-0.2609572410583496,true,835edd079296eb57bd52eb285393aa10189eb948b96f141c2702d5be81cdf5d1
fgf2,6dad8f81e170ed3630177323c9e8306bb58e7c05f7ece50e17a634229e1c0d41,masked_substitution,b4d56ae30b57fd3459d1fca3d0608c8c260079cb08e7ac00b15981f38d760532,primary_parent,fef9246bf522c2c2d9e06f76c1f0b40a34eea229868bdcf78b51c159154681ae,macrel_amp_probability,numeric,true,same_frozen_numeric_contract,maximize,probability,0.228,0.287,0.05899999999999997,0.05899999999999997,true,0df8c9c098636daa08a49a2b6de7a19c2ec4f751228df7c9b1c3fb571c5e2e86
fgf2,6dad8f81e170ed3630177323c9e8306bb58e7c05f7ece50e17a634229e1c0d41,masked_substitution,b4d56ae30b57fd3459d1fca3d0608c8c260079cb08e7ac00b15981f38d760532,primary_parent,fef9246bf522c2c2d9e06f76c1f0b40a34eea229868bdcf78b51c159154681ae,macrel_hemolysis_label,categorical,true,same_frozen_label_contract,audit,label,low,low,,,false,a37b31039ed0da16557e3e05d0af7c08105d7daf8b8db1d4fba9112a33dac0f2
fgf2,6dad8f81e170ed3630177323c9e8306bb58e7c05f7ece50e17a634229e1c0d41,masked_substitution,b4d56ae30b57fd3459d1fca3d0608c8c260079cb08e7ac00b15981f38d760532,primary_parent,fef9246bf522c2c2d9e06f76c1f0b40a34eea229868bdcf78b51c159154681ae,macrel_hemolysis_probability,numeric,true,same_frozen_numeric_contract,minimize,probability,0.376,0.455,0.07900000000000001,-0.07900000000000001,true,86d7a411e2588350d9eac866e7a8965ca3921bbdda26198432c46d230d07b519
fgf2,6dad8f81e170ed3630177323c9e8306bb58e7c05f7ece50e17a634229e1c0d41,masked_substitution,b4d56ae30b57fd3459d1fca3d0608c8c260079cb08e7ac00b15981f38d760532,primary_parent,fef9246bf522c2c2d9e06f76c1f0b40a34eea229868bdcf78b51c159154681ae,maximum_hydrophobic_run,numeric,true,same_frozen_numeric_contract,minimize,residues,2.0,2.0,0.0,-0.0,false,1a8acde1f79c3bdc06aa27a1d9c15f3588f9926e9b1e032015169722b6c90d42
fgf2,6dad8f81e170ed3630177323c9e8306bb58e7c05f7ece50e17a634229e1c0d41,masked_substitution,b4d56ae30b57fd3459d1fca3d0608c8c260079cb08e7ac00b15981f38d760532,primary_parent,fef9246bf522c2c2d9e06f76c1f0b40a34eea229868bdcf78b51c159154681ae,net_charge_ph7_4,numeric,false,audit_metric_has_no_monotonic_improvement_direction,audit,elementary_charge,7.026,7.026,0.0,,false,4d5ac0a4298f4cb157eeda4b25e6e5480a8a17f99333bdc35df7f24f6ec4e9ba
fgf2,6dad8f81e170ed3630177323c9e8306bb58e7c05f7ece50e17a634229e1c0d41,masked_substitution,b4d56ae30b57fd3459d1fca3d0608c8c260079cb08e7ac00b15981f38d760532,primary_parent,fef9246bf522c2c2d9e06f76c1f0b40a34eea229868bdcf78b51c159154681ae,toxinpred3_hybrid_score,numeric,true,same_frozen_numeric_contract,minimize,dimensionless,0.235,0.33,0.09500000000000003,-0.09500000000000003,true,0a013486b48d9df460e8e21a69a18e80758c3fbfbad6b02a3a911229ca26beb1
fgf2,6dad8f81e170ed3630177323c9e8306bb58e7c05f7ece50e17a634229e1c0d41,masked_substitution,b4d56ae30b57fd3459d1fca3d0608c8c260079cb08e7ac00b15981f38d760532,primary_parent,fef9246bf522c2c2d9e06f76c1f0b40a34eea229868bdcf78b51c159154681ae,toxinpred3_label,categorical,true,same_frozen_label_contract,audit,label,Non-Toxin,Non-Toxin,,,false,dab51fdd284e9b199ccf05b869b62e861a6ffbfb4faad0f5c1dcfb44ddf9796c
fgf2,e925be579e35f5bd0d6e74e1fc05ce0d41916d9b6bd8fe75fa16ffce95f2dad5,masked_substitution,3e807d97fd32935ce9c51ab0aeb5aad9cfa934a223dac06394e208d6b83c576c,primary_parent,fef9246bf522c2c2d9e06f76c1f0b40a34eea229868bdcf78b51c159154681ae,amp_read_log10_mic_um,numeric,true,same_frozen_numeric_contract,minimize,log10(uM),2.915548413288972,2.661035137125883,-0.25451327616308905,0.25451327616308905,true,fee7f683fccfc3788b1ff4c2f01427d62489aa0a7bca0a60904af720a699721b
fgf2,e925be579e35f5bd0d6e74e1fc05ce0d41916d9b6bd8fe75fa16ffce95f2dad5,masked_substitution,3e807d97fd32935ce9c51ab0aeb5aad9cfa934a223dac06394e208d6b83c576c,primary_parent,fef9246bf522c2c2d9e06f76c1f0b40a34eea229868bdcf78b51c159154681ae,guruprasad_instability_index,numeric,true,same_frozen_numeric_contract,minimize,index,22.327273,14.536363636363635,-7.790909363636366,7.790909363636366,true,01dbd713387cbca2a58f17e7a75127ca9c33e68644fe0c9431123cd8e7f2e271
fgf2,e925be579e35f5bd0d6e74e1fc05ce0d41916d9b6bd8fe75fa16ffce95f2dad5,masked_substitution,3e807d97fd32935ce9c51ab0aeb5aad9cfa934a223dac06394e208d6b83c576c,primary_parent,fef9246bf522c2c2d9e06f76c1f0b40a34eea229868bdcf78b51c159154681ae,hydrophobic_moment_eisenberg,numeric,false,audit_metric_has_no_monotonic_improvement_direction,audit,dimensionless,0.34127361170072296,0.4186667005765678,0.07739308887584484,,true,88232ffe922198e17cc87fcfc71a90e663f2c415ae6ca3183b4f6689e5eab791
fgf2,e925be579e35f5bd0d6e74e1fc05ce0d41916d9b6bd8fe75fa16ffce95f2dad5,masked_substitution,3e807d97fd32935ce9c51ab0aeb5aad9cfa934a223dac06394e208d6b83c576c,primary_parent,fef9246bf522c2c2d9e06f76c1f0b40a34eea229868bdcf78b51c159154681ae,hydrophobic_ratio_modlamp,numeric,false,audit_metric_has_no_monotonic_improvement_direction,audit,fraction,0.09090909090909091,0.13636363636363635,0.04545454545454544,,true,12c280a14c812feed34d9c5306ae1b18cbeb78302b6cbbe06e36b4bb6152c930
fgf2,e925be579e35f5bd0d6e74e1fc05ce0d41916d9b6bd8fe75fa16ffce95f2dad5,masked_substitution,3e807d97fd32935ce9c51ab0aeb5aad9cfa934a223dac06394e208d6b83c576c,primary_parent,fef9246bf522c2c2d9e06f76c1f0b40a34eea229868bdcf78b51c159154681ae,llamp_log10_mic_um,numeric,true,same_frozen_numeric_contract,minimize,log10(uM),1.6722277402877808,1.8744821548461914,0.20225441455841064,-0.20225441455841064,true,35ffda9cfd83ba5fe9e4b2d6668ea2889054b321ecc73520f0f5bc2bbc740f9d
fgf2,e925be579e35f5bd0d6e74e1fc05ce0d41916d9b6bd8fe75fa16ffce95f2dad5,masked_substitution,3e807d97fd32935ce9c51ab0aeb5aad9cfa934a223dac06394e208d6b83c576c,primary_parent,fef9246bf522c2c2d9e06f76c1f0b40a34eea229868bdcf78b51c159154681ae,macrel_amp_probability,numeric,true,same_frozen_numeric_contract,maximize,probability,0.228,0.297,0.06899999999999998,0.06899999999999998,true,1fa8343ef930011d4ff108b3b67f2be0958250a35f12f0b37c2a3eef27bc1fbf
fgf2,e925be579e35f5bd0d6e74e1fc05ce0d41916d9b6bd8fe75fa16ffce95f2dad5,masked_substitution,3e807d97fd32935ce9c51ab0aeb5aad9cfa934a223dac06394e208d6b83c576c,primary_parent,fef9246bf522c2c2d9e06f76c1f0b40a34eea229868bdcf78b51c159154681ae,macrel_hemolysis_label,categorical,true,same_frozen_label_contract,audit,label,low,low,,,false,2d2b1fd7acb9827a13741edc416812038592dfdb3765e0bd038c7b8c4d19a156
fgf2,e925be579e35f5bd0d6e74e1fc05ce0d41916d9b6bd8fe75fa16ffce95f2dad5,masked_substitution,3e807d97fd32935ce9c51ab0aeb5aad9cfa934a223dac06394e208d6b83c576c,primary_parent,fef9246bf522c2c2d9e06f76c1f0b40a34eea229868bdcf78b51c159154681ae,macrel_hemolysis_probability,numeric,true,same_frozen_numeric_contract,minimize,probability,0.376,0.465,0.08900000000000002,-0.08900000000000002,true,a000e28b2afcb9bd2eb29a52739394c1bd6d280e1e922b3f2af6d7a8a0cb3c51
fgf2,e925be579e35f5bd0d6e74e1fc05ce0d41916d9b6bd8fe75fa16ffce95f2dad5,masked_substitution,3e807d97fd32935ce9c51ab0aeb5aad9cfa934a223dac06394e208d6b83c576c,primary_parent,fef9246bf522c2c2d9e06f76c1f0b40a34eea229868bdcf78b51c159154681ae,maximum_hydrophobic_run,numeric,true,same_frozen_numeric_contract,minimize,residues,2.0,2.0,0.0,-0.0,false,6d44cd306f04adad72b7723a01f4cba6eee26f35538e13b76c0af1af0898eac5
fgf2,e925be579e35f5bd0d6e74e1fc05ce0d41916d9b6bd8fe75fa16ffce95f2dad5,masked_substitution,3e807d97fd32935ce9c51ab0aeb5aad9cfa934a223dac06394e208d6b83c576c,primary_parent,fef9246bf522c2c2d9e06f76c1f0b40a34eea229868bdcf78b51c159154681ae,net_charge_ph7_4,numeric,false,audit_metric_has_no_monotonic_improvement_direction,audit,elementary_charge,7.026,7.026,0.0,,false,03df2d4e7d26bcfea93e5615ea984ef438b24ee4b04f5071db866cbe6a285de0
fgf2,e925be579e35f5bd0d6e74e1fc05ce0d41916d9b6bd8fe75fa16ffce95f2dad5,masked_substitution,3e807d97fd32935ce9c51ab0aeb5aad9cfa934a223dac06394e208d6b83c576c,primary_parent,fef9246bf522c2c2d9e06f76c1f0b40a34eea229868bdcf78b51c159154681ae,toxinpred3_hybrid_score,numeric,true,same_frozen_numeric_contract,minimize,dimensionless,0.235,0.0,-0.235,0.235,true,2b78f7406693426ebc731422dec10a6afdec2f5f15a098b4cb9a3b419eab8c74
fgf2,e925be579e35f5bd0d6e74e1fc05ce0d41916d9b6bd8fe75fa16ffce95f2dad5,masked_substitution,3e807d97fd32935ce9c51ab0aeb5aad9cfa934a223dac06394e208d6b83c576c,primary_parent,fef9246bf522c2c2d9e06f76c1f0b40a34eea229868bdcf78b51c159154681ae,toxinpred3_label,categorical,true,same_frozen_label_contract,audit,label,Non-Toxin,Non-Toxin,,,false,a4e2588226234ff08b44303bdff07a7e634ab20bd79298cb28c2dcc5e4fd9660
fgf2,804de6a642a32b8013d698f4e4d7489432e889548bb4559a668a2ef5612e39df,masked_substitution,245e29361d4dba9adf51bae8fdad2b6fef8b426c04041814a98c39871b71d196,primary_parent,fef9246bf522c2c2d9e06f76c1f0b40a34eea229868bdcf78b51c159154681ae,amp_read_log10_mic_um,numeric,true,same_frozen_numeric_contract,minimize,log10(uM),2.915548413288972,2.6053703621483253,-0.3101780511406469,0.3101780511406469,true,4d445c35d9a6e84c589b0bd347ad13657743cf5a1c59ad6a99efc1f754a7c2b4
fgf2,804de6a642a32b8013d698f4e4d7489432e889548bb4559a668a2ef5612e39df,masked_substitution,245e29361d4dba9adf51bae8fdad2b6fef8b426c04041814a98c39871b71d196,primary_parent,fef9246bf522c2c2d9e06f76c1f0b40a34eea229868bdcf78b51c159154681ae,guruprasad_instability_index,numeric,true,same_frozen_numeric_contract,minimize,index,22.327273,17.086363636363632,-5.240909363636369,5.240909363636369,true,6ad3aa2446abc3ee80d5c6021e5755a028cabe525bc4a757ebf0a8aea82fadce
fgf2,804de6a642a32b8013d698f4e4d7489432e889548bb4559a668a2ef5612e39df,masked_substitution,245e29361d4dba9adf51bae8fdad2b6fef8b426c04041814a98c39871b71d196,primary_parent,fef9246bf522c2c2d9e06f76c1f0b40a34eea229868bdcf78b51c159154681ae,hydrophobic_moment_eisenberg,numeric,false,audit_metric_has_no_monotonic_improvement_direction,audit,dimensionless,0.34127361170072296,0.4186667005765678,0.07739308887584484,,true,5306361ebe13b8cf59a6facff27e84b8ce0024464b267d076240041919178955
fgf2,804de6a642a32b8013d698f4e4d7489432e889548bb4559a668a2ef5612e39df,masked_substitution,245e29361d4dba9adf51bae8fdad2b6fef8b426c04041814a98c39871b71d196,primary_parent,fef9246bf522c2c2d9e06f76c1f0b40a34eea229868bdcf78b51c159154681ae,hydrophobic_ratio_modlamp,numeric,false,audit_metric_has_no_monotonic_improvement_direction,audit,fraction,0.09090909090909091,0.13636363636363635,0.04545454545454544,,true,1d6df54ccae1e720568d886f4d53a2a88fd89738a42fe36e8fbb3bd36f5e88bc
fgf2,804de6a642a32b8013d698f4e4d7489432e889548bb4559a668a2ef5612e39df,masked_substitution,245e29361d4dba9adf51bae8fdad2b6fef8b426c04041814a98c39871b71d196,primary_parent,fef9246bf522c2c2d9e06f76c1f0b40a34eea229868bdcf78b51c159154681ae,llamp_log10_mic_um,numeric,true,same_frozen_numeric_contract,minimize,log10(uM),1.6722277402877808,1.9334843158721924,0.2612565755844116,-0.2612565755844116,true,1404c4c5654ae09c3de8e27248aa13dd386fdf6ca85cc967ff355482bb43b0e3
fgf2,804de6a642a32b8013d698f4e4d7489432e889548bb4559a668a2ef5612e39df,masked_substitution,245e29361d4dba9adf51bae8fdad2b6fef8b426c04041814a98c39871b71d196,primary_parent,fef9246bf522c2c2d9e06f76c1f0b40a34eea229868bdcf78b51c159154681ae,macrel_amp_probability,numeric,true,same_frozen_numeric_contract,maximize,probability,0.228,0.208,-0.020000000000000018,-0.020000000000000018,true,e3d26ea018fdfe77e8f6559ba06e44d70aff18c39bf181854fee491be7f6efbc
fgf2,804de6a642a32b8013d698f4e4d7489432e889548bb4559a668a2ef5612e39df,masked_substitution,245e29361d4dba9adf51bae8fdad2b6fef8b426c04041814a98c39871b71d196,primary_parent,fef9246bf522c2c2d9e06f76c1f0b40a34eea229868bdcf78b51c159154681ae,macrel_hemolysis_label,categorical,true,same_frozen_label_contract,audit,label,low,low,,,false,e4d0c4c0274e3a7cb62ede4720c6e486a4a664aece0742abcd52e648e6b4ab48
fgf2,804de6a642a32b8013d698f4e4d7489432e889548bb4559a668a2ef5612e39df,masked_substitution,245e29361d4dba9adf51bae8fdad2b6fef8b426c04041814a98c39871b71d196,primary_parent,fef9246bf522c2c2d9e06f76c1f0b40a34eea229868bdcf78b51c159154681ae,macrel_hemolysis_probability,numeric,true,same_frozen_numeric_contract,minimize,probability,0.376,0.396,0.020000000000000018,-0.020000000000000018,true,3492f403081d281bfacf2f77aa844291d5806b575b0f932e6b8d22cce3665571
fgf2,804de6a642a32b8013d698f4e4d7489432e889548bb4559a668a2ef5612e39df,masked_substitution,245e29361d4dba9adf51bae8fdad2b6fef8b426c04041814a98c39871b71d196,primary_parent,fef9246bf522c2c2d9e06f76c1f0b40a34eea229868bdcf78b51c159154681ae,maximum_hydrophobic_run,numeric,true,same_frozen_numeric_contract,minimize,residues,2.0,2.0,0.0,-0.0,false,d4ecf2bc8d77c69f5647aeb144d6caa8645024a22a4a3b93d402e7a9d0db6fd1
fgf2,804de6a642a32b8013d698f4e4d7489432e889548bb4559a668a2ef5612e39df,masked_substitution,245e29361d4dba9adf51bae8fdad2b6fef8b426c04041814a98c39871b71d196,primary_parent,fef9246bf522c2c2d9e06f76c1f0b40a34eea229868bdcf78b51c159154681ae,net_charge_ph7_4,numeric,false,audit_metric_has_no_monotonic_improvement_direction,audit,elementary_charge,7.026,7.026,0.0,,false,9d4052d92770eb66f24d8a1e58ccac91663e5196c8d277c704cc61082dc7c214
fgf2,804de6a642a32b8013d698f4e4d7489432e889548bb4559a668a2ef5612e39df,masked_substitution,245e29361d4dba9adf51bae8fdad2b6fef8b426c04041814a98c39871b71d196,primary_parent,fef9246bf522c2c2d9e06f76c1f0b40a34eea229868bdcf78b51c159154681ae,toxinpred3_hybrid_score,numeric,true,same_frozen_numeric_contract,minimize,dimensionless,0.235,0.25,0.015000000000000013,-0.015000000000000013,true,8d29f2b7d1813af4a001201d2c7e9dcbf266374cc1220a84e55c4e2820797a18
fgf2,804de6a642a32b8013d698f4e4d7489432e889548bb4559a668a2ef5612e39df,masked_substitution,245e29361d4dba9adf51bae8fdad2b6fef8b426c04041814a98c39871b71d196,primary_parent,fef9246bf522c2c2d9e06f76c1f0b40a34eea229868bdcf78b51c159154681ae,toxinpred3_label,categorical,true,same_frozen_label_contract,audit,label,Non-Toxin,Non-Toxin,,,false,d3c23612c4cb7da31a999a2cda112481bee2f492bba91cc0d934c5a04c9962c4
fgf2,973d93bf9a0c2bca6aa612d916e2cbbaa52b75fb026c78431165a2276acbe5a5,masked_substitution,c546343203c752a5d194526bacf60c5e19428503b95e822f98df6f8728539f21,primary_parent,fef9246bf522c2c2d9e06f76c1f0b40a34eea229868bdcf78b51c159154681ae,amp_read_log10_mic_um,numeric,true,same_frozen_numeric_contract,minimize,log10(uM),2.915548413288972,2.497367731151588,-0.41818068213738435,0.41818068213738435,true,485edd882cbf84f03fc11ecad9b7e352d640fc43b891b67663a4955fc452d20f
fgf2,973d93bf9a0c2bca6aa612d916e2cbbaa52b75fb026c78431165a2276acbe5a5,masked_substitution,c546343203c752a5d194526bacf60c5e19428503b95e822f98df6f8728539f21,primary_parent,fef9246bf522c2c2d9e06f76c1f0b40a34eea229868bdcf78b51c159154681ae,guruprasad_instability_index,numeric,true,same_frozen_numeric_contract,minimize,index,22.327273,17.172727272727272,-5.15454572727273,5.15454572727273,true,2d0aa722e82650985f985bd073a892f7ef1377b2af16555053d22c50817b7cf2
fgf2,973d93bf9a0c2bca6aa612d916e2cbbaa52b75fb026c78431165a2276acbe5a5,masked_substitution,c546343203c752a5d194526bacf60c5e19428503b95e822f98df6f8728539f21,primary_parent,fef9246bf522c2c2d9e06f76c1f0b40a34eea229868bdcf78b51c159154681ae,hydrophobic_moment_eisenberg,numeric,false,audit_metric_has_no_monotonic_improvement_direction,audit,dimensionless,0.34127361170072296,0.4228703207266037,0.08159670902588073,,true,785309f91056f79fba07588cc6ec8d79ac7ebc741a7d1995a72470a989b26f16
fgf2,973d93bf9a0c2bca6aa612d916e2cbbaa52b75fb026c78431165a2276acbe5a5,masked_substitution,c546343203c752a5d194526bacf60c5e19428503b95e822f98df6f8728539f21,primary_parent,fef9246bf522c2c2d9e06f76c1f0b40a34eea229868bdcf78b51c159154681ae,hydrophobic_ratio_modlamp,numeric,false,audit_metric_has_no_monotonic_improvement_direction,audit,fraction,0.09090909090909091,0.13636363636363635,0.04545454545454544,,true,53a41de6b7534607022c53aacca0de2f38eb563060e98fc097f68e042bc85a0e
fgf2,973d93bf9a0c2bca6aa612d916e2cbbaa52b75fb026c78431165a2276acbe5a5,masked_substitution,c546343203c752a5d194526bacf60c5e19428503b95e822f98df6f8728539f21,primary_parent,fef9246bf522c2c2d9e06f76c1f0b40a34eea229868bdcf78b51c159154681ae,llamp_log10_mic_um,numeric,true,same_frozen_numeric_contract,minimize,log10(uM),1.6722277402877808,1.8818528652191162,0.20962512493133545,-0.20962512493133545,true,92b6ce71c86384e52299479fba05fb2706847771fd91e3b74436cf910fefb6bf
fgf2,973d93bf9a0c2bca6aa612d916e2cbbaa52b75fb026c78431165a2276acbe5a5,masked_substitution,c546343203c752a5d194526bacf60c5e19428503b95e822f98df6f8728539f21,primary_parent,fef9246bf522c2c2d9e06f76c1f0b40a34eea229868bdcf78b51c159154681ae,macrel_amp_probability,numeric,true,same_frozen_numeric_contract,maximize,probability,0.228,0.307,0.07899999999999999,0.07899999999999999,true,84bea3c503b0f7c716e89d1f4f92373da64d260d9d7b3816333a9056ade71d3e
fgf2,973d93bf9a0c2bca6aa612d916e2cbbaa52b75fb026c78431165a2276acbe5a5,masked_substitution,c546343203c752a5d194526bacf60c5e19428503b95e822f98df6f8728539f21,primary_parent,fef9246bf522c2c2d9e06f76c1f0b40a34eea229868bdcf78b51c159154681ae,macrel_hemolysis_label,categorical,true,same_frozen_label_contract,audit,label,low,low,,,false,fd01eaa3c53c6b53af617fb2486b3c1546c2ff72a56501c09cb31db8b9c6bc3b
fgf2,973d93bf9a0c2bca6aa612d916e2cbbaa52b75fb026c78431165a2276acbe5a5,masked_substitution,c546343203c752a5d194526bacf60c5e19428503b95e822f98df6f8728539f21,primary_parent,fef9246bf522c2c2d9e06f76c1f0b40a34eea229868bdcf78b51c159154681ae,macrel_hemolysis_probability,numeric,true,same_frozen_numeric_contract,minimize,probability,0.376,0.426,0.04999999999999999,-0.04999999999999999,true,589f138f14d7d935a13d37bce568a850de01537363fcac48495218d349d1e91f
fgf2,973d93bf9a0c2bca6aa612d916e2cbbaa52b75fb026c78431165a2276acbe5a5,masked_substitution,c546343203c752a5d194526bacf60c5e19428503b95e822f98df6f8728539f21,primary_parent,fef9246bf522c2c2d9e06f76c1f0b40a34eea229868bdcf78b51c159154681ae,maximum_hydrophobic_run,numeric,true,same_frozen_numeric_contract,minimize,residues,2.0,2.0,0.0,-0.0,false,617ac91daf09e9d612704b1e251fb3cdb23a39e6b08175da7ac4d8dff0387835
fgf2,973d93bf9a0c2bca6aa612d916e2cbbaa52b75fb026c78431165a2276acbe5a5,masked_substitution,c546343203c752a5d194526bacf60c5e19428503b95e822f98df6f8728539f21,primary_parent,fef9246bf522c2c2d9e06f76c1f0b40a34eea229868bdcf78b51c159154681ae,net_charge_ph7_4,numeric,false,audit_metric_has_no_monotonic_improvement_direction,audit,elementary_charge,7.026,7.026,0.0,,false,0a61b855f9886d2e90b48bd979cb9337f37a8844f1f40cef860e448583586f9e
fgf2,973d93bf9a0c2bca6aa612d916e2cbbaa52b75fb026c78431165a2276acbe5a5,masked_substitution,c546343203c752a5d194526bacf60c5e19428503b95e822f98df6f8728539f21,primary_parent,fef9246bf522c2c2d9e06f76c1f0b40a34eea229868bdcf78b51c159154681ae,toxinpred3_hybrid_score,numeric,true,same_frozen_numeric_contract,minimize,dimensionless,0.235,0.31,0.07500000000000001,-0.07500000000000001,true,78868242e5f81848f47aa3a1612bc333e3333fe8891f7c814c5d4f96e19f293a
fgf2,973d93bf9a0c2bca6aa612d916e2cbbaa52b75fb026c78431165a2276acbe5a5,masked_substitution,c546343203c752a5d194526bacf60c5e19428503b95e822f98df6f8728539f21,primary_parent,fef9246bf522c2c2d9e06f76c1f0b40a34eea229868bdcf78b51c159154681ae,toxinpred3_label,categorical,true,same_frozen_label_contract,audit,label,Non-Toxin,Non-Toxin,,,false,5fd6e6d0937e53eec6196cf300be97e76267504b7c28c5b5a12c6a13f4736a2c
fgf2,65c7b13beeeeea6a1d5c14635334387760f3d5a0807bb31c9c70d23d2faf6589,masked_substitution,1b8763cffa12281b1e99c4f6309e3ba4c46f4171e9ebc3c61ddacbd900bac05c,primary_parent,fef9246bf522c2c2d9e06f76c1f0b40a34eea229868bdcf78b51c159154681ae,amp_read_log10_mic_um,numeric,true,same_frozen_numeric_contract,minimize,log10(uM),2.915548413288972,2.704366264735665,-0.21118214855330697,0.21118214855330697,true,ab7ea0c9598e05349b391f6d9fe368d13715aebb475059f6fbc18b68b92819cd
fgf2,65c7b13beeeeea6a1d5c14635334387760f3d5a0807bb31c9c70d23d2faf6589,masked_substitution,1b8763cffa12281b1e99c4f6309e3ba4c46f4171e9ebc3c61ddacbd900bac05c,primary_parent,fef9246bf522c2c2d9e06f76c1f0b40a34eea229868bdcf78b51c159154681ae,guruprasad_instability_index,numeric,true,same_frozen_numeric_contract,minimize,index,22.327273,11.563636363636363,-10.763636636363639,10.763636636363639,true,df4bbd18904c05e10c0c90693311abf09de14b5facb6413c8674881f3b25c976
fgf2,65c7b13beeeeea6a1d5c14635334387760f3d5a0807bb31c9c70d23d2faf6589,masked_substitution,1b8763cffa12281b1e99c4f6309e3ba4c46f4171e9ebc3c61ddacbd900bac05c,primary_parent,fef9246bf522c2c2d9e06f76c1f0b40a34eea229868bdcf78b51c159154681ae,hydrophobic_moment_eisenberg,numeric,false,audit_metric_has_no_monotonic_improvement_direction,audit,dimensionless,0.34127361170072296,0.40651780787112074,0.06524419617039778,,true,34a1d54fc7c0e4a288598cf160774ea0948cb11474c4614cc6af8d2c5db8a63b
fgf2,65c7b13beeeeea6a1d5c14635334387760f3d5a0807bb31c9c70d23d2faf6589,masked_substitution,1b8763cffa12281b1e99c4f6309e3ba4c46f4171e9ebc3c61ddacbd900bac05c,primary_parent,fef9246bf522c2c2d9e06f76c1f0b40a34eea229868bdcf78b51c159154681ae,hydrophobic_ratio_modlamp,numeric,false,audit_metric_has_no_monotonic_improvement_direction,audit,fraction,0.09090909090909091,0.09090909090909091,0.0,,false,ef885cf8104120ac8ec7f1bc9b055428368301a6a35e583d6d7cfed99c688482
fgf2,65c7b13beeeeea6a1d5c14635334387760f3d5a0807bb31c9c70d23d2faf6589,masked_substitution,1b8763cffa12281b1e99c4f6309e3ba4c46f4171e9ebc3c61ddacbd900bac05c,primary_parent,fef9246bf522c2c2d9e06f76c1f0b40a34eea229868bdcf78b51c159154681ae,llamp_log10_mic_um,numeric,true,same_frozen_numeric_contract,minimize,log10(uM),1.6722277402877808,1.7721868753433228,0.09995913505554199,-0.09995913505554199,true,87624adaa73609f23125a1f35085adb25c8ee447bc1d23ba3c5518d277a65850
fgf2,65c7b13beeeeea6a1d5c14635334387760f3d5a0807bb31c9c70d23d2faf6589,masked_substitution,1b8763cffa12281b1e99c4f6309e3ba4c46f4171e9ebc3c61ddacbd900bac05c,primary_parent,fef9246bf522c2c2d9e06f76c1f0b40a34eea229868bdcf78b51c159154681ae,macrel_amp_probability,numeric,true,same_frozen_numeric_contract,maximize,probability,0.228,0.327,0.099,0.099,true,d569e407c66706c129389b70ec644d38e6a1647fcca4363a6ca8d7b60032932f
fgf2,65c7b13beeeeea6a1d5c14635334387760f3d5a0807bb31c9c70d23d2faf6589,masked_substitution,1b8763cffa12281b1e99c4f6309e3ba4c46f4171e9ebc3c61ddacbd900bac05c,primary_parent,fef9246bf522c2c2d9e06f76c1f0b40a34eea229868bdcf78b51c159154681ae,macrel_hemolysis_label,categorical,true,same_frozen_label_contract,audit,label,low,low,,,false,76a318e32f354b29e88d9c1fb635c74a48bf3bee2540a64804a0f15b51520435
fgf2,65c7b13beeeeea6a1d5c14635334387760f3d5a0807bb31c9c70d23d2faf6589,masked_substitution,1b8763cffa12281b1e99c4f6309e3ba4c46f4171e9ebc3c61ddacbd900bac05c,primary_parent,fef9246bf522c2c2d9e06f76c1f0b40a34eea229868bdcf78b51c159154681ae,macrel_hemolysis_probability,numeric,true,same_frozen_numeric_contract,minimize,probability,0.376,0.426,0.04999999999999999,-0.04999999999999999,true,1b30cd181518c468f93d68ddc0ef0bd7313029a8d39f834697c7028b59f3c717
fgf2,65c7b13beeeeea6a1d5c14635334387760f3d5a0807bb31c9c70d23d2faf6589,masked_substitution,1b8763cffa12281b1e99c4f6309e3ba4c46f4171e9ebc3c61ddacbd900bac05c,primary_parent,fef9246bf522c2c2d9e06f76c1f0b40a34eea229868bdcf78b51c159154681ae,maximum_hydrophobic_run,numeric,true,same_frozen_numeric_contract,minimize,residues,2.0,2.0,0.0,-0.0,false,f7dcd9caa8b3a9c83c93198ec278d83c241e2ba4540bcef97e24b960bafd89dd
fgf2,65c7b13beeeeea6a1d5c14635334387760f3d5a0807bb31c9c70d23d2faf6589,masked_substitution,1b8763cffa12281b1e99c4f6309e3ba4c46f4171e9ebc3c61ddacbd900bac05c,primary_parent,fef9246bf522c2c2d9e06f76c1f0b40a34eea229868bdcf78b51c159154681ae,net_charge_ph7_4,numeric,false,audit_metric_has_no_monotonic_improvement_direction,audit,elementary_charge,7.026,7.026,0.0,,false,b568fc620636fd740cf63da476034b8a6d09b34116e67bb57064162ed7e82d80
fgf2,65c7b13beeeeea6a1d5c14635334387760f3d5a0807bb31c9c70d23d2faf6589,masked_substitution,1b8763cffa12281b1e99c4f6309e3ba4c46f4171e9ebc3c61ddacbd900bac05c,primary_parent,fef9246bf522c2c2d9e06f76c1f0b40a34eea229868bdcf78b51c159154681ae,toxinpred3_hybrid_score,numeric,true,same_frozen_numeric_contract,minimize,dimensionless,0.235,0.31,0.07500000000000001,-0.07500000000000001,true,0342997a8986d711e1efb26b81cb62bd61a5ad4c1e372c6fc83a6714b51417e1
fgf2,65c7b13beeeeea6a1d5c14635334387760f3d5a0807bb31c9c70d23d2faf6589,masked_substitution,1b8763cffa12281b1e99c4f6309e3ba4c46f4171e9ebc3c61ddacbd900bac05c,primary_parent,fef9246bf522c2c2d9e06f76c1f0b40a34eea229868bdcf78b51c159154681ae,toxinpred3_label,categorical,true,same_frozen_label_contract,audit,label,Non-Toxin,Non-Toxin,,,false,ed031393dd7ad7492c592c8604325ccf50c1fa3974d3210465d4326671d6174b
fgf2,9615c3e301574ea92c6ae15051a63331125c06d4f1ef9673a11a8636dbef7a65,masked_substitution,32baee1f9a7d34c7f92c4dba5a159be059933198979df348af4939d98b0b8eb0,primary_parent,fef9246bf522c2c2d9e06f76c1f0b40a34eea229868bdcf78b51c159154681ae,amp_read_log10_mic_um,numeric,true,same_frozen_numeric_contract,minimize,log10(uM),2.915548413288972,2.522538836987312,-0.39300957630166033,0.39300957630166033,true,7b1e2c008192c6820f50dce1ea02e3588ef462ddc4a1d8a0fe5d39888beac797
fgf2,9615c3e301574ea92c6ae15051a63331125c06d4f1ef9673a11a8636dbef7a65,masked_substitution,32baee1f9a7d34c7f92c4dba5a159be059933198979df348af4939d98b0b8eb0,primary_parent,fef9246bf522c2c2d9e06f76c1f0b40a34eea229868bdcf78b51c159154681ae,guruprasad_instability_index,numeric,true,same_frozen_numeric_contract,minimize,index,22.327273,18.395454545454545,-3.931818454545457,3.931818454545457,true,e5255af7f859855094fe31bc3f87986acecf58bd429427c7894284e1003fbd4b
fgf2,9615c3e301574ea92c6ae15051a63331125c06d4f1ef9673a11a8636dbef7a65,masked_substitution,32baee1f9a7d34c7f92c4dba5a159be059933198979df348af4939d98b0b8eb0,primary_parent,fef9246bf522c2c2d9e06f76c1f0b40a34eea229868bdcf78b51c159154681ae,hydrophobic_moment_eisenberg,numeric,false,audit_metric_has_no_monotonic_improvement_direction,audit,dimensionless,0.34127361170072296,0.3836641689035308,0.04239055720280782,,true,0e1f443db7bb0e391d88afd5794198e6ff57b728b8e017bb602ae344052a8a36
fgf2,9615c3e301574ea92c6ae15051a63331125c06d4f1ef9673a11a8636dbef7a65,masked_substitution,32baee1f9a7d34c7f92c4dba5a159be059933198979df348af4939d98b0b8eb0,primary_parent,fef9246bf522c2c2d9e06f76c1f0b40a34eea229868bdcf78b51c159154681ae,hydrophobic_ratio_modlamp,numeric,false,audit_metric_has_no_monotonic_improvement_direction,audit,fraction,0.09090909090909091,0.09090909090909091,0.0,,false,9c8c9aa00bb599d6fac1dc3e4a2b2ae8eb24cdfd20bc856f9fce030268b80d2c
fgf2,9615c3e301574ea92c6ae15051a63331125c06d4f1ef9673a11a8636dbef7a65,masked_substitution,32baee1f9a7d34c7f92c4dba5a159be059933198979df348af4939d98b0b8eb0,primary_parent,fef9246bf522c2c2d9e06f76c1f0b40a34eea229868bdcf78b51c159154681ae,llamp_log10_mic_um,numeric,true,same_frozen_numeric_contract,minimize,log10(uM),1.6722277402877808,1.8216890096664429,0.1494612693786621,-0.1494612693786621,true,ef125fc593d66924f1936007a3a2b40e73cdf6c2d6edbd4dcb9d8b6f79f882f5
fgf2,9615c3e301574ea92c6ae15051a63331125c06d4f1ef9673a11a8636dbef7a65,masked_substitution,32baee1f9a7d34c7f92c4dba5a159be059933198979df348af4939d98b0b8eb0,primary_parent,fef9246bf522c2c2d9e06f76c1f0b40a34eea229868bdcf78b51c159154681ae,macrel_amp_probability,numeric,true,same_frozen_numeric_contract,maximize,probability,0.228,0.317,0.089,0.089,true,53fc6eae111f06a125b7526c698656a403f5db28518bd3f0c3f797ccbcab21c5
fgf2,9615c3e301574ea92c6ae15051a63331125c06d4f1ef9673a11a8636dbef7a65,masked_substitution,32baee1f9a7d34c7f92c4dba5a159be059933198979df348af4939d98b0b8eb0,primary_parent,fef9246bf522c2c2d9e06f76c1f0b40a34eea229868bdcf78b51c159154681ae,macrel_hemolysis_label,categorical,true,same_frozen_label_contract,audit,label,low,low,,,false,103b45849867dadc5d0f0475390686db87289e565bfdf507a823525ca0a86a3e
fgf2,9615c3e301574ea92c6ae15051a63331125c06d4f1ef9673a11a8636dbef7a65,masked_substitution,32baee1f9a7d34c7f92c4dba5a159be059933198979df348af4939d98b0b8eb0,primary_parent,fef9246bf522c2c2d9e06f76c1f0b40a34eea229868bdcf78b51c159154681ae,macrel_hemolysis_probability,numeric,true,same_frozen_numeric_contract,minimize,probability,0.376,0.366,-0.010000000000000009,0.010000000000000009,true,3a83319fc4dbba2f9ed653ca0b7746a0e2a0da07f2efe4c9a9f687942c312cb8
fgf2,9615c3e301574ea92c6ae15051a63331125c06d4f1ef9673a11a8636dbef7a65,masked_substitution,32baee1f9a7d34c7f92c4dba5a159be059933198979df348af4939d98b0b8eb0,primary_parent,fef9246bf522c2c2d9e06f76c1f0b40a34eea229868bdcf78b51c159154681ae,maximum_hydrophobic_run,numeric,true,same_frozen_numeric_contract,minimize,residues,2.0,2.0,0.0,-0.0,false,cd8accb347be6108beea6834db431a195ff88f98f84e57b6a4472c0034a62b25
fgf2,9615c3e301574ea92c6ae15051a63331125c06d4f1ef9673a11a8636dbef7a65,masked_substitution,32baee1f9a7d34c7f92c4dba5a159be059933198979df348af4939d98b0b8eb0,primary_parent,fef9246bf522c2c2d9e06f76c1f0b40a34eea229868bdcf78b51c159154681ae,net_charge_ph7_4,numeric,false,audit_metric_has_no_monotonic_improvement_direction,audit,elementary_charge,7.026,7.024,-0.0019999999999997797,,true,da6cd5b71b7c855488b475aa3bc88fbb5ccd54ec298549fb10429a199bfb6153
fgf2,9615c3e301574ea92c6ae15051a63331125c06d4f1ef9673a11a8636dbef7a65,masked_substitution,32baee1f9a7d34c7f92c4dba5a159be059933198979df348af4939d98b0b8eb0,primary_parent,fef9246bf522c2c2d9e06f76c1f0b40a34eea229868bdcf78b51c159154681ae,toxinpred3_hybrid_score,numeric,true,same_frozen_numeric_contract,minimize,dimensionless,0.235,0.24,0.0050000000000000044,-0.0050000000000000044,true,f5da2ed82d778dba6de0b691d40592e430ffcab90bc5d39192637b16a2d53900
fgf2,9615c3e301574ea92c6ae15051a63331125c06d4f1ef9673a11a8636dbef7a65,masked_substitution,32baee1f9a7d34c7f92c4dba5a159be059933198979df348af4939d98b0b8eb0,primary_parent,fef9246bf522c2c2d9e06f76c1f0b40a34eea229868bdcf78b51c159154681ae,toxinpred3_label,categorical,true,same_frozen_label_contract,audit,label,Non-Toxin,Non-Toxin,,,false,0646fff755692df76332fbfd1c5881e067d81595d78d0ce97420d8330308b766
fgf2,a3bdbad332d99562b8895e6099877746cac883c1138cd30ba080809d680a1da0,masked_substitution,9a9d6714b7593f1e793a91a805ff223e25b8b59a083767841c74d857b85157c8,primary_parent,fef9246bf522c2c2d9e06f76c1f0b40a34eea229868bdcf78b51c159154681ae,amp_read_log10_mic_um,numeric,true,same_frozen_numeric_contract,minimize,log10(uM),2.915548413288972,2.7820140054678295,-0.13353440782114268,0.13353440782114268,true,89803c1d4d2ce37e7518902a80a1a605142b26dd8e35efaaa81b2a71cdbfee96
fgf2,a3bdbad332d99562b8895e6099877746cac883c1138cd30ba080809d680a1da0,masked_substitution,9a9d6714b7593f1e793a91a805ff223e25b8b59a083767841c74d857b85157c8,primary_parent,fef9246bf522c2c2d9e06f76c1f0b40a34eea229868bdcf78b51c159154681ae,guruprasad_instability_index,numeric,true,same_frozen_numeric_contract,minimize,index,22.327273,20.79090909090909,-1.5363639090909125,1.5363639090909125,true,2f64e02dd46b937cd215bbb5fba36727523b9657569073ee346859f07b5af6fd
fgf2,a3bdbad332d99562b8895e6099877746cac883c1138cd30ba080809d680a1da0,masked_substitution,9a9d6714b7593f1e793a91a805ff223e25b8b59a083767841c74d857b85157c8,primary_parent,fef9246bf522c2c2d9e06f76c1f0b40a34eea229868bdcf78b51c159154681ae,hydrophobic_moment_eisenberg,numeric,false,audit_metric_has_no_monotonic_improvement_direction,audit,dimensionless,0.34127361170072296,0.28014794993623376,-0.06112566176448919,,true,47d47f165cb1bdfd36e830e2d38c06e96eb0757ee7e36f58de829364b854357c
fgf2,a3bdbad332d99562b8895e6099877746cac883c1138cd30ba080809d680a1da0,masked_substitution,9a9d6714b7593f1e793a91a805ff223e25b8b59a083767841c74d857b85157c8,primary_parent,fef9246bf522c2c2d9e06f76c1f0b40a34eea229868bdcf78b51c159154681ae,hydrophobic_ratio_modlamp,numeric,false,audit_metric_has_no_monotonic_improvement_direction,audit,fraction,0.09090909090909091,0.13636363636363635,0.04545454545454544,,true,d88a3e695d07fe69b93a6c5fda0bf1e62da9e7d0ad471d2affd812e7b6fae3fc
fgf2,a3bdbad332d99562b8895e6099877746cac883c1138cd30ba080809d680a1da0,masked_substitution,9a9d6714b7593f1e793a91a805ff223e25b8b59a083767841c74d857b85157c8,primary_parent,fef9246bf522c2c2d9e06f76c1f0b40a34eea229868bdcf78b51c159154681ae,llamp_log10_mic_um,numeric,true,same_frozen_numeric_contract,minimize,log10(uM),1.6722277402877808,1.5396422147750854,-0.1325855255126953,0.1325855255126953,true,eb6516d26da3f995006876c6ccb2909795a609bde6eaf84ca43a66731d0a9e29
fgf2,a3bdbad332d99562b8895e6099877746cac883c1138cd30ba080809d680a1da0,masked_substitution,9a9d6714b7593f1e793a91a805ff223e25b8b59a083767841c74d857b85157c8,primary_parent,fef9246bf522c2c2d9e06f76c1f0b40a34eea229868bdcf78b51c159154681ae,macrel_amp_probability,numeric,true,same_frozen_numeric_contract,maximize,probability,0.228,0.228,0.0,0.0,false,f0fa916553d18eb30e04b6132dec06c5e1624f304499ecc06d9236303de80b07
fgf2,a3bdbad332d99562b8895e6099877746cac883c1138cd30ba080809d680a1da0,masked_substitution,9a9d6714b7593f1e793a91a805ff223e25b8b59a083767841c74d857b85157c8,primary_parent,fef9246bf522c2c2d9e06f76c1f0b40a34eea229868bdcf78b51c159154681ae,macrel_hemolysis_label,categorical,true,same_frozen_label_contract,audit,label,low,low,,,false,3c2d1511c477142131d58066ac9e7dd311cd499ef9234f42c28dea1ba8163f08
fgf2,a3bdbad332d99562b8895e6099877746cac883c1138cd30ba080809d680a1da0,masked_substitution,9a9d6714b7593f1e793a91a805ff223e25b8b59a083767841c74d857b85157c8,primary_parent,fef9246bf522c2c2d9e06f76c1f0b40a34eea229868bdcf78b51c159154681ae,macrel_hemolysis_probability,numeric,true,same_frozen_numeric_contract,minimize,probability,0.376,0.347,-0.029000000000000026,0.029000000000000026,true,022b1628e6db32e4272351c424cefc5480b4f248903f9da3e64a6fbb86fb35fa
fgf2,a3bdbad332d99562b8895e6099877746cac883c1138cd30ba080809d680a1da0,masked_substitution,9a9d6714b7593f1e793a91a805ff223e25b8b59a083767841c74d857b85157c8,primary_parent,fef9246bf522c2c2d9e06f76c1f0b40a34eea229868bdcf78b51c159154681ae,maximum_hydrophobic_run,numeric,true,same_frozen_numeric_contract,minimize,residues,2.0,2.0,0.0,-0.0,false,4e312217be86bce880f98b182d70dd9abb7e345a3631cc2cec0ddfc1bae6317e
fgf2,a3bdbad332d99562b8895e6099877746cac883c1138cd30ba080809d680a1da0,masked_substitution,9a9d6714b7593f1e793a91a805ff223e25b8b59a083767841c74d857b85157c8,primary_parent,fef9246bf522c2c2d9e06f76c1f0b40a34eea229868bdcf78b51c159154681ae,net_charge_ph7_4,numeric,false,audit_metric_has_no_monotonic_improvement_direction,audit,elementary_charge,7.026,6.027,-0.9989999999999997,,true,f15fe3e3b54448904f913a5cdb53575d126cb49475cda0d103101a7199c267f0
fgf2,a3bdbad332d99562b8895e6099877746cac883c1138cd30ba080809d680a1da0,masked_substitution,9a9d6714b7593f1e793a91a805ff223e25b8b59a083767841c74d857b85157c8,primary_parent,fef9246bf522c2c2d9e06f76c1f0b40a34eea229868bdcf78b51c159154681ae,toxinpred3_hybrid_score,numeric,true,same_frozen_numeric_contract,minimize,dimensionless,0.235,0.25,0.015000000000000013,-0.015000000000000013,true,9ea4d6d2aa6278a631dd6e15d34e28e555032f178b450c2133875306a4a3e057
fgf2,a3bdbad332d99562b8895e6099877746cac883c1138cd30ba080809d680a1da0,masked_substitution,9a9d6714b7593f1e793a91a805ff223e25b8b59a083767841c74d857b85157c8,primary_parent,fef9246bf522c2c2d9e06f76c1f0b40a34eea229868bdcf78b51c159154681ae,toxinpred3_label,categorical,true,same_frozen_label_contract,audit,label,Non-Toxin,Non-Toxin,,,false,6a4e1e8aebf3c82a6d3fcbdc064ff3c57f24480db469fca74bc36353fce44f90
fgf2,96f678a8490a3736fe6bdc7b4968884a87adb67de97e62c746e201a7a6e2420a,masked_substitution,b9bd26cd73894ec65b9532acd2568c39ace9f54a0d3c2439b145d3acce366eb8,primary_parent,fef9246bf522c2c2d9e06f76c1f0b40a34eea229868bdcf78b51c159154681ae,amp_read_log10_mic_um,numeric,true,same_frozen_numeric_contract,minimize,log10(uM),2.915548413288972,2.8366568850957465,-0.07889152819322565,0.07889152819322565,true,8514b233427a25449350bf8e64693e7cddc7d2132823cf476bc49f8429b9235d
fgf2,96f678a8490a3736fe6bdc7b4968884a87adb67de97e62c746e201a7a6e2420a,masked_substitution,b9bd26cd73894ec65b9532acd2568c39ace9f54a0d3c2439b145d3acce366eb8,primary_parent,fef9246bf522c2c2d9e06f76c1f0b40a34eea229868bdcf78b51c159154681ae,guruprasad_instability_index,numeric,true,same_frozen_numeric_contract,minimize,index,22.327273,15.636363636363635,-6.690909363636367,6.690909363636367,true,3781970e508aeecc8438aaa89ce8830a0421b02bc7508aad6495560c9b4a78a8
fgf2,96f678a8490a3736fe6bdc7b4968884a87adb67de97e62c746e201a7a6e2420a,masked_substitution,b9bd26cd73894ec65b9532acd2568c39ace9f54a0d3c2439b145d3acce366eb8,primary_parent,fef9246bf522c2c2d9e06f76c1f0b40a34eea229868bdcf78b51c159154681ae,hydrophobic_moment_eisenberg,numeric,false,audit_metric_has_no_monotonic_improvement_direction,audit,dimensionless,0.34127361170072296,0.2842547556469932,-0.05701885605372975,,true,bbd1e4373fccf2c135c5be6ae4b2a548a1dc5faef49eef910740f9e004891b49
fgf2,96f678a8490a3736fe6bdc7b4968884a87adb67de97e62c746e201a7a6e2420a,masked_substitution,b9bd26cd73894ec65b9532acd2568c39ace9f54a0d3c2439b145d3acce366eb8,primary_parent,fef9246bf522c2c2d9e06f76c1f0b40a34eea229868bdcf78b51c159154681ae,hydrophobic_ratio_modlamp,numeric,false,audit_metric_has_no_monotonic_improvement_direction,audit,fraction,0.09090909090909091,0.13636363636363635,0.04545454545454544,,true,a648ba507757f82827dc755b96ee12a3a43b2fc791cdc40db0569e24528190d9
fgf2,96f678a8490a3736fe6bdc7b4968884a87adb67de97e62c746e201a7a6e2420a,masked_substitution,b9bd26cd73894ec65b9532acd2568c39ace9f54a0d3c2439b145d3acce366eb8,primary_parent,fef9246bf522c2c2d9e06f76c1f0b40a34eea229868bdcf78b51c159154681ae,llamp_log10_mic_um,numeric,true,same_frozen_numeric_contract,minimize,log10(uM),1.6722277402877808,1.4458340406417847,-0.2263936996459961,0.2263936996459961,true,bc40999b7afdaf93848d19379b4d801cb7b77ba4301652982669b6a425652038
fgf2,96f678a8490a3736fe6bdc7b4968884a87adb67de97e62c746e201a7a6e2420a,masked_substitution,b9bd26cd73894ec65b9532acd2568c39ace9f54a0d3c2439b145d3acce366eb8,primary_parent,fef9246bf522c2c2d9e06f76c1f0b40a34eea229868bdcf78b51c159154681ae,macrel_amp_probability,numeric,true,same_frozen_numeric_contract,maximize,probability,0.228,0.228,0.0,0.0,false,0429c3f70db05559db0ce134d1e1e7fe34cfaba6593ea472694e5692c0bb9f9e
fgf2,96f678a8490a3736fe6bdc7b4968884a87adb67de97e62c746e201a7a6e2420a,masked_substitution,b9bd26cd73894ec65b9532acd2568c39ace9f54a0d3c2439b145d3acce366eb8,primary_parent,fef9246bf522c2c2d9e06f76c1f0b40a34eea229868bdcf78b51c159154681ae,macrel_hemolysis_label,categorical,true,same_frozen_label_contract,audit,label,low,low,,,false,9b13b60c19c26ff3e3beea8da67a9f8ea91bfdda1aad7de619f0402f118bb67f
fgf2,96f678a8490a3736fe6bdc7b4968884a87adb67de97e62c746e201a7a6e2420a,masked_substitution,b9bd26cd73894ec65b9532acd2568c39ace9f54a0d3c2439b145d3acce366eb8,primary_parent,fef9246bf522c2c2d9e06f76c1f0b40a34eea229868bdcf78b51c159154681ae,macrel_hemolysis_probability,numeric,true,same_frozen_numeric_contract,minimize,probability,0.376,0.356,-0.020000000000000018,0.020000000000000018,true,b839a7aabf4a8d4912153d18808f8693d4e9f701bfe8d0c11621e0ca5907f509
fgf2,96f678a8490a3736fe6bdc7b4968884a87adb67de97e62c746e201a7a6e2420a,masked_substitution,b9bd26cd73894ec65b9532acd2568c39ace9f54a0d3c2439b145d3acce366eb8,primary_parent,fef9246bf522c2c2d9e06f76c1f0b40a34eea229868bdcf78b51c159154681ae,maximum_hydrophobic_run,numeric,true,same_frozen_numeric_contract,minimize,residues,2.0,2.0,0.0,-0.0,false,fff4ff7c28c5a1188b434114cb04dbb9a7fb01f6959605cca0e4e5df50f773c2
fgf2,96f678a8490a3736fe6bdc7b4968884a87adb67de97e62c746e201a7a6e2420a,masked_substitution,b9bd26cd73894ec65b9532acd2568c39ace9f54a0d3c2439b145d3acce366eb8,primary_parent,fef9246bf522c2c2d9e06f76c1f0b40a34eea229868bdcf78b51c159154681ae,net_charge_ph7_4,numeric,false,audit_metric_has_no_monotonic_improvement_direction,audit,elementary_charge,7.026,6.027,-0.9989999999999997,,true,f9913780081407f53311425b41c1629efa5aac7ca4e2107b178d997f8c81e7e3
fgf2,96f678a8490a3736fe6bdc7b4968884a87adb67de97e62c746e201a7a6e2420a,masked_substitution,b9bd26cd73894ec65b9532acd2568c39ace9f54a0d3c2439b145d3acce366eb8,primary_parent,fef9246bf522c2c2d9e06f76c1f0b40a34eea229868bdcf78b51c159154681ae,toxinpred3_hybrid_score,numeric,true,same_frozen_numeric_contract,minimize,dimensionless,0.235,0.245,0.010000000000000009,-0.010000000000000009,true,29d9d80447a0d47603ea3ee312c1fdb8e03e39b9867df4163e872f0a57f10c84
fgf2,96f678a8490a3736fe6bdc7b4968884a87adb67de97e62c746e201a7a6e2420a,masked_substitution,b9bd26cd73894ec65b9532acd2568c39ace9f54a0d3c2439b145d3acce366eb8,primary_parent,fef9246bf522c2c2d9e06f76c1f0b40a34eea229868bdcf78b51c159154681ae,toxinpred3_label,categorical,true,same_frozen_label_contract,audit,label,Non-Toxin,Non-Toxin,,,false,8058521c9d7c4afe9a3f2898961c2ae05fc5f160d7541ea76d9b719753b958ac
fgf2,44f832f50e7dc458f744267abbfd19cdcfe43cae8eb7a6b98b589659f3731c48,masked_substitution,ff2638b968d6cc028cf4fa4f2784f28f0115fd41e68b5ec7ac94b11d28b6305d,primary_parent,fef9246bf522c2c2d9e06f76c1f0b40a34eea229868bdcf78b51c159154681ae,amp_read_log10_mic_um,numeric,true,same_frozen_numeric_contract,minimize,log10(uM),2.915548413288972,2.883814451731441,-0.03173396155753139,0.03173396155753139,true,9b5e39fa5938f475fce56cd3f0881436ba5874b13affb60971b7a544fd82de75
fgf2,44f832f50e7dc458f744267abbfd19cdcfe43cae8eb7a6b98b589659f3731c48,masked_substitution,ff2638b968d6cc028cf4fa4f2784f28f0115fd41e68b5ec7ac94b11d28b6305d,primary_parent,fef9246bf522c2c2d9e06f76c1f0b40a34eea229868bdcf78b51c159154681ae,guruprasad_instability_index,numeric,true,same_frozen_numeric_contract,minimize,index,22.327273,0.8181818181818165,-21.509091181818185,21.509091181818185,true,d5b02699f1ce8f0a51fb62389cd82bc5ea672d38940d3a47afebe2eec0edff17
fgf2,44f832f50e7dc458f744267abbfd19cdcfe43cae8eb7a6b98b589659f3731c48,masked_substitution,ff2638b968d6cc028cf4fa4f2784f28f0115fd41e68b5ec7ac94b11d28b6305d,primary_parent,fef9246bf522c2c2d9e06f76c1f0b40a34eea229868bdcf78b51c159154681ae,hydrophobic_moment_eisenberg,numeric,false,audit_metric_has_no_monotonic_improvement_direction,audit,dimensionless,0.34127361170072296,0.2842547556469932,-0.05701885605372975,,true,c06f4151e2e0eb17466035469a2872c69d66a75e71dc0070b836e10b7731b08e
fgf2,44f832f50e7dc458f744267abbfd19cdcfe43cae8eb7a6b98b589659f3731c48,masked_substitution,ff2638b968d6cc028cf4fa4f2784f28f0115fd41e68b5ec7ac94b11d28b6305d,primary_parent,fef9246bf522c2c2d9e06f76c1f0b40a34eea229868bdcf78b51c159154681ae,hydrophobic_ratio_modlamp,numeric,false,audit_metric_has_no_monotonic_improvement_direction,audit,fraction,0.09090909090909091,0.13636363636363635,0.04545454545454544,,true,f658912726aa794da834775a992630dea4dacd2e0c1cc00b79881b69959083c4
fgf2,44f832f50e7dc458f744267abbfd19cdcfe43cae8eb7a6b98b589659f3731c48,masked_substitution,ff2638b968d6cc028cf4fa4f2784f28f0115fd41e68b5ec7ac94b11d28b6305d,primary_parent,fef9246bf522c2c2d9e06f76c1f0b40a34eea229868bdcf78b51c159154681ae,llamp_log10_mic_um,numeric,true,same_frozen_numeric_contract,minimize,log10(uM),1.6722277402877808,1.5344187021255493,-0.13780903816223145,0.13780903816223145,true,f8ddd75f0ec82695e37a676a8a62a5a616594fe46dff32c33896893402b16f57
fgf2,44f832f50e7dc458f744267abbfd19cdcfe43cae8eb7a6b98b589659f3731c48,masked_substitution,ff2638b968d6cc028cf4fa4f2784f28f0115fd41e68b5ec7ac94b11d28b6305d,primary_parent,fef9246bf522c2c2d9e06f76c1f0b40a34eea229868bdcf78b51c159154681ae,macrel_amp_probability,numeric,true,same_frozen_numeric_contract,maximize,probability,0.228,0.317,0.089,0.089,true,0f4083cd589491772442d53abdb51779d1c797f98f37166e033b9d248644db6d
fgf2,44f832f50e7dc458f744267abbfd19cdcfe43cae8eb7a6b98b589659f3731c48,masked_substitution,ff2638b968d6cc028cf4fa4f2784f28f0115fd41e68b5ec7ac94b11d28b6305d,primary_parent,fef9246bf522c2c2d9e06f76c1f0b40a34eea229868bdcf78b51c159154681ae,macrel_hemolysis_label,categorical,true,same_frozen_label_contract,audit,label,low,low,,,false,e548ed9c5a209625b2f95cf81074214ae89cdb90c3c35c6ef9a2d064a23e21e1
fgf2,44f832f50e7dc458f744267abbfd19cdcfe43cae8eb7a6b98b589659f3731c48,masked_substitution,ff2638b968d6cc028cf4fa4f2784f28f0115fd41e68b5ec7ac94b11d28b6305d,primary_parent,fef9246bf522c2c2d9e06f76c1f0b40a34eea229868bdcf78b51c159154681ae,macrel_hemolysis_probability,numeric,true,same_frozen_numeric_contract,minimize,probability,0.376,0.337,-0.03899999999999998,0.03899999999999998,true,8f2f353473017a133b9aea4f64b31d5d73078e5c40f17d08f557af39eb103c19
fgf2,44f832f50e7dc458f744267abbfd19cdcfe43cae8eb7a6b98b589659f3731c48,masked_substitution,ff2638b968d6cc028cf4fa4f2784f28f0115fd41e68b5ec7ac94b11d28b6305d,primary_parent,fef9246bf522c2c2d9e06f76c1f0b40a34eea229868bdcf78b51c159154681ae,maximum_hydrophobic_run,numeric,true,same_frozen_numeric_contract,minimize,residues,2.0,2.0,0.0,-0.0,false,b85e35c61ba54f80bc0a4d7fb2409f3350c1b49956822685fc1eb140fda8898b
fgf2,44f832f50e7dc458f744267abbfd19cdcfe43cae8eb7a6b98b589659f3731c48,masked_substitution,ff2638b968d6cc028cf4fa4f2784f28f0115fd41e68b5ec7ac94b11d28b6305d,primary_parent,fef9246bf522c2c2d9e06f76c1f0b40a34eea229868bdcf78b51c159154681ae,net_charge_ph7_4,numeric,false,audit_metric_has_no_monotonic_improvement_direction,audit,elementary_charge,7.026,6.027,-0.9989999999999997,,true,779255f5af3423dda4a46df057ad540e4b04c833553a05d1c03c78f322bb4f78
fgf2,44f832f50e7dc458f744267abbfd19cdcfe43cae8eb7a6b98b589659f3731c48,masked_substitution,ff2638b968d6cc028cf4fa4f2784f28f0115fd41e68b5ec7ac94b11d28b6305d,primary_parent,fef9246bf522c2c2d9e06f76c1f0b40a34eea229868bdcf78b51c159154681ae,toxinpred3_hybrid_score,numeric,true,same_frozen_numeric_contract,minimize,dimensionless,0.235,0.235,0.0,-0.0,false,a1434a5ec8b0c6aab9b576f44ab5d6738e85b92caaa0583155173810a74e7d8f
fgf2,44f832f50e7dc458f744267abbfd19cdcfe43cae8eb7a6b98b589659f3731c48,masked_substitution,ff2638b968d6cc028cf4fa4f2784f28f0115fd41e68b5ec7ac94b11d28b6305d,primary_parent,fef9246bf522c2c2d9e06f76c1f0b40a34eea229868bdcf78b51c159154681ae,toxinpred3_label,categorical,true,same_frozen_label_contract,audit,label,Non-Toxin,Non-Toxin,,,false,30f168aac25d1b73d491601eb9be708dc56135aa50e63f785fcb14963ee43e35
fgf2,b83ff8be53c387833feb5bdd049414affe3de16c5ce5004777574fcc428435f6,masked_substitution,c11958365dbc65b61ae7f10108ab26dcf497d3d80c9750affa31ff548ff46f5c,primary_parent,fef9246bf522c2c2d9e06f76c1f0b40a34eea229868bdcf78b51c159154681ae,amp_read_log10_mic_um,numeric,true,same_frozen_numeric_contract,minimize,log10(uM),2.915548413288972,2.853436938108864,-0.0621114751801084,0.0621114751801084,true,0c8ba79c65465e1f9a2232f376f609e0b20855b103bec41f21baff95f55b3ee2
fgf2,b83ff8be53c387833feb5bdd049414affe3de16c5ce5004777574fcc428435f6,masked_substitution,c11958365dbc65b61ae7f10108ab26dcf497d3d80c9750affa31ff548ff46f5c,primary_parent,fef9246bf522c2c2d9e06f76c1f0b40a34eea229868bdcf78b51c159154681ae,guruprasad_instability_index,numeric,true,same_frozen_numeric_contract,minimize,index,22.327273,-6.0136363636363654,-28.340909363636367,28.340909363636367,true,16d9cccc35352524f5676684020b84768e348e20910879ddf539e44f0e99d251
fgf2,b83ff8be53c387833feb5bdd049414affe3de16c5ce5004777574fcc428435f6,masked_substitution,c11958365dbc65b61ae7f10108ab26dcf497d3d80c9750affa31ff548ff46f5c,primary_parent,fef9246bf522c2c2d9e06f76c1f0b40a34eea229868bdcf78b51c159154681ae,hydrophobic_moment_eisenberg,numeric,false,audit_metric_has_no_monotonic_improvement_direction,audit,dimensionless,0.34127361170072296,0.28281940004603023,-0.05845421165469272,,true,7477f6abb90a4fd34a5f05f4f81cac6ccd08caa3a1913a07f86ad25facf1bdb9
fgf2,b83ff8be53c387833feb5bdd049414affe3de16c5ce5004777574fcc428435f6,masked_substitution,c11958365dbc65b61ae7f10108ab26dcf497d3d80c9750affa31ff548ff46f5c,primary_parent,fef9246bf522c2c2d9e06f76c1f0b40a34eea229868bdcf78b51c159154681ae,hydrophobic_ratio_modlamp,numeric,false,audit_metric_has_no_monotonic_improvement_direction,audit,fraction,0.09090909090909091,0.13636363636363635,0.04545454545454544,,true,24bc3591a7d4fd7ed7b2a35ac25ebda3c4b0957109414050e1d750da062117d1
fgf2,b83ff8be53c387833feb5bdd049414affe3de16c5ce5004777574fcc428435f6,masked_substitution,c11958365dbc65b61ae7f10108ab26dcf497d3d80c9750affa31ff548ff46f5c,primary_parent,fef9246bf522c2c2d9e06f76c1f0b40a34eea229868bdcf78b51c159154681ae,llamp_log10_mic_um,numeric,true,same_frozen_numeric_contract,minimize,log10(uM),1.6722277402877808,1.7284221649169922,0.056194424629211426,-0.056194424629211426,true,870a28c074a664499ccf71b570ad4bf3181b5297d6c1734bbcd67c41adbd5dd1
fgf2,b83ff8be53c387833feb5bdd049414affe3de16c5ce5004777574fcc428435f6,masked_substitution,c11958365dbc65b61ae7f10108ab26dcf497d3d80c9750affa31ff548ff46f5c,primary_parent,fef9246bf522c2c2d9e06f76c1f0b40a34eea229868bdcf78b51c159154681ae,macrel_amp_probability,numeric,true,same_frozen_numeric_contract,maximize,probability,0.228,0.366,0.13799999999999998,0.13799999999999998,true,6c50abe4aecf69161a258941a80312c1a07903dee5eed070552cf76b1af106e3
fgf2,b83ff8be53c387833feb5bdd049414affe3de16c5ce5004777574fcc428435f6,masked_substitution,c11958365dbc65b61ae7f10108ab26dcf497d3d80c9750affa31ff548ff46f5c,primary_parent,fef9246bf522c2c2d9e06f76c1f0b40a34eea229868bdcf78b51c159154681ae,macrel_hemolysis_label,categorical,true,same_frozen_label_contract,audit,label,low,low,,,false,c8c2dfea142d8122bdfe582a52eaa6af510055083dc4ceee2d602f4b9e576c4e
fgf2,b83ff8be53c387833feb5bdd049414affe3de16c5ce5004777574fcc428435f6,masked_substitution,c11958365dbc65b61ae7f10108ab26dcf497d3d80c9750affa31ff548ff46f5c,primary_parent,fef9246bf522c2c2d9e06f76c1f0b40a34eea229868bdcf78b51c159154681ae,macrel_hemolysis_probability,numeric,true,same_frozen_numeric_contract,minimize,probability,0.376,0.406,0.030000000000000027,-0.030000000000000027,true,a6c427b2249f4f5f6602110d5c4738e2911964cf2b6d79e40302cb5cd513b866
fgf2,b83ff8be53c387833feb5bdd049414affe3de16c5ce5004777574fcc428435f6,masked_substitution,c11958365dbc65b61ae7f10108ab26dcf497d3d80c9750affa31ff548ff46f5c,primary_parent,fef9246bf522c2c2d9e06f76c1f0b40a34eea229868bdcf78b51c159154681ae,maximum_hydrophobic_run,numeric,true,same_frozen_numeric_contract,minimize,residues,2.0,2.0,0.0,-0.0,false,0bc404d19bf3b8c84c0cf67f9f135411f5b7b6fbf5f09bf41f155725358c5132
fgf2,b83ff8be53c387833feb5bdd049414affe3de16c5ce5004777574fcc428435f6,masked_substitution,c11958365dbc65b61ae7f10108ab26dcf497d3d80c9750affa31ff548ff46f5c,primary_parent,fef9246bf522c2c2d9e06f76c1f0b40a34eea229868bdcf78b51c159154681ae,net_charge_ph7_4,numeric,false,audit_metric_has_no_monotonic_improvement_direction,audit,elementary_charge,7.026,6.027,-0.9989999999999997,,true,576291a483085a86d0a8f3e8b7e3b2315ba6f735f6ae6891a44ae47a0bda6cae
fgf2,b83ff8be53c387833feb5bdd049414affe3de16c5ce5004777574fcc428435f6,masked_substitution,c11958365dbc65b61ae7f10108ab26dcf497d3d80c9750affa31ff548ff46f5c,primary_parent,fef9246bf522c2c2d9e06f76c1f0b40a34eea229868bdcf78b51c159154681ae,toxinpred3_hybrid_score,numeric,true,same_frozen_numeric_contract,minimize,dimensionless,0.235,0.25,0.015000000000000013,-0.015000000000000013,true,8e82b182a2e2448a2488e5a07449163a8f5075dc9eab72e306f9e185f835267f
fgf2,b83ff8be53c387833feb5bdd049414affe3de16c5ce5004777574fcc428435f6,masked_substitution,c11958365dbc65b61ae7f10108ab26dcf497d3d80c9750affa31ff548ff46f5c,primary_parent,fef9246bf522c2c2d9e06f76c1f0b40a34eea229868bdcf78b51c159154681ae,toxinpred3_label,categorical,true,same_frozen_label_contract,audit,label,Non-Toxin,Non-Toxin,,,false,9e4ffb1d1856bd4d4ee75e5784023353364c966d404e9ba73e2f8a785add7039
fgf2,8155f1f4b680fc149001276a5375cedfdf1ea2959bf793899cfc357f568ef4df,masked_substitution,69f27f3f230b12448b5e81ee1cb6f7f8a87c2ebfb1afb4ee0bab786c10c7bf8a,primary_parent,fef9246bf522c2c2d9e06f76c1f0b40a34eea229868bdcf78b51c159154681ae,amp_read_log10_mic_um,numeric,true,same_frozen_numeric_contract,minimize,log10(uM),2.915548413288972,2.865709761228206,-0.0498386520607661,0.0498386520607661,true,04b4367c15df4f9cbffaf79c190acbd960af203285af2c6ccf9beaea9321a9e0
fgf2,8155f1f4b680fc149001276a5375cedfdf1ea2959bf793899cfc357f568ef4df,masked_substitution,69f27f3f230b12448b5e81ee1cb6f7f8a87c2ebfb1afb4ee0bab786c10c7bf8a,primary_parent,fef9246bf522c2c2d9e06f76c1f0b40a34eea229868bdcf78b51c159154681ae,guruprasad_instability_index,numeric,true,same_frozen_numeric_contract,minimize,index,22.327273,-3.8954545454545455,-26.222727545454546,26.222727545454546,true,97e1178317f2688bd670934067bc1fb98fa048872ee49f19a4a50bcf6c3b2db8
fgf2,8155f1f4b680fc149001276a5375cedfdf1ea2959bf793899cfc357f568ef4df,masked_substitution,69f27f3f230b12448b5e81ee1cb6f7f8a87c2ebfb1afb4ee0bab786c10c7bf8a,primary_parent,fef9246bf522c2c2d9e06f76c1f0b40a34eea229868bdcf78b51c159154681ae,hydrophobic_moment_eisenberg,numeric,false,audit_metric_has_no_monotonic_improvement_direction,audit,dimensionless,0.34127361170072296,0.28878176480507683,-0.05249184689564612,,true,9e3efcc20ee9349a35bf0e5a5fa716f73bfc9a5a0423a1eddffef12a6cc7dc06
fgf2,8155f1f4b680fc149001276a5375cedfdf1ea2959bf793899cfc357f568ef4df,masked_substitution,69f27f3f230b12448b5e81ee1cb6f7f8a87c2ebfb1afb4ee0bab786c10c7bf8a,primary_parent,fef9246bf522c2c2d9e06f76c1f0b40a34eea229868bdcf78b51c159154681ae,hydrophobic_ratio_modlamp,numeric,false,audit_metric_has_no_monotonic_improvement_direction,audit,fraction,0.09090909090909091,0.09090909090909091,0.0,,false,e45c5f4db9df05f18f26b77d320d11dc8bc21b1e053fe4caf9164848168a842f
fgf2,8155f1f4b680fc149001276a5375cedfdf1ea2959bf793899cfc357f568ef4df,masked_substitution,69f27f3f230b12448b5e81ee1cb6f7f8a87c2ebfb1afb4ee0bab786c10c7bf8a,primary_parent,fef9246bf522c2c2d9e06f76c1f0b40a34eea229868bdcf78b51c159154681ae,llamp_log10_mic_um,numeric,true,same_frozen_numeric_contract,minimize,log10(uM),1.6722277402877808,1.8883064985275269,0.2160787582397461,-0.2160787582397461,true,ad6db24a6e41e06ff50bcad6671184b5489e5a3f534a40efc26e264f30521ad3
fgf2,8155f1f4b680fc149001276a5375cedfdf1ea2959bf793899cfc357f568ef4df,masked_substitution,69f27f3f230b12448b5e81ee1cb6f7f8a87c2ebfb1afb4ee0bab786c10c7bf8a,primary_parent,fef9246bf522c2c2d9e06f76c1f0b40a34eea229868bdcf78b51c159154681ae,macrel_amp_probability,numeric,true,same_frozen_numeric_contract,maximize,probability,0.228,0.376,0.148,0.148,true,7aef309c636cfe510a14538e921a8f4de2981d566f0d311561704bdfc1995506
fgf2,8155f1f4b680fc149001276a5375cedfdf1ea2959bf793899cfc357f568ef4df,masked_substitution,69f27f3f230b12448b5e81ee1cb6f7f8a87c2ebfb1afb4ee0bab786c10c7bf8a,primary_parent,fef9246bf522c2c2d9e06f76c1f0b40a34eea229868bdcf78b51c159154681ae,macrel_hemolysis_label,categorical,true,same_frozen_label_contract,audit,label,low,low,,,false,456ef4b412cace8d73f7c9ee439977a2c5d590bcbfdb8e6006cd93207ff107a9
fgf2,8155f1f4b680fc149001276a5375cedfdf1ea2959bf793899cfc357f568ef4df,masked_substitution,69f27f3f230b12448b5e81ee1cb6f7f8a87c2ebfb1afb4ee0bab786c10c7bf8a,primary_parent,fef9246bf522c2c2d9e06f76c1f0b40a34eea229868bdcf78b51c159154681ae,macrel_hemolysis_probability,numeric,true,same_frozen_numeric_contract,minimize,probability,0.376,0.406,0.030000000000000027,-0.030000000000000027,true,2cbc99eba0b71a3ada9a64dff62923b0dced1e2feb14567e0d5c3f08e804b697
fgf2,8155f1f4b680fc149001276a5375cedfdf1ea2959bf793899cfc357f568ef4df,masked_substitution,69f27f3f230b12448b5e81ee1cb6f7f8a87c2ebfb1afb4ee0bab786c10c7bf8a,primary_parent,fef9246bf522c2c2d9e06f76c1f0b40a34eea229868bdcf78b51c159154681ae,maximum_hydrophobic_run,numeric,true,same_frozen_numeric_contract,minimize,residues,2.0,2.0,0.0,-0.0,false,4b82155d8d441a4318d98ce8a349adcf37a9b345545caea53a76ac407d9c9aa0
fgf2,8155f1f4b680fc149001276a5375cedfdf1ea2959bf793899cfc357f568ef4df,masked_substitution,69f27f3f230b12448b5e81ee1cb6f7f8a87c2ebfb1afb4ee0bab786c10c7bf8a,primary_parent,fef9246bf522c2c2d9e06f76c1f0b40a34eea229868bdcf78b51c159154681ae,net_charge_ph7_4,numeric,false,audit_metric_has_no_monotonic_improvement_direction,audit,elementary_charge,7.026,6.027,-0.9989999999999997,,true,cd46127d33d8d2b4bb88fffb43ff2d024f75743b915d0e53d332d32bc9f876b3
fgf2,8155f1f4b680fc149001276a5375cedfdf1ea2959bf793899cfc357f568ef4df,masked_substitution,69f27f3f230b12448b5e81ee1cb6f7f8a87c2ebfb1afb4ee0bab786c10c7bf8a,primary_parent,fef9246bf522c2c2d9e06f76c1f0b40a34eea229868bdcf78b51c159154681ae,toxinpred3_hybrid_score,numeric,true,same_frozen_numeric_contract,minimize,dimensionless,0.235,0.0,-0.235,0.235,true,c7976411370cc4e0cbe23db9b52a7ebdf4c5ef5dd9bd664ac34fd62345ba4b84
fgf2,8155f1f4b680fc149001276a5375cedfdf1ea2959bf793899cfc357f568ef4df,masked_substitution,69f27f3f230b12448b5e81ee1cb6f7f8a87c2ebfb1afb4ee0bab786c10c7bf8a,primary_parent,fef9246bf522c2c2d9e06f76c1f0b40a34eea229868bdcf78b51c159154681ae,toxinpred3_label,categorical,true,same_frozen_label_contract,audit,label,Non-Toxin,Non-Toxin,,,false,5ea2f492a2719f9c4a20fd827411d9db522f0f8304343dd769a0176a173bfc60
fgf2,13c332ca14befeb46e5f3f32f9a0b8ed6b166a6f8a9689da7c352d713c780d2b,masked_substitution,8326959eab557582e6edb02c98dfd9a92c381907dd9ffa5daae78771064a9d00,primary_parent,fef9246bf522c2c2d9e06f76c1f0b40a34eea229868bdcf78b51c159154681ae,amp_read_log10_mic_um,numeric,true,same_frozen_numeric_contract,minimize,log10(uM),2.915548413288972,2.7881687126585386,-0.12737970063043358,0.12737970063043358,true,8b92b5de28e374d436368beb5306dc9e92c54a0abc3ac1d666792b357a17ec19
fgf2,13c332ca14befeb46e5f3f32f9a0b8ed6b166a6f8a9689da7c352d713c780d2b,masked_substitution,8326959eab557582e6edb02c98dfd9a92c381907dd9ffa5daae78771064a9d00,primary_parent,fef9246bf522c2c2d9e06f76c1f0b40a34eea229868bdcf78b51c159154681ae,guruprasad_instability_index,numeric,true,same_frozen_numeric_contract,minimize,index,22.327273,0.8181818181818165,-21.509091181818185,21.509091181818185,true,999f0a47f25e6f0e612c3338f6f5f6aa2a3064d33ebddd8fc19e30b422a608a8
fgf2,13c332ca14befeb46e5f3f32f9a0b8ed6b166a6f8a9689da7c352d713c780d2b,masked_substitution,8326959eab557582e6edb02c98dfd9a92c381907dd9ffa5daae78771064a9d00,primary_parent,fef9246bf522c2c2d9e06f76c1f0b40a34eea229868bdcf78b51c159154681ae,hydrophobic_moment_eisenberg,numeric,false,audit_metric_has_no_monotonic_improvement_direction,audit,dimensionless,0.34127361170072296,0.2987798132690802,-0.04249379843164275,,true,b8fa4da7f8e3f73f5152c5ba4eaf96bb9aed9a61095a71a91bd7a755619b6e16
fgf2,13c332ca14befeb46e5f3f32f9a0b8ed6b166a6f8a9689da7c352d713c780d2b,masked_substitution,8326959eab557582e6edb02c98dfd9a92c381907dd9ffa5daae78771064a9d00,primary_parent,fef9246bf522c2c2d9e06f76c1f0b40a34eea229868bdcf78b51c159154681ae,hydrophobic_ratio_modlamp,numeric,false,audit_metric_has_no_monotonic_improvement_direction,audit,fraction,0.09090909090909091,0.09090909090909091,0.0,,false,5bd1ae1821f270d7d913c8112b82676983f5ce0ba510a613b2bf4d2d61a8e937
fgf2,13c332ca14befeb46e5f3f32f9a0b8ed6b166a6f8a9689da7c352d713c780d2b,masked_substitution,8326959eab557582e6edb02c98dfd9a92c381907dd9ffa5daae78771064a9d00,primary_parent,fef9246bf522c2c2d9e06f76c1f0b40a34eea229868bdcf78b51c159154681ae,llamp_log10_mic_um,numeric,true,same_frozen_numeric_contract,minimize,log10(uM),1.6722277402877808,1.662341594696045,-0.00988614559173584,0.00988614559173584,true,84e1c33e1d684d1c7f78ffd25a4ffbc0149ed83b450939944a1e16c38baa615f
fgf2,13c332ca14befeb46e5f3f32f9a0b8ed6b166a6f8a9689da7c352d713c780d2b,masked_substitution,8326959eab557582e6edb02c98dfd9a92c381907dd9ffa5daae78771064a9d00,primary_parent,fef9246bf522c2c2d9e06f76c1f0b40a34eea229868bdcf78b51c159154681ae,macrel_amp_probability,numeric,true,same_frozen_numeric_contract,maximize,probability,0.228,0.347,0.11899999999999997,0.11899999999999997,true,05aba7759dc0a27a75ea609444371cc514a1ba57dfbe780352d09acaba2ae73a
fgf2,13c332ca14befeb46e5f3f32f9a0b8ed6b166a6f8a9689da7c352d713c780d2b,masked_substitution,8326959eab557582e6edb02c98dfd9a92c381907dd9ffa5daae78771064a9d00,primary_parent,fef9246bf522c2c2d9e06f76c1f0b40a34eea229868bdcf78b51c159154681ae,macrel_hemolysis_label,categorical,true,same_frozen_label_contract,audit,label,low,low,,,false,ce99781eb1eebe335489582f0fcc4e19e50b71916eefb2832b2951e2f41b7c2b
fgf2,13c332ca14befeb46e5f3f32f9a0b8ed6b166a6f8a9689da7c352d713c780d2b,masked_substitution,8326959eab557582e6edb02c98dfd9a92c381907dd9ffa5daae78771064a9d00,primary_parent,fef9246bf522c2c2d9e06f76c1f0b40a34eea229868bdcf78b51c159154681ae,macrel_hemolysis_probability,numeric,true,same_frozen_numeric_contract,minimize,probability,0.376,0.406,0.030000000000000027,-0.030000000000000027,true,f5e826a6df6537af27da4f13313a32a233f8492f252b9ba2b4e197456e8e4245
fgf2,13c332ca14befeb46e5f3f32f9a0b8ed6b166a6f8a9689da7c352d713c780d2b,masked_substitution,8326959eab557582e6edb02c98dfd9a92c381907dd9ffa5daae78771064a9d00,primary_parent,fef9246bf522c2c2d9e06f76c1f0b40a34eea229868bdcf78b51c159154681ae,maximum_hydrophobic_run,numeric,true,same_frozen_numeric_contract,minimize,residues,2.0,2.0,0.0,-0.0,false,8d8310fe3de2354c74909070a0ed3fae23b6a8c9e5df0a1e091541683c69093e
fgf2,13c332ca14befeb46e5f3f32f9a0b8ed6b166a6f8a9689da7c352d713c780d2b,masked_substitution,8326959eab557582e6edb02c98dfd9a92c381907dd9ffa5daae78771064a9d00,primary_parent,fef9246bf522c2c2d9e06f76c1f0b40a34eea229868bdcf78b51c159154681ae,net_charge_ph7_4,numeric,false,audit_metric_has_no_monotonic_improvement_direction,audit,elementary_charge,7.026,6.025,-1.0009999999999994,,true,8458b83b10f772355c6462280ef2017fd8ce855b9a814e6dcfa2499c67eb9061
fgf2,13c332ca14befeb46e5f3f32f9a0b8ed6b166a6f8a9689da7c352d713c780d2b,masked_substitution,8326959eab557582e6edb02c98dfd9a92c381907dd9ffa5daae78771064a9d00,primary_parent,fef9246bf522c2c2d9e06f76c1f0b40a34eea229868bdcf78b51c159154681ae,toxinpred3_hybrid_score,numeric,true,same_frozen_numeric_contract,minimize,dimensionless,0.235,0.245,0.010000000000000009,-0.010000000000000009,true,c50ac8f0284bdf64f7dc93bf5bb06095a298520893ec08cc67faf5253d545afe
fgf2,13c332ca14befeb46e5f3f32f9a0b8ed6b166a6f8a9689da7c352d713c780d2b,masked_substitution,8326959eab557582e6edb02c98dfd9a92c381907dd9ffa5daae78771064a9d00,primary_parent,fef9246bf522c2c2d9e06f76c1f0b40a34eea229868bdcf78b51c159154681ae,toxinpred3_label,categorical,true,same_frozen_label_contract,audit,label,Non-Toxin,Non-Toxin,,,false,df274810ee912b7d6055a17824b83c90b3814d507241746a092dd1511624ac8c
fgf2,44f3900dd906eb6481d826a9573dcd2313ee1b226b6d3b6fdac171ced0629d75,masked_substitution,f58928b27ccefe4088ea671dcf6ff524df37fdc40f26c6a5074baa377b9ff0e9,primary_parent,fef9246bf522c2c2d9e06f76c1f0b40a34eea229868bdcf78b51c159154681ae,amp_read_log10_mic_um,numeric,true,same_frozen_numeric_contract,minimize,log10(uM),2.915548413288972,2.842795857845533,-0.07275255544343917,0.07275255544343917,true,bfdd5af565799849cb18ad3d0ce9b0f38ef15dfc55ed45879300f64b53a98bff
fgf2,44f3900dd906eb6481d826a9573dcd2313ee1b226b6d3b6fdac171ced0629d75,masked_substitution,f58928b27ccefe4088ea671dcf6ff524df37fdc40f26c6a5074baa377b9ff0e9,primary_parent,fef9246bf522c2c2d9e06f76c1f0b40a34eea229868bdcf78b51c159154681ae,guruprasad_instability_index,numeric,true,same_frozen_numeric_contract,minimize,index,22.327273,7.722727272727272,-14.604545727272729,14.604545727272729,true,19c6c8fa70829543b0af013ba17a89ce576e6f88ed76a2753aea52eaa9eb0e6d
fgf2,44f3900dd906eb6481d826a9573dcd2313ee1b226b6d3b6fdac171ced0629d75,masked_substitution,f58928b27ccefe4088ea671dcf6ff524df37fdc40f26c6a5074baa377b9ff0e9,primary_parent,fef9246bf522c2c2d9e06f76c1f0b40a34eea229868bdcf78b51c159154681ae,hydrophobic_moment_eisenberg,numeric,false,audit_metric_has_no_monotonic_improvement_direction,audit,dimensionless,0.34127361170072296,0.30066680552103914,-0.04060680617968382,,true,20c48f972155716b5a0769018472b47b6d28810938bb0a3918a3618ba0d4f5ac
fgf2,44f3900dd906eb6481d826a9573dcd2313ee1b226b6d3b6fdac171ced0629d75,masked_substitution,f58928b27ccefe4088ea671dcf6ff524df37fdc40f26c6a5074baa377b9ff0e9,primary_parent,fef9246bf522c2c2d9e06f76c1f0b40a34eea229868bdcf78b51c159154681ae,hydrophobic_ratio_modlamp,numeric,false,audit_metric_has_no_monotonic_improvement_direction,audit,fraction,0.09090909090909091,0.13636363636363635,0.04545454545454544,,true,99ecebee04e11147a5e248c794e0905b4dbd5eeae2a92ca1ab52d06abfd0f909
fgf2,44f3900dd906eb6481d826a9573dcd2313ee1b226b6d3b6fdac171ced0629d75,masked_substitution,f58928b27ccefe4088ea671dcf6ff524df37fdc40f26c6a5074baa377b9ff0e9,primary_parent,fef9246bf522c2c2d9e06f76c1f0b40a34eea229868bdcf78b51c159154681ae,llamp_log10_mic_um,numeric,true,same_frozen_numeric_contract,minimize,log10(uM),1.6722277402877808,2.007479429244995,0.33525168895721436,-0.33525168895721436,true,675735325b64bf5e53dba77177b671e43e80002c2f7d2a5ccb6bdf58b2cdf315
fgf2,44f3900dd906eb6481d826a9573dcd2313ee1b226b6d3b6fdac171ced0629d75,masked_substitution,f58928b27ccefe4088ea671dcf6ff524df37fdc40f26c6a5074baa377b9ff0e9,primary_parent,fef9246bf522c2c2d9e06f76c1f0b40a34eea229868bdcf78b51c159154681ae,macrel_amp_probability,numeric,true,same_frozen_numeric_contract,maximize,probability,0.228,0.218,-0.010000000000000009,-0.010000000000000009,true,96b02449f7ce0a196f2d5de8d9970b29326a2b478a7c1502e860f7656a6444ec
fgf2,44f3900dd906eb6481d826a9573dcd2313ee1b226b6d3b6fdac171ced0629d75,masked_substitution,f58928b27ccefe4088ea671dcf6ff524df37fdc40f26c6a5074baa377b9ff0e9,primary_parent,fef9246bf522c2c2d9e06f76c1f0b40a34eea229868bdcf78b51c159154681ae,macrel_hemolysis_label,categorical,true,same_frozen_label_contract,audit,label,low,low,,,false,4a8413712350157be8867e3ef13b7db98a58e48173e3efb4c80cb475a703480e
fgf2,44f3900dd906eb6481d826a9573dcd2313ee1b226b6d3b6fdac171ced0629d75,masked_substitution,f58928b27ccefe4088ea671dcf6ff524df37fdc40f26c6a5074baa377b9ff0e9,primary_parent,fef9246bf522c2c2d9e06f76c1f0b40a34eea229868bdcf78b51c159154681ae,macrel_hemolysis_probability,numeric,true,same_frozen_numeric_contract,minimize,probability,0.376,0.337,-0.03899999999999998,0.03899999999999998,true,a8ebd6dea9d3c943f62394b65f4bab549a3920a5dc3d12c2958c8eb6f7005f14
fgf2,44f3900dd906eb6481d826a9573dcd2313ee1b226b6d3b6fdac171ced0629d75,masked_substitution,f58928b27ccefe4088ea671dcf6ff524df37fdc40f26c6a5074baa377b9ff0e9,primary_parent,fef9246bf522c2c2d9e06f76c1f0b40a34eea229868bdcf78b51c159154681ae,maximum_hydrophobic_run,numeric,true,same_frozen_numeric_contract,minimize,residues,2.0,2.0,0.0,-0.0,false,ad969c12cdbef7eb260c75481faf10466ef833210f637d668b21c8f61b811165
fgf2,44f3900dd906eb6481d826a9573dcd2313ee1b226b6d3b6fdac171ced0629d75,masked_substitution,f58928b27ccefe4088ea671dcf6ff524df37fdc40f26c6a5074baa377b9ff0e9,primary_parent,fef9246bf522c2c2d9e06f76c1f0b40a34eea229868bdcf78b51c159154681ae,net_charge_ph7_4,numeric,false,audit_metric_has_no_monotonic_improvement_direction,audit,elementary_charge,7.026,7.026,0.0,,false,a403524f9cc22e32beebe74c14902b11e7e5fc7cdd9c72fda6c443b185bf9c93
fgf2,44f3900dd906eb6481d826a9573dcd2313ee1b226b6d3b6fdac171ced0629d75,masked_substitution,f58928b27ccefe4088ea671dcf6ff524df37fdc40f26c6a5074baa377b9ff0e9,primary_parent,fef9246bf522c2c2d9e06f76c1f0b40a34eea229868bdcf78b51c159154681ae,toxinpred3_hybrid_score,numeric,true,same_frozen_numeric_contract,minimize,dimensionless,0.235,0.265,0.030000000000000027,-0.030000000000000027,true,4d19c7d3fdabb73b8bb8e07319dff8fa2ed5c2bbc544842a4bb2c7abe8852e1b
fgf2,44f3900dd906eb6481d826a9573dcd2313ee1b226b6d3b6fdac171ced0629d75,masked_substitution,f58928b27ccefe4088ea671dcf6ff524df37fdc40f26c6a5074baa377b9ff0e9,primary_parent,fef9246bf522c2c2d9e06f76c1f0b40a34eea229868bdcf78b51c159154681ae,toxinpred3_label,categorical,true,same_frozen_label_contract,audit,label,Non-Toxin,Non-Toxin,,,false,d6054ad5f97974cf91017cc5bcc196dece906dcca00c4341764d9b4dba514e24
fgf2,460c2a9bac61a80f49279e3f917d8ec18d262861fe7c0e95666d474ca6d7d504,masked_substitution,b021f1b45d5312b0d2ef3f3be2f770dc7c3f0bd8d71b47009465636f85467005,primary_parent,fef9246bf522c2c2d9e06f76c1f0b40a34eea229868bdcf78b51c159154681ae,amp_read_log10_mic_um,numeric,true,same_frozen_numeric_contract,minimize,log10(uM),2.915548413288972,2.5962769293273738,-0.31927148396159843,0.31927148396159843,true,5f947f1f4b3438c2685957089874a65b9e670fe6f54f9b5eeee797600928af8c
fgf2,460c2a9bac61a80f49279e3f917d8ec18d262861fe7c0e95666d474ca6d7d504,masked_substitution,b021f1b45d5312b0d2ef3f3be2f770dc7c3f0bd8d71b47009465636f85467005,primary_parent,fef9246bf522c2c2d9e06f76c1f0b40a34eea229868bdcf78b51c159154681ae,guruprasad_instability_index,numeric,true,same_frozen_numeric_contract,minimize,index,22.327273,13.33181818181818,-8.995454818181821,8.995454818181821,true,a97da083ece7a213c017f4e6b1da53a159ea78474e8227662b7d3b08d8ac4988
fgf2,460c2a9bac61a80f49279e3f917d8ec18d262861fe7c0e95666d474ca6d7d504,masked_substitution,b021f1b45d5312b0d2ef3f3be2f770dc7c3f0bd8d71b47009465636f85467005,primary_parent,fef9246bf522c2c2d9e06f76c1f0b40a34eea229868bdcf78b51c159154681ae,hydrophobic_moment_eisenberg,numeric,false,audit_metric_has_no_monotonic_improvement_direction,audit,dimensionless,0.34127361170072296,0.2831872383545528,-0.05808637334617017,,true,487efdee7d10b56e901cf6d08b794c75306410c6b9be510f0a858da82c391815
fgf2,460c2a9bac61a80f49279e3f917d8ec18d262861fe7c0e95666d474ca6d7d504,masked_substitution,b021f1b45d5312b0d2ef3f3be2f770dc7c3f0bd8d71b47009465636f85467005,primary_parent,fef9246bf522c2c2d9e06f76c1f0b40a34eea229868bdcf78b51c159154681ae,hydrophobic_ratio_modlamp,numeric,false,audit_metric_has_no_monotonic_improvement_direction,audit,fraction,0.09090909090909091,0.13636363636363635,0.04545454545454544,,true,2a3b1614e32ca1f5599e90e7b7c0bc3df7790a2eac73a0513d0772b2c5a2eebb
fgf2,460c2a9bac61a80f49279e3f917d8ec18d262861fe7c0e95666d474ca6d7d504,masked_substitution,b021f1b45d5312b0d2ef3f3be2f770dc7c3f0bd8d71b47009465636f85467005,primary_parent,fef9246bf522c2c2d9e06f76c1f0b40a34eea229868bdcf78b51c159154681ae,llamp_log10_mic_um,numeric,true,same_frozen_numeric_contract,minimize,log10(uM),1.6722277402877808,1.6019569635391235,-0.07027077674865723,0.07027077674865723,true,a0f1e1af1932e226f42046ad1e73647fe2f4cfe86df56e827a1d283d77712486
fgf2,460c2a9bac61a80f49279e3f917d8ec18d262861fe7c0e95666d474ca6d7d504,masked_substitution,b021f1b45d5312b0d2ef3f3be2f770dc7c3f0bd8d71b47009465636f85467005,primary_parent,fef9246bf522c2c2d9e06f76c1f0b40a34eea229868bdcf78b51c159154681ae,macrel_amp_probability,numeric,true,same_frozen_numeric_contract,maximize,probability,0.228,0.238,0.009999999999999981,0.009999999999999981,true,dbe4d4108a2b29289ec999f3dbf4a66aec419734ce810e30f3c84581b93f7c65
fgf2,460c2a9bac61a80f49279e3f917d8ec18d262861fe7c0e95666d474ca6d7d504,masked_substitution,b021f1b45d5312b0d2ef3f3be2f770dc7c3f0bd8d71b47009465636f85467005,primary_parent,fef9246bf522c2c2d9e06f76c1f0b40a34eea229868bdcf78b51c159154681ae,macrel_hemolysis_label,categorical,true,same_frozen_label_contract,audit,label,low,low,,,false,06341697a0e3b17d910a238b71c688f559291cfaabb8148c315a1f6189469e22
fgf2,460c2a9bac61a80f49279e3f917d8ec18d262861fe7c0e95666d474ca6d7d504,masked_substitution,b021f1b45d5312b0d2ef3f3be2f770dc7c3f0bd8d71b47009465636f85467005,primary_parent,fef9246bf522c2c2d9e06f76c1f0b40a34eea229868bdcf78b51c159154681ae,macrel_hemolysis_probability,numeric,true,same_frozen_numeric_contract,minimize,probability,0.376,0.396,0.020000000000000018,-0.020000000000000018,true,710d11c9b97361bfe870a5dbe4f9b725be13dd647763e0de12265d0b9c0a3f16
fgf2,460c2a9bac61a80f49279e3f917d8ec18d262861fe7c0e95666d474ca6d7d504,masked_substitution,b021f1b45d5312b0d2ef3f3be2f770dc7c3f0bd8d71b47009465636f85467005,primary_parent,fef9246bf522c2c2d9e06f76c1f0b40a34eea229868bdcf78b51c159154681ae,maximum_hydrophobic_run,numeric,true,same_frozen_numeric_contract,minimize,residues,2.0,2.0,0.0,-0.0,false,631498b76e644c9b49189c49bc7279811bb999ec4b96297859cba571e67ae3b5
fgf2,460c2a9bac61a80f49279e3f917d8ec18d262861fe7c0e95666d474ca6d7d504,masked_substitution,b021f1b45d5312b0d2ef3f3be2f770dc7c3f0bd8d71b47009465636f85467005,primary_parent,fef9246bf522c2c2d9e06f76c1f0b40a34eea229868bdcf78b51c159154681ae,net_charge_ph7_4,numeric,false,audit_metric_has_no_monotonic_improvement_direction,audit,elementary_charge,7.026,7.026,0.0,,false,9c82abc6cbde7884088406286dea21fa3f338372eab8dd457c6b62f794db845c
fgf2,460c2a9bac61a80f49279e3f917d8ec18d262861fe7c0e95666d474ca6d7d504,masked_substitution,b021f1b45d5312b0d2ef3f3be2f770dc7c3f0bd8d71b47009465636f85467005,primary_parent,fef9246bf522c2c2d9e06f76c1f0b40a34eea229868bdcf78b51c159154681ae,toxinpred3_hybrid_score,numeric,true,same_frozen_numeric_contract,minimize,dimensionless,0.235,0.0,-0.235,0.235,true,df9f4eb4a59a3ab270a1c47378cbfb912c4f100f98aaeba25c8a867eec4f6463
fgf2,460c2a9bac61a80f49279e3f917d8ec18d262861fe7c0e95666d474ca6d7d504,masked_substitution,b021f1b45d5312b0d2ef3f3be2f770dc7c3f0bd8d71b47009465636f85467005,primary_parent,fef9246bf522c2c2d9e06f76c1f0b40a34eea229868bdcf78b51c159154681ae,toxinpred3_label,categorical,true,same_frozen_label_contract,audit,label,Non-Toxin,Non-Toxin,,,false,1988da9e7b36ea2578ac20f9250baaf38ba75f636cdbab6b88f8cedabf003b33
fgf2,5931b79b57d42e46735165a2b4578c3f286ce17e15245c6e2f9630ea4a148bbb,masked_substitution,d08318d1858a4424ac3a2ba80a7378333954393bfb1ca6990d01012f98ad1a92,primary_parent,fef9246bf522c2c2d9e06f76c1f0b40a34eea229868bdcf78b51c159154681ae,amp_read_log10_mic_um,numeric,true,same_frozen_numeric_contract,minimize,log10(uM),2.915548413288972,2.678175361240897,-0.23737305204807502,0.23737305204807502,true,a0ddf9de13914a93be9407621045037892c8aa9fa080e5d54de97fe8338d6f5f
fgf2,5931b79b57d42e46735165a2b4578c3f286ce17e15245c6e2f9630ea4a148bbb,masked_substitution,d08318d1858a4424ac3a2ba80a7378333954393bfb1ca6990d01012f98ad1a92,primary_parent,fef9246bf522c2c2d9e06f76c1f0b40a34eea229868bdcf78b51c159154681ae,guruprasad_instability_index,numeric,true,same_frozen_numeric_contract,minimize,index,22.327273,7.722727272727272,-14.604545727272729,14.604545727272729,true,3a4d860e97c61a83ea81c71624e67f5dc26e6e92a20cf51a13b907868c03b771
fgf2,5931b79b57d42e46735165a2b4578c3f286ce17e15245c6e2f9630ea4a148bbb,masked_substitution,d08318d1858a4424ac3a2ba80a7378333954393bfb1ca6990d01012f98ad1a92,primary_parent,fef9246bf522c2c2d9e06f76c1f0b40a34eea229868bdcf78b51c159154681ae,hydrophobic_moment_eisenberg,numeric,false,audit_metric_has_no_monotonic_improvement_direction,audit,dimensionless,0.34127361170072296,0.2895214841039922,-0.05175212759673076,,true,c212d6fa7f421bb268b75e6596e95a6eb4b5ece303de53fe08b834a90b6b11d2
fgf2,5931b79b57d42e46735165a2b4578c3f286ce17e15245c6e2f9630ea4a148bbb,masked_substitution,d08318d1858a4424ac3a2ba80a7378333954393bfb1ca6990d01012f98ad1a92,primary_parent,fef9246bf522c2c2d9e06f76c1f0b40a34eea229868bdcf78b51c159154681ae,hydrophobic_ratio_modlamp,numeric,false,audit_metric_has_no_monotonic_improvement_direction,audit,fraction,0.09090909090909091,0.13636363636363635,0.04545454545454544,,true,af9df5f6ab5c0f1a5fef733ec50fd28fba0d9a8d112ff3dcd76df22da168d9cd
fgf2,5931b79b57d42e46735165a2b4578c3f286ce17e15245c6e2f9630ea4a148bbb,masked_substitution,d08318d1858a4424ac3a2ba80a7378333954393bfb1ca6990d01012f98ad1a92,primary_parent,fef9246bf522c2c2d9e06f76c1f0b40a34eea229868bdcf78b51c159154681ae,llamp_log10_mic_um,numeric,true,same_frozen_numeric_contract,minimize,log10(uM),1.6722277402877808,1.7357470989227295,0.06351935863494873,-0.06351935863494873,true,d9533e256e63d3c9faa92c78c08f9c7deef78ba9207b615d18c51e5c400896e3
fgf2,5931b79b57d42e46735165a2b4578c3f286ce17e15245c6e2f9630ea4a148bbb,masked_substitution,d08318d1858a4424ac3a2ba80a7378333954393bfb1ca6990d01012f98ad1a92,primary_parent,fef9246bf522c2c2d9e06f76c1f0b40a34eea229868bdcf78b51c159154681ae,macrel_amp_probability,numeric,true,same_frozen_numeric_contract,maximize,probability,0.228,0.248,0.01999999999999999,0.01999999999999999,true,81782fedcbd261fab5d0d0e94b5cf6583557846e344384b428ed6d6c3b990853
fgf2,5931b79b57d42e46735165a2b4578c3f286ce17e15245c6e2f9630ea4a148bbb,masked_substitution,d08318d1858a4424ac3a2ba80a7378333954393bfb1ca6990d01012f98ad1a92,primary_parent,fef9246bf522c2c2d9e06f76c1f0b40a34eea229868bdcf78b51c159154681ae,macrel_hemolysis_label,categorical,true,same_frozen_label_contract,audit,label,low,low,,,false,12c4a51e12c6f87c527321145ee0ea2f0034b3ab101c4890098975694d4a9c7a
fgf2,5931b79b57d42e46735165a2b4578c3f286ce17e15245c6e2f9630ea4a148bbb,masked_substitution,d08318d1858a4424ac3a2ba80a7378333954393bfb1ca6990d01012f98ad1a92,primary_parent,fef9246bf522c2c2d9e06f76c1f0b40a34eea229868bdcf78b51c159154681ae,macrel_hemolysis_probability,numeric,true,same_frozen_numeric_contract,minimize,probability,0.376,0.426,0.04999999999999999,-0.04999999999999999,true,abb32f6ebd18ef0ba2c77e43f816e6543ecc428b40c24960624199d763fac7b4
fgf2,5931b79b57d42e46735165a2b4578c3f286ce17e15245c6e2f9630ea4a148bbb,masked_substitution,d08318d1858a4424ac3a2ba80a7378333954393bfb1ca6990d01012f98ad1a92,primary_parent,fef9246bf522c2c2d9e06f76c1f0b40a34eea229868bdcf78b51c159154681ae,maximum_hydrophobic_run,numeric,true,same_frozen_numeric_contract,minimize,residues,2.0,2.0,0.0,-0.0,false,fd087992877952c7f7740908c74df16bfcca71b561484ec014674ebac6cf0be4
fgf2,5931b79b57d42e46735165a2b4578c3f286ce17e15245c6e2f9630ea4a148bbb,masked_substitution,d08318d1858a4424ac3a2ba80a7378333954393bfb1ca6990d01012f98ad1a92,primary_parent,fef9246bf522c2c2d9e06f76c1f0b40a34eea229868bdcf78b51c159154681ae,net_charge_ph7_4,numeric,false,audit_metric_has_no_monotonic_improvement_direction,audit,elementary_charge,7.026,7.026,0.0,,false,5923a3e766719f21ce861eea0f9f0a9c48338a9cea29edb74d52368b4c37f2e0
fgf2,5931b79b57d42e46735165a2b4578c3f286ce17e15245c6e2f9630ea4a148bbb,masked_substitution,d08318d1858a4424ac3a2ba80a7378333954393bfb1ca6990d01012f98ad1a92,primary_parent,fef9246bf522c2c2d9e06f76c1f0b40a34eea229868bdcf78b51c159154681ae,toxinpred3_hybrid_score,numeric,true,same_frozen_numeric_contract,minimize,dimensionless,0.235,0.24,0.0050000000000000044,-0.0050000000000000044,true,bc47d24345f70031df44f939cae8df32e311c046fe89c030ff52d7d041f551cd
fgf2,5931b79b57d42e46735165a2b4578c3f286ce17e15245c6e2f9630ea4a148bbb,masked_substitution,d08318d1858a4424ac3a2ba80a7378333954393bfb1ca6990d01012f98ad1a92,primary_parent,fef9246bf522c2c2d9e06f76c1f0b40a34eea229868bdcf78b51c159154681ae,toxinpred3_label,categorical,true,same_frozen_label_contract,audit,label,Non-Toxin,Non-Toxin,,,false,ad6dbc2a6075e295b309521ddb5efae63fe69dcd4d86b0f92b4d2cda60596e1f
fgf2,fc2cf4ef4f49c1a28882b0087581fdc32365603dd81b88f8669fc6c7ca1af7c5,masked_substitution,bce96dd9a3c801a2f404f4505c6c6317d16efa9ab3d79d85f372fcd1a2fa69fb,primary_parent,fef9246bf522c2c2d9e06f76c1f0b40a34eea229868bdcf78b51c159154681ae,amp_read_log10_mic_um,numeric,true,same_frozen_numeric_contract,minimize,log10(uM),2.915548413288972,2.810621768046329,-0.10492664524264317,0.10492664524264317,true,44206e56dd4fd7d98b218290f874b739823b234d8669e732de62f9492eb76688
fgf2,fc2cf4ef4f49c1a28882b0087581fdc32365603dd81b88f8669fc6c7ca1af7c5,masked_substitution,bce96dd9a3c801a2f404f4505c6c6317d16efa9ab3d79d85f372fcd1a2fa69fb,primary_parent,fef9246bf522c2c2d9e06f76c1f0b40a34eea229868bdcf78b51c159154681ae,guruprasad_instability_index,numeric,true,same_frozen_numeric_contract,minimize,index,22.327273,7.722727272727272,-14.604545727272729,14.604545727272729,true,fb9cbf7f5669a906e97f0664ebf5fce43c4afe2c65d856c3cea779065803ca9f
fgf2,fc2cf4ef4f49c1a28882b0087581fdc32365603dd81b88f8669fc6c7ca1af7c5,masked_substitution,bce96dd9a3c801a2f404f4505c6c6317d16efa9ab3d79d85f372fcd1a2fa69fb,primary_parent,fef9246bf522c2c2d9e06f76c1f0b40a34eea229868bdcf78b51c159154681ae,hydrophobic_moment_eisenberg,numeric,false,audit_metric_has_no_monotonic_improvement_direction,audit,dimensionless,0.34127361170072296,0.2895214841039922,-0.05175212759673076,,true,c2b6a9abf19b529362cdfefcb263239f30c867130b3e3c95fe37aa9ea073c6ff
fgf2,fc2cf4ef4f49c1a28882b0087581fdc32365603dd81b88f8669fc6c7ca1af7c5,masked_substitution,bce96dd9a3c801a2f404f4505c6c6317d16efa9ab3d79d85f372fcd1a2fa69fb,primary_parent,fef9246bf522c2c2d9e06f76c1f0b40a34eea229868bdcf78b51c159154681ae,hydrophobic_ratio_modlamp,numeric,false,audit_metric_has_no_monotonic_improvement_direction,audit,fraction,0.09090909090909091,0.13636363636363635,0.04545454545454544,,true,4cce1916a3e6e82297532ae5e92b8d4581f1e8d389ed05e4525d3eda2ef704a7
fgf2,fc2cf4ef4f49c1a28882b0087581fdc32365603dd81b88f8669fc6c7ca1af7c5,masked_substitution,bce96dd9a3c801a2f404f4505c6c6317d16efa9ab3d79d85f372fcd1a2fa69fb,primary_parent,fef9246bf522c2c2d9e06f76c1f0b40a34eea229868bdcf78b51c159154681ae,llamp_log10_mic_um,numeric,true,same_frozen_numeric_contract,minimize,log10(uM),1.6722277402877808,1.6516635417938232,-0.02056419849395752,0.02056419849395752,true,fccca3340fa2f6b0644efc43361f62f82d7b7dfe43ff0c914cb17de5c0727212
fgf2,fc2cf4ef4f49c1a28882b0087581fdc32365603dd81b88f8669fc6c7ca1af7c5,masked_substitution,bce96dd9a3c801a2f404f4505c6c6317d16efa9ab3d79d85f372fcd1a2fa69fb,primary_parent,fef9246bf522c2c2d9e06f76c1f0b40a34eea229868bdcf78b51c159154681ae,macrel_amp_probability,numeric,true,same_frozen_numeric_contract,maximize,probability,0.228,0.218,-0.010000000000000009,-0.010000000000000009,true,2423bf4726944c238e83c37771d61681cc339abd12f96a5339106e79ff3ec729
fgf2,fc2cf4ef4f49c1a28882b0087581fdc32365603dd81b88f8669fc6c7ca1af7c5,masked_substitution,bce96dd9a3c801a2f404f4505c6c6317d16efa9ab3d79d85f372fcd1a2fa69fb,primary_parent,fef9246bf522c2c2d9e06f76c1f0b40a34eea229868bdcf78b51c159154681ae,macrel_hemolysis_label,categorical,true,same_frozen_label_contract,audit,label,low,low,,,false,c86ba4c6c6a648517ca5242c6319b4d9f7183052b00cdb7b483523918441431c
fgf2,fc2cf4ef4f49c1a28882b0087581fdc32365603dd81b88f8669fc6c7ca1af7c5,masked_substitution,bce96dd9a3c801a2f404f4505c6c6317d16efa9ab3d79d85f372fcd1a2fa69fb,primary_parent,fef9246bf522c2c2d9e06f76c1f0b40a34eea229868bdcf78b51c159154681ae,macrel_hemolysis_probability,numeric,true,same_frozen_numeric_contract,minimize,probability,0.376,0.337,-0.03899999999999998,0.03899999999999998,true,0b26bdcfb6344a21688f3268102e5da46a66ed85358fa42d2578a27ed7a1a52b
fgf2,fc2cf4ef4f49c1a28882b0087581fdc32365603dd81b88f8669fc6c7ca1af7c5,masked_substitution,bce96dd9a3c801a2f404f4505c6c6317d16efa9ab3d79d85f372fcd1a2fa69fb,primary_parent,fef9246bf522c2c2d9e06f76c1f0b40a34eea229868bdcf78b51c159154681ae,maximum_hydrophobic_run,numeric,true,same_frozen_numeric_contract,minimize,residues,2.0,2.0,0.0,-0.0,false,9bfe6f844b841c59b1c337cbc3690d74df2f06f17d6da1c20b80bce6508d156d
fgf2,fc2cf4ef4f49c1a28882b0087581fdc32365603dd81b88f8669fc6c7ca1af7c5,masked_substitution,bce96dd9a3c801a2f404f4505c6c6317d16efa9ab3d79d85f372fcd1a2fa69fb,primary_parent,fef9246bf522c2c2d9e06f76c1f0b40a34eea229868bdcf78b51c159154681ae,net_charge_ph7_4,numeric,false,audit_metric_has_no_monotonic_improvement_direction,audit,elementary_charge,7.026,7.026,0.0,,false,b9dd21e1a27106748101e67778b93847aaa52f1b0ddb041259a803513154e265
fgf2,fc2cf4ef4f49c1a28882b0087581fdc32365603dd81b88f8669fc6c7ca1af7c5,masked_substitution,bce96dd9a3c801a2f404f4505c6c6317d16efa9ab3d79d85f372fcd1a2fa69fb,primary_parent,fef9246bf522c2c2d9e06f76c1f0b40a34eea229868bdcf78b51c159154681ae,toxinpred3_hybrid_score,numeric,true,same_frozen_numeric_contract,minimize,dimensionless,0.235,0.0,-0.235,0.235,true,f30ea10098901401954b795d6ca566c7796d2bc665166c96a7cd6d9a2dd058ad
fgf2,fc2cf4ef4f49c1a28882b0087581fdc32365603dd81b88f8669fc6c7ca1af7c5,masked_substitution,bce96dd9a3c801a2f404f4505c6c6317d16efa9ab3d79d85f372fcd1a2fa69fb,primary_parent,fef9246bf522c2c2d9e06f76c1f0b40a34eea229868bdcf78b51c159154681ae,toxinpred3_label,categorical,true,same_frozen_label_contract,audit,label,Non-Toxin,Non-Toxin,,,false,428ddca3a6e21bffc286a1e20aadc97f5ea15f471a0e52986c29c7764daa1cf7
fgf2,3c1665329ef85f9a3c9208dcb3878e12616e0afa9647209549c64020c068a664,masked_substitution,59ff8dfd485c27b617e10e8a31688742a9792bffd24d397b1e165354e1de30ba,primary_parent,fef9246bf522c2c2d9e06f76c1f0b40a34eea229868bdcf78b51c159154681ae,amp_read_log10_mic_um,numeric,true,same_frozen_numeric_contract,minimize,log10(uM),2.915548413288972,2.6949609851543306,-0.2205874281346416,0.2205874281346416,true,635c08c720f3c3a2ef6b452550c4e080a1412ee449de63933c4afd344cc40385
fgf2,3c1665329ef85f9a3c9208dcb3878e12616e0afa9647209549c64020c068a664,masked_substitution,59ff8dfd485c27b617e10e8a31688742a9792bffd24d397b1e165354e1de30ba,primary_parent,fef9246bf522c2c2d9e06f76c1f0b40a34eea229868bdcf78b51c159154681ae,guruprasad_instability_index,numeric,true,same_frozen_numeric_contract,minimize,index,22.327273,11.58181818181818,-10.745454818181821,10.745454818181821,true,a2a8e1d5e4b31d4af031cca2db91fb52bfcb3ad97265f101ef3421bebca3c856
fgf2,3c1665329ef85f9a3c9208dcb3878e12616e0afa9647209549c64020c068a664,masked_substitution,59ff8dfd485c27b617e10e8a31688742a9792bffd24d397b1e165354e1de30ba,primary_parent,fef9246bf522c2c2d9e06f76c1f0b40a34eea229868bdcf78b51c159154681ae,hydrophobic_moment_eisenberg,numeric,false,audit_metric_has_no_monotonic_improvement_direction,audit,dimensionless,0.34127361170072296,0.2873536871408277,-0.05391992455989525,,true,69247b12438d439a79890860cee3b5c61c5067a97cd7104a5a05adf546ea8927
fgf2,3c1665329ef85f9a3c9208dcb3878e12616e0afa9647209549c64020c068a664,masked_substitution,59ff8dfd485c27b617e10e8a31688742a9792bffd24d397b1e165354e1de30ba,primary_parent,fef9246bf522c2c2d9e06f76c1f0b40a34eea229868bdcf78b51c159154681ae,hydrophobic_ratio_modlamp,numeric,false,audit_metric_has_no_monotonic_improvement_direction,audit,fraction,0.09090909090909091,0.13636363636363635,0.04545454545454544,,true,500cd9fc146ff2c0b953ab025d1b9e10a0f257d06921bf621b97ba4c9ee53c89
fgf2,3c1665329ef85f9a3c9208dcb3878e12616e0afa9647209549c64020c068a664,masked_substitution,59ff8dfd485c27b617e10e8a31688742a9792bffd24d397b1e165354e1de30ba,primary_parent,fef9246bf522c2c2d9e06f76c1f0b40a34eea229868bdcf78b51c159154681ae,llamp_log10_mic_um,numeric,true,same_frozen_numeric_contract,minimize,log10(uM),1.6722277402877808,1.7300187349319458,0.05779099464416504,-0.05779099464416504,true,fc703a2d82b90051b438a79095c087d787900d0f99f76d9a2675142c7cab9d64
fgf2,3c1665329ef85f9a3c9208dcb3878e12616e0afa9647209549c64020c068a664,masked_substitution,59ff8dfd485c27b617e10e8a31688742a9792bffd24d397b1e165354e1de30ba,primary_parent,fef9246bf522c2c2d9e06f76c1f0b40a34eea229868bdcf78b51c159154681ae,macrel_amp_probability,numeric,true,same_frozen_numeric_contract,maximize,probability,0.228,0.277,0.049000000000000016,0.049000000000000016,true,39d3012b2f62b0f65804fa573e5d24db144f7d60f34d3dc176da0ba37b470d01
fgf2,3c1665329ef85f9a3c9208dcb3878e12616e0afa9647209549c64020c068a664,masked_substitution,59ff8dfd485c27b617e10e8a31688742a9792bffd24d397b1e165354e1de30ba,primary_parent,fef9246bf522c2c2d9e06f76c1f0b40a34eea229868bdcf78b51c159154681ae,macrel_hemolysis_label,categorical,true,same_frozen_label_contract,audit,label,low,low,,,false,787dc7236bfdf869b50758d6df0c5c0fd20e452598f7feb8e97113906df675bb
fgf2,3c1665329ef85f9a3c9208dcb3878e12616e0afa9647209549c64020c068a664,masked_substitution,59ff8dfd485c27b617e10e8a31688742a9792bffd24d397b1e165354e1de30ba,primary_parent,fef9246bf522c2c2d9e06f76c1f0b40a34eea229868bdcf78b51c159154681ae,macrel_hemolysis_probability,numeric,true,same_frozen_numeric_contract,minimize,probability,0.376,0.396,0.020000000000000018,-0.020000000000000018,true,6a82206143ceb7645b716ea618cd3191a445a5e604a4ec4b4dfaeccccaa36972
fgf2,3c1665329ef85f9a3c9208dcb3878e12616e0afa9647209549c64020c068a664,masked_substitution,59ff8dfd485c27b617e10e8a31688742a9792bffd24d397b1e165354e1de30ba,primary_parent,fef9246bf522c2c2d9e06f76c1f0b40a34eea229868bdcf78b51c159154681ae,maximum_hydrophobic_run,numeric,true,same_frozen_numeric_contract,minimize,residues,2.0,2.0,0.0,-0.0,false,e133db1c521a95177b9847fa03a1b4237471443583ce82a76dfb95e763107cdd
fgf2,3c1665329ef85f9a3c9208dcb3878e12616e0afa9647209549c64020c068a664,masked_substitution,59ff8dfd485c27b617e10e8a31688742a9792bffd24d397b1e165354e1de30ba,primary_parent,fef9246bf522c2c2d9e06f76c1f0b40a34eea229868bdcf78b51c159154681ae,net_charge_ph7_4,numeric,false,audit_metric_has_no_monotonic_improvement_direction,audit,elementary_charge,7.026,7.026,0.0,,false,82d603dea68aa4124c256a30cca9ea2f9efb7cfee80caf403359d5dfd9410b26
fgf2,3c1665329ef85f9a3c9208dcb3878e12616e0afa9647209549c64020c068a664,masked_substitution,59ff8dfd485c27b617e10e8a31688742a9792bffd24d397b1e165354e1de30ba,primary_parent,fef9246bf522c2c2d9e06f76c1f0b40a34eea229868bdcf78b51c159154681ae,toxinpred3_hybrid_score,numeric,true,same_frozen_numeric_contract,minimize,dimensionless,0.235,0.25,0.015000000000000013,-0.015000000000000013,true,7a9b4db59839fcf0e46bf7fae4c85ccf0808268036e8fd39dfc508db06b8fec5
fgf2,3c1665329ef85f9a3c9208dcb3878e12616e0afa9647209549c64020c068a664,masked_substitution,59ff8dfd485c27b617e10e8a31688742a9792bffd24d397b1e165354e1de30ba,primary_parent,fef9246bf522c2c2d9e06f76c1f0b40a34eea229868bdcf78b51c159154681ae,toxinpred3_label,categorical,true,same_frozen_label_contract,audit,label,Non-Toxin,Non-Toxin,,,false,9839fbaa7736ff8542621e8b9951f424dab449f6244a6e8c7a26a5ca3b902278
fgf2,d173fd01f30ef7a5917327587b2b1645da3f245144a3294d8e10c2921ccd2a84,masked_substitution,3549313f657cbbe10d64fe7aca12e145ac2ed840ba639d06604a78560f4dbb5e,primary_parent,fef9246bf522c2c2d9e06f76c1f0b40a34eea229868bdcf78b51c159154681ae,amp_read_log10_mic_um,numeric,true,same_frozen_numeric_contract,minimize,log10(uM),2.915548413288972,2.6995369067607045,-0.21601150652826773,0.21601150652826773,true,c0444a3b898147733dff067b7eba6338a1de29e00f80c77bda751d495f07daff
fgf2,d173fd01f30ef7a5917327587b2b1645da3f245144a3294d8e10c2921ccd2a84,masked_substitution,3549313f657cbbe10d64fe7aca12e145ac2ed840ba639d06604a78560f4dbb5e,primary_parent,fef9246bf522c2c2d9e06f76c1f0b40a34eea229868bdcf78b51c159154681ae,guruprasad_instability_index,numeric,true,same_frozen_numeric_contract,minimize,index,22.327273,22.345454545454544,0.018181545454542203,-0.018181545454542203,true,9dd820ffdd9eba64cdb216e36b9df8e9cc4a3a2487aa7c21be67a29ff0ad202e
fgf2,d173fd01f30ef7a5917327587b2b1645da3f245144a3294d8e10c2921ccd2a84,masked_substitution,3549313f657cbbe10d64fe7aca12e145ac2ed840ba639d06604a78560f4dbb5e,primary_parent,fef9246bf522c2c2d9e06f76c1f0b40a34eea229868bdcf78b51c159154681ae,hydrophobic_moment_eisenberg,numeric,false,audit_metric_has_no_monotonic_improvement_direction,audit,dimensionless,0.34127361170072296,0.2961130820351278,-0.04516052966559514,,true,1e72619b6beb8081593e6e65a05b5bc38807b68640c295f16aebc418b0af1531
fgf2,d173fd01f30ef7a5917327587b2b1645da3f245144a3294d8e10c2921ccd2a84,masked_substitution,3549313f657cbbe10d64fe7aca12e145ac2ed840ba639d06604a78560f4dbb5e,primary_parent,fef9246bf522c2c2d9e06f76c1f0b40a34eea229868bdcf78b51c159154681ae,hydrophobic_ratio_modlamp,numeric,false,audit_metric_has_no_monotonic_improvement_direction,audit,fraction,0.09090909090909091,0.09090909090909091,0.0,,false,86eadaa2ba8f3388fb2a4176793606ae2314e654368e64c408ea807620a9a4be
fgf2,d173fd01f30ef7a5917327587b2b1645da3f245144a3294d8e10c2921ccd2a84,masked_substitution,3549313f657cbbe10d64fe7aca12e145ac2ed840ba639d06604a78560f4dbb5e,primary_parent,fef9246bf522c2c2d9e06f76c1f0b40a34eea229868bdcf78b51c159154681ae,llamp_log10_mic_um,numeric,true,same_frozen_numeric_contract,minimize,log10(uM),1.6722277402877808,1.8538416624069214,0.18161392211914062,-0.18161392211914062,true,d43f6ffe620de37b2b7272fc436ae0a4f169a73721307fbeba4d0eda0f55c386
fgf2,d173fd01f30ef7a5917327587b2b1645da3f245144a3294d8e10c2921ccd2a84,masked_substitution,3549313f657cbbe10d64fe7aca12e145ac2ed840ba639d06604a78560f4dbb5e,primary_parent,fef9246bf522c2c2d9e06f76c1f0b40a34eea229868bdcf78b51c159154681ae,macrel_amp_probability,numeric,true,same_frozen_numeric_contract,maximize,probability,0.228,0.257,0.028999999999999998,0.028999999999999998,true,df4748aecce6a035e3208425e9d7ed6ec99c8552d7601aa81e7dae45bfdfbaf5
fgf2,d173fd01f30ef7a5917327587b2b1645da3f245144a3294d8e10c2921ccd2a84,masked_substitution,3549313f657cbbe10d64fe7aca12e145ac2ed840ba639d06604a78560f4dbb5e,primary_parent,fef9246bf522c2c2d9e06f76c1f0b40a34eea229868bdcf78b51c159154681ae,macrel_hemolysis_label,categorical,true,same_frozen_label_contract,audit,label,low,low,,,false,b7dae5b6444e21605d40bcb8aff2666b4ae1eb664f13242fa5263448c0cb1d7a
fgf2,d173fd01f30ef7a5917327587b2b1645da3f245144a3294d8e10c2921ccd2a84,masked_substitution,3549313f657cbbe10d64fe7aca12e145ac2ed840ba639d06604a78560f4dbb5e,primary_parent,fef9246bf522c2c2d9e06f76c1f0b40a34eea229868bdcf78b51c159154681ae,macrel_hemolysis_probability,numeric,true,same_frozen_numeric_contract,minimize,probability,0.376,0.347,-0.029000000000000026,0.029000000000000026,true,f48d1092c35a8a926cae263a7d1636d206dd521145a1110cec36e9308fb3631b
fgf2,d173fd01f30ef7a5917327587b2b1645da3f245144a3294d8e10c2921ccd2a84,masked_substitution,3549313f657cbbe10d64fe7aca12e145ac2ed840ba639d06604a78560f4dbb5e,primary_parent,fef9246bf522c2c2d9e06f76c1f0b40a34eea229868bdcf78b51c159154681ae,maximum_hydrophobic_run,numeric,true,same_frozen_numeric_contract,minimize,residues,2.0,2.0,0.0,-0.0,false,d6938279d93108e98c096f8cb77195f27b5a3ac96280342d76b153561574b683
fgf2,d173fd01f30ef7a5917327587b2b1645da3f245144a3294d8e10c2921ccd2a84,masked_substitution,3549313f657cbbe10d64fe7aca12e145ac2ed840ba639d06604a78560f4dbb5e,primary_parent,fef9246bf522c2c2d9e06f76c1f0b40a34eea229868bdcf78b51c159154681ae,net_charge_ph7_4,numeric,false,audit_metric_has_no_monotonic_improvement_direction,audit,elementary_charge,7.026,7.026,0.0,,false,d1ea8ebd4bb1bf30e2e1aeaf4759fbf3db4e95365e7d210245d6658f24fc4d49
fgf2,d173fd01f30ef7a5917327587b2b1645da3f245144a3294d8e10c2921ccd2a84,masked_substitution,3549313f657cbbe10d64fe7aca12e145ac2ed840ba639d06604a78560f4dbb5e,primary_parent,fef9246bf522c2c2d9e06f76c1f0b40a34eea229868bdcf78b51c159154681ae,toxinpred3_hybrid_score,numeric,true,same_frozen_numeric_contract,minimize,dimensionless,0.235,0.245,0.010000000000000009,-0.010000000000000009,true,d467963a60ace7b2b3b6d2828f269ba9187903892361c866b055fe656fc5e29a
fgf2,d173fd01f30ef7a5917327587b2b1645da3f245144a3294d8e10c2921ccd2a84,masked_substitution,3549313f657cbbe10d64fe7aca12e145ac2ed840ba639d06604a78560f4dbb5e,primary_parent,fef9246bf522c2c2d9e06f76c1f0b40a34eea229868bdcf78b51c159154681ae,toxinpred3_label,categorical,true,same_frozen_label_contract,audit,label,Non-Toxin,Non-Toxin,,,false,3e48f62a1df108b3363b237913c80d860a0154af700391b0ff5eb0340cfa0b2d
fgf2,5c7c4370cb25d47ee595b496965e018fcd25ab3350a20c359beff8d52f27d506,masked_substitution,8fd86843324e68a7f67e7527dc8a542679e4a2349760246602b5ac293beee5f9,primary_parent,fef9246bf522c2c2d9e06f76c1f0b40a34eea229868bdcf78b51c159154681ae,amp_read_log10_mic_um,numeric,true,same_frozen_numeric_contract,minimize,log10(uM),2.915548413288972,2.7834059389286256,-0.13214247436034654,0.13214247436034654,true,5d0d3102d8445d8b5981825bdff3f31e79dcf3b37eb665893048fa477b61ebea
fgf2,5c7c4370cb25d47ee595b496965e018fcd25ab3350a20c359beff8d52f27d506,masked_substitution,8fd86843324e68a7f67e7527dc8a542679e4a2349760246602b5ac293beee5f9,primary_parent,fef9246bf522c2c2d9e06f76c1f0b40a34eea229868bdcf78b51c159154681ae,guruprasad_instability_index,numeric,true,same_frozen_numeric_contract,minimize,index,22.327273,17.19090909090909,-5.13636390909091,5.13636390909091,true,aca3cd1bf9fa895b9e6d6002ce28b8eb2695c449eace7efe3ee68b5c0dd51235
fgf2,5c7c4370cb25d47ee595b496965e018fcd25ab3350a20c359beff8d52f27d506,masked_substitution,8fd86843324e68a7f67e7527dc8a542679e4a2349760246602b5ac293beee5f9,primary_parent,fef9246bf522c2c2d9e06f76c1f0b40a34eea229868bdcf78b51c159154681ae,hydrophobic_moment_eisenberg,numeric,false,audit_metric_has_no_monotonic_improvement_direction,audit,dimensionless,0.34127361170072296,0.3097720128884987,-0.03150159881222425,,true,d277e2615f0cb9599f072ccb8ca11a9950c01b4f74f53c3a01f320a2b788233d
fgf2,5c7c4370cb25d47ee595b496965e018fcd25ab3350a20c359beff8d52f27d506,masked_substitution,8fd86843324e68a7f67e7527dc8a542679e4a2349760246602b5ac293beee5f9,primary_parent,fef9246bf522c2c2d9e06f76c1f0b40a34eea229868bdcf78b51c159154681ae,hydrophobic_ratio_modlamp,numeric,false,audit_metric_has_no_monotonic_improvement_direction,audit,fraction,0.09090909090909091,0.09090909090909091,0.0,,false,dca883a5b17ea1b3e331f426ddc11c8e8ba845d80c1a2227c920e3b6e2f95f41
fgf2,5c7c4370cb25d47ee595b496965e018fcd25ab3350a20c359beff8d52f27d506,masked_substitution,8fd86843324e68a7f67e7527dc8a542679e4a2349760246602b5ac293beee5f9,primary_parent,fef9246bf522c2c2d9e06f76c1f0b40a34eea229868bdcf78b51c159154681ae,llamp_log10_mic_um,numeric,true,same_frozen_numeric_contract,minimize,log10(uM),1.6722277402877808,1.8842960596084595,0.2120683193206787,-0.2120683193206787,true,9b58322cbf93a60ff240f3e6cdc2375298fc92899e1f472aedaeeac0f2f39f83
fgf2,5c7c4370cb25d47ee595b496965e018fcd25ab3350a20c359beff8d52f27d506,masked_substitution,8fd86843324e68a7f67e7527dc8a542679e4a2349760246602b5ac293beee5f9,primary_parent,fef9246bf522c2c2d9e06f76c1f0b40a34eea229868bdcf78b51c159154681ae,macrel_amp_probability,numeric,true,same_frozen_numeric_contract,maximize,probability,0.228,0.257,0.028999999999999998,0.028999999999999998,true,4ca0b1e59a634b9a19ca8484ae4e8ed8fc2435af9d1c8ee7c462c3a68fcb00b9
fgf2,5c7c4370cb25d47ee595b496965e018fcd25ab3350a20c359beff8d52f27d506,masked_substitution,8fd86843324e68a7f67e7527dc8a542679e4a2349760246602b5ac293beee5f9,primary_parent,fef9246bf522c2c2d9e06f76c1f0b40a34eea229868bdcf78b51c159154681ae,macrel_hemolysis_label,categorical,true,same_frozen_label_contract,audit,label,low,low,,,false,5f97ad25581a9f9c93cea421a34b1aeed0f7094ecb23c7ca30960792db62d417
fgf2,5c7c4370cb25d47ee595b496965e018fcd25ab3350a20c359beff8d52f27d506,masked_substitution,8fd86843324e68a7f67e7527dc8a542679e4a2349760246602b5ac293beee5f9,primary_parent,fef9246bf522c2c2d9e06f76c1f0b40a34eea229868bdcf78b51c159154681ae,macrel_hemolysis_probability,numeric,true,same_frozen_numeric_contract,minimize,probability,0.376,0.356,-0.020000000000000018,0.020000000000000018,true,b59e6573d1b55b4a9a0169dc4c162d79776933f4da7e5145a2ec69f21b1a9095
fgf2,5c7c4370cb25d47ee595b496965e018fcd25ab3350a20c359beff8d52f27d506,masked_substitution,8fd86843324e68a7f67e7527dc8a542679e4a2349760246602b5ac293beee5f9,primary_parent,fef9246bf522c2c2d9e06f76c1f0b40a34eea229868bdcf78b51c159154681ae,maximum_hydrophobic_run,numeric,true,same_frozen_numeric_contract,minimize,residues,2.0,2.0,0.0,-0.0,false,92ddde090d01918698f8b1b14bc4c98bfeed5d27c64b037f917debaa87d8cff0
fgf2,5c7c4370cb25d47ee595b496965e018fcd25ab3350a20c359beff8d52f27d506,masked_substitution,8fd86843324e68a7f67e7527dc8a542679e4a2349760246602b5ac293beee5f9,primary_parent,fef9246bf522c2c2d9e06f76c1f0b40a34eea229868bdcf78b51c159154681ae,net_charge_ph7_4,numeric,false,audit_metric_has_no_monotonic_improvement_direction,audit,elementary_charge,7.026,7.024,-0.0019999999999997797,,true,93e697a4fa80e017580b5cc39e9dd0d31e0c0577e302575cee7ae1fa000a8407
fgf2,5c7c4370cb25d47ee595b496965e018fcd25ab3350a20c359beff8d52f27d506,masked_substitution,8fd86843324e68a7f67e7527dc8a542679e4a2349760246602b5ac293beee5f9,primary_parent,fef9246bf522c2c2d9e06f76c1f0b40a34eea229868bdcf78b51c159154681ae,toxinpred3_hybrid_score,numeric,true,same_frozen_numeric_contract,minimize,dimensionless,0.235,0.21,-0.024999999999999994,0.024999999999999994,true,237aeccaba17d7e3092a8fb9c721d2b886d6b44a42ad7403a0424f82e8ac7f6b
fgf2,5c7c4370cb25d47ee595b496965e018fcd25ab3350a20c359beff8d52f27d506,masked_substitution,8fd86843324e68a7f67e7527dc8a542679e4a2349760246602b5ac293beee5f9,primary_parent,fef9246bf522c2c2d9e06f76c1f0b40a34eea229868bdcf78b51c159154681ae,toxinpred3_label,categorical,true,same_frozen_label_contract,audit,label,Non-Toxin,Non-Toxin,,,false,4101981ce6eb8505842752d657557e47f74b308d73146fa8c193427e19b76c58
fgf2,3503ea8a1bb38661d6575a7bdb8dfb233e72eeb394adcc7c10163e83ad9a0a5c,masked_substitution,38efa17d4fd4ab14c3c64e17a38ec9e7e4d9292c6544115e287e3621852f5ce0,primary_parent,fef9246bf522c2c2d9e06f76c1f0b40a34eea229868bdcf78b51c159154681ae,amp_read_log10_mic_um,numeric,true,same_frozen_numeric_contract,minimize,log10(uM),2.915548413288972,2.83713144257396,-0.07841697071501219,0.07841697071501219,true,b89cd7cc2532d5e713272935c24278efe2a868ab6d726e77e7f2247a4c09e8d0
fgf2,3503ea8a1bb38661d6575a7bdb8dfb233e72eeb394adcc7c10163e83ad9a0a5c,masked_substitution,38efa17d4fd4ab14c3c64e17a38ec9e7e4d9292c6544115e287e3621852f5ce0,primary_parent,fef9246bf522c2c2d9e06f76c1f0b40a34eea229868bdcf78b51c159154681ae,guruprasad_instability_index,numeric,true,same_frozen_numeric_contract,minimize,index,22.327273,25.75454545454545,3.4272724545454487,-3.4272724545454487,true,9f893ad483951d79e6f125012044fc1f8c0c0c30360f820a62c3f16cf4e06e7e
fgf2,3503ea8a1bb38661d6575a7bdb8dfb233e72eeb394adcc7c10163e83ad9a0a5c,masked_substitution,38efa17d4fd4ab14c3c64e17a38ec9e7e4d9292c6544115e287e3621852f5ce0,primary_parent,fef9246bf522c2c2d9e06f76c1f0b40a34eea229868bdcf78b51c159154681ae,hydrophobic_moment_eisenberg,numeric,false,audit_metric_has_no_monotonic_improvement_direction,audit,dimensionless,0.34127361170072296,0.41292587617775606,0.0716522644770331,,true,bbe48ac48afaf04e4ea703043fb8199190d648920694ebaa9b2383dadd5eed19
fgf2,3503ea8a1bb38661d6575a7bdb8dfb233e72eeb394adcc7c10163e83ad9a0a5c,masked_substitution,38efa17d4fd4ab14c3c64e17a38ec9e7e4d9292c6544115e287e3621852f5ce0,primary_parent,fef9246bf522c2c2d9e06f76c1f0b40a34eea229868bdcf78b51c159154681ae,hydrophobic_ratio_modlamp,numeric,false,audit_metric_has_no_monotonic_improvement_direction,audit,fraction,0.09090909090909091,0.13636363636363635,0.04545454545454544,,true,6abc11b5f3a53ac82668495c280dac7e78aac85465f7da37633cd370fad178b9
fgf2,3503ea8a1bb38661d6575a7bdb8dfb233e72eeb394adcc7c10163e83ad9a0a5c,masked_substitution,38efa17d4fd4ab14c3c64e17a38ec9e7e4d9292c6544115e287e3621852f5ce0,primary_parent,fef9246bf522c2c2d9e06f76c1f0b40a34eea229868bdcf78b51c159154681ae,llamp_log10_mic_um,numeric,true,same_frozen_numeric_contract,minimize,log10(uM),1.6722277402877808,1.6913456916809082,0.01911795139312744,-0.01911795139312744,true,8bd3e21dfffff28874c42c516756f614029d7f6d7d587277a1ac773113a06441
fgf2,3503ea8a1bb38661d6575a7bdb8dfb233e72eeb394adcc7c10163e83ad9a0a5c,masked_substitution,38efa17d4fd4ab14c3c64e17a38ec9e7e4d9292c6544115e287e3621852f5ce0,primary_parent,fef9246bf522c2c2d9e06f76c1f0b40a34eea229868bdcf78b51c159154681ae,macrel_amp_probability,numeric,true,same_frozen_numeric_contract,maximize,probability,0.228,0.198,-0.03,-0.03,true,627b74841c5ca6524ff7c8df1057e4e8f4356540a23dfb0cdb90fe28654efedf
fgf2,3503ea8a1bb38661d6575a7bdb8dfb233e72eeb394adcc7c10163e83ad9a0a5c,masked_substitution,38efa17d4fd4ab14c3c64e17a38ec9e7e4d9292c6544115e287e3621852f5ce0,primary_parent,fef9246bf522c2c2d9e06f76c1f0b40a34eea229868bdcf78b51c159154681ae,macrel_hemolysis_label,categorical,true,same_frozen_label_contract,audit,label,low,low,,,false,e8432cde27889fa1f3716d65f44fec1a8647d7cc6014937e141df0914b3d6c65
fgf2,3503ea8a1bb38661d6575a7bdb8dfb233e72eeb394adcc7c10163e83ad9a0a5c,masked_substitution,38efa17d4fd4ab14c3c64e17a38ec9e7e4d9292c6544115e287e3621852f5ce0,primary_parent,fef9246bf522c2c2d9e06f76c1f0b40a34eea229868bdcf78b51c159154681ae,macrel_hemolysis_probability,numeric,true,same_frozen_numeric_contract,minimize,probability,0.376,0.366,-0.010000000000000009,0.010000000000000009,true,73ab848a47657b9691f7710f6e1c73aea37a60018352ebfe06959dac03ac280b
fgf2,3503ea8a1bb38661d6575a7bdb8dfb233e72eeb394adcc7c10163e83ad9a0a5c,masked_substitution,38efa17d4fd4ab14c3c64e17a38ec9e7e4d9292c6544115e287e3621852f5ce0,primary_parent,fef9246bf522c2c2d9e06f76c1f0b40a34eea229868bdcf78b51c159154681ae,maximum_hydrophobic_run,numeric,true,same_frozen_numeric_contract,minimize,residues,2.0,2.0,0.0,-0.0,false,ef268b2ad3e355a199db154d5ecabfbe239c3a937a07e11db5bedf3c466aec2a
fgf2,3503ea8a1bb38661d6575a7bdb8dfb233e72eeb394adcc7c10163e83ad9a0a5c,masked_substitution,38efa17d4fd4ab14c3c64e17a38ec9e7e4d9292c6544115e287e3621852f5ce0,primary_parent,fef9246bf522c2c2d9e06f76c1f0b40a34eea229868bdcf78b51c159154681ae,net_charge_ph7_4,numeric,false,audit_metric_has_no_monotonic_improvement_direction,audit,elementary_charge,7.026,6.984,-0.041999999999999815,,true,dfdc9fbee3bf2635cfffde787cc08f292bca44419188362419bc0384d50f8899
fgf2,3503ea8a1bb38661d6575a7bdb8dfb233e72eeb394adcc7c10163e83ad9a0a5c,masked_substitution,38efa17d4fd4ab14c3c64e17a38ec9e7e4d9292c6544115e287e3621852f5ce0,primary_parent,fef9246bf522c2c2d9e06f76c1f0b40a34eea229868bdcf78b51c159154681ae,toxinpred3_hybrid_score,numeric,true,same_frozen_numeric_contract,minimize,dimensionless,0.235,0.21,-0.024999999999999994,0.024999999999999994,true,ebda060ad76be281f18a6c5f6a5da01282ddbe4ec0a11627683959d92a613e56
fgf2,3503ea8a1bb38661d6575a7bdb8dfb233e72eeb394adcc7c10163e83ad9a0a5c,masked_substitution,38efa17d4fd4ab14c3c64e17a38ec9e7e4d9292c6544115e287e3621852f5ce0,primary_parent,fef9246bf522c2c2d9e06f76c1f0b40a34eea229868bdcf78b51c159154681ae,toxinpred3_label,categorical,true,same_frozen_label_contract,audit,label,Non-Toxin,Non-Toxin,,,false,1be72ac2426c6582150e60f5adb610af7a211f641db249fba48def606d8fd568
fgf2,1e3c4391060191123108931d713107b06d39801c068484e374eaec7fe761e3c1,masked_substitution,e1f2bf95f8d448a0fcf91d046ac9727cc954392787b5a39f7437afc667adede0,primary_parent,fef9246bf522c2c2d9e06f76c1f0b40a34eea229868bdcf78b51c159154681ae,amp_read_log10_mic_um,numeric,true,same_frozen_numeric_contract,minimize,log10(uM),2.915548413288972,2.8730977197734093,-0.042450693515562854,0.042450693515562854,true,b749bb127e2d063681ddc2f574d07d04ad5701b4e605eda2e8e7466977225492
fgf2,1e3c4391060191123108931d713107b06d39801c068484e374eaec7fe761e3c1,masked_substitution,e1f2bf95f8d448a0fcf91d046ac9727cc954392787b5a39f7437afc667adede0,primary_parent,fef9246bf522c2c2d9e06f76c1f0b40a34eea229868bdcf78b51c159154681ae,guruprasad_instability_index,numeric,true,same_frozen_numeric_contract,minimize,index,22.327273,25.75454545454545,3.4272724545454487,-3.4272724545454487,true,be839fb4d5415635d963120a05b3b962fbd5f0cb79de9fb2596816a0a1756922
fgf2,1e3c4391060191123108931d713107b06d39801c068484e374eaec7fe761e3c1,masked_substitution,e1f2bf95f8d448a0fcf91d046ac9727cc954392787b5a39f7437afc667adede0,primary_parent,fef9246bf522c2c2d9e06f76c1f0b40a34eea229868bdcf78b51c159154681ae,hydrophobic_moment_eisenberg,numeric,false,audit_metric_has_no_monotonic_improvement_direction,audit,dimensionless,0.34127361170072296,0.4007135430978925,0.05943993139716952,,true,578d9d0bc8729f343baf420bdc139a6ef4378ccb60ac38175b998907dcdcc90d
fgf2,1e3c4391060191123108931d713107b06d39801c068484e374eaec7fe761e3c1,masked_substitution,e1f2bf95f8d448a0fcf91d046ac9727cc954392787b5a39f7437afc667adede0,primary_parent,fef9246bf522c2c2d9e06f76c1f0b40a34eea229868bdcf78b51c159154681ae,hydrophobic_ratio_modlamp,numeric,false,audit_metric_has_no_monotonic_improvement_direction,audit,fraction,0.09090909090909091,0.13636363636363635,0.04545454545454544,,true,e4d726b725661228e3bd3a140664b40ae6d08293b52996af23dc05b3e45b5586
fgf2,1e3c4391060191123108931d713107b06d39801c068484e374eaec7fe761e3c1,masked_substitution,e1f2bf95f8d448a0fcf91d046ac9727cc954392787b5a39f7437afc667adede0,primary_parent,fef9246bf522c2c2d9e06f76c1f0b40a34eea229868bdcf78b51c159154681ae,llamp_log10_mic_um,numeric,true,same_frozen_numeric_contract,minimize,log10(uM),1.6722277402877808,1.7719736099243164,0.09974586963653564,-0.09974586963653564,true,48cf17272a93af5c4526a6b978ebbb01527f354b67d96498e4eb8459afab3df8
fgf2,1e3c4391060191123108931d713107b06d39801c068484e374eaec7fe761e3c1,masked_substitution,e1f2bf95f8d448a0fcf91d046ac9727cc954392787b5a39f7437afc667adede0,primary_parent,fef9246bf522c2c2d9e06f76c1f0b40a34eea229868bdcf78b51c159154681ae,macrel_amp_probability,numeric,true,same_frozen_numeric_contract,maximize,probability,0.228,0.198,-0.03,-0.03,true,f2772552b8e87faa61e9b9681e80b666efc3075d714651ef955fd9223d59810a
fgf2,1e3c4391060191123108931d713107b06d39801c068484e374eaec7fe761e3c1,masked_substitution,e1f2bf95f8d448a0fcf91d046ac9727cc954392787b5a39f7437afc667adede0,primary_parent,fef9246bf522c2c2d9e06f76c1f0b40a34eea229868bdcf78b51c159154681ae,macrel_hemolysis_label,categorical,true,same_frozen_label_contract,audit,label,low,low,,,false,69992123f4a1844a9d0b1e60092ba3cc1fe9e7834f245d6f9ca3ff79cedfb0db
fgf2,1e3c4391060191123108931d713107b06d39801c068484e374eaec7fe761e3c1,masked_substitution,e1f2bf95f8d448a0fcf91d046ac9727cc954392787b5a39f7437afc667adede0,primary_parent,fef9246bf522c2c2d9e06f76c1f0b40a34eea229868bdcf78b51c159154681ae,macrel_hemolysis_probability,numeric,true,same_frozen_numeric_contract,minimize,probability,0.376,0.327,-0.04899999999999999,0.04899999999999999,true,da965178347793384c4619d204fb50dddbcfb7f680579d20465bc776ac5945da
fgf2,1e3c4391060191123108931d713107b06d39801c068484e374eaec7fe761e3c1,masked_substitution,e1f2bf95f8d448a0fcf91d046ac9727cc954392787b5a39f7437afc667adede0,primary_parent,fef9246bf522c2c2d9e06f76c1f0b40a34eea229868bdcf78b51c159154681ae,maximum_hydrophobic_run,numeric,true,same_frozen_numeric_contract,minimize,residues,2.0,2.0,0.0,-0.0,false,70314d8f02ef4db6442bdbd12c816df9c6650fa3e50036ed1f54e14947a91f5a
fgf2,1e3c4391060191123108931d713107b06d39801c068484e374eaec7fe761e3c1,masked_substitution,e1f2bf95f8d448a0fcf91d046ac9727cc954392787b5a39f7437afc667adede0,primary_parent,fef9246bf522c2c2d9e06f76c1f0b40a34eea229868bdcf78b51c159154681ae,net_charge_ph7_4,numeric,false,audit_metric_has_no_monotonic_improvement_direction,audit,elementary_charge,7.026,6.984,-0.041999999999999815,,true,0eb759d980b65cb7cc59e87de8f24069528fbaff68d5b5dbdc3e36b728f4b38f
fgf2,1e3c4391060191123108931d713107b06d39801c068484e374eaec7fe761e3c1,masked_substitution,e1f2bf95f8d448a0fcf91d046ac9727cc954392787b5a39f7437afc667adede0,primary_parent,fef9246bf522c2c2d9e06f76c1f0b40a34eea229868bdcf78b51c159154681ae,toxinpred3_hybrid_score,numeric,true,same_frozen_numeric_contract,minimize,dimensionless,0.235,0.235,0.0,-0.0,false,c450c3c261bb438e78a76694ea84532f3c226101e8f5429145f514bac831c3ff
fgf2,1e3c4391060191123108931d713107b06d39801c068484e374eaec7fe761e3c1,masked_substitution,e1f2bf95f8d448a0fcf91d046ac9727cc954392787b5a39f7437afc667adede0,primary_parent,fef9246bf522c2c2d9e06f76c1f0b40a34eea229868bdcf78b51c159154681ae,toxinpred3_label,categorical,true,same_frozen_label_contract,audit,label,Non-Toxin,Non-Toxin,,,false,d688600f31b347f895f6777e866f0315f299747f36ba7255dc64ea22f14013ad
fgf2,6dd7735df2f1192b76265f3c7c358393070fcb61aeb691f75565f5403c956152,masked_substitution,40ae45b5c7c9d48ce665d2e6396f695010c9e5b3094c9babd4fff76d9dc08940,primary_parent,fef9246bf522c2c2d9e06f76c1f0b40a34eea229868bdcf78b51c159154681ae,amp_read_log10_mic_um,numeric,true,same_frozen_numeric_contract,minimize,log10(uM),2.915548413288972,2.8648051852883625,-0.05074322800060971,0.05074322800060971,true,17d44a4342444aa95c407c4b25f7d15382b456ff5b3f53a614eecc0593215b04
fgf2,6dd7735df2f1192b76265f3c7c358393070fcb61aeb691f75565f5403c956152,masked_substitution,40ae45b5c7c9d48ce665d2e6396f695010c9e5b3094c9babd4fff76d9dc08940,primary_parent,fef9246bf522c2c2d9e06f76c1f0b40a34eea229868bdcf78b51c159154681ae,guruprasad_instability_index,numeric,true,same_frozen_numeric_contract,minimize,index,22.327273,18.92272727272727,-3.4045457272727333,3.4045457272727333,true,6cb8661ebc47621e804bab97ddf49860f6a08e170a37fbf07b47058eb1a67d39
fgf2,6dd7735df2f1192b76265f3c7c358393070fcb61aeb691f75565f5403c956152,masked_substitution,40ae45b5c7c9d48ce665d2e6396f695010c9e5b3094c9babd4fff76d9dc08940,primary_parent,fef9246bf522c2c2d9e06f76c1f0b40a34eea229868bdcf78b51c159154681ae,hydrophobic_moment_eisenberg,numeric,false,audit_metric_has_no_monotonic_improvement_direction,audit,dimensionless,0.34127361170072296,0.3889982454247016,0.04772463372397867,,true,fbb8c3f86773d5ecf688c76adb288a480c6fee048f1994927a25a2155b5a55cc
fgf2,6dd7735df2f1192b76265f3c7c358393070fcb61aeb691f75565f5403c956152,masked_substitution,40ae45b5c7c9d48ce665d2e6396f695010c9e5b3094c9babd4fff76d9dc08940,primary_parent,fef9246bf522c2c2d9e06f76c1f0b40a34eea229868bdcf78b51c159154681ae,hydrophobic_ratio_modlamp,numeric,false,audit_metric_has_no_monotonic_improvement_direction,audit,fraction,0.09090909090909091,0.09090909090909091,0.0,,false,26669fb3755a79e6b68fd5c824d13090aacbbe626da7ef0ac81e7d55d1f4bd1d
fgf2,6dd7735df2f1192b76265f3c7c358393070fcb61aeb691f75565f5403c956152,masked_substitution,40ae45b5c7c9d48ce665d2e6396f695010c9e5b3094c9babd4fff76d9dc08940,primary_parent,fef9246bf522c2c2d9e06f76c1f0b40a34eea229868bdcf78b51c159154681ae,llamp_log10_mic_um,numeric,true,same_frozen_numeric_contract,minimize,log10(uM),1.6722277402877808,1.5727459192276,-0.09948182106018066,0.09948182106018066,true,6b2e51141e2525af30aa270a01381990d1e8a480edde8ff58efc76739f2d7614
fgf2,6dd7735df2f1192b76265f3c7c358393070fcb61aeb691f75565f5403c956152,masked_substitution,40ae45b5c7c9d48ce665d2e6396f695010c9e5b3094c9babd4fff76d9dc08940,primary_parent,fef9246bf522c2c2d9e06f76c1f0b40a34eea229868bdcf78b51c159154681ae,macrel_amp_probability,numeric,true,same_frozen_numeric_contract,maximize,probability,0.228,0.238,0.009999999999999981,0.009999999999999981,true,4a4d5e038c53ec6cf21539d95a4123728e5d0918f44a870fb82cdfb9d8aadaf3
fgf2,6dd7735df2f1192b76265f3c7c358393070fcb61aeb691f75565f5403c956152,masked_substitution,40ae45b5c7c9d48ce665d2e6396f695010c9e5b3094c9babd4fff76d9dc08940,primary_parent,fef9246bf522c2c2d9e06f76c1f0b40a34eea229868bdcf78b51c159154681ae,macrel_hemolysis_label,categorical,true,same_frozen_label_contract,audit,label,low,low,,,false,ca7221e3e5f771446dcd5c214f6934d59464e406e589ee43195dca2fbd05778b
fgf2,6dd7735df2f1192b76265f3c7c358393070fcb61aeb691f75565f5403c956152,masked_substitution,40ae45b5c7c9d48ce665d2e6396f695010c9e5b3094c9babd4fff76d9dc08940,primary_parent,fef9246bf522c2c2d9e06f76c1f0b40a34eea229868bdcf78b51c159154681ae,macrel_hemolysis_probability,numeric,true,same_frozen_numeric_contract,minimize,probability,0.376,0.356,-0.020000000000000018,0.020000000000000018,true,28709f9215d58a8afeb8a43936148d57f853397354492d062f62258718dee60a
fgf2,6dd7735df2f1192b76265f3c7c358393070fcb61aeb691f75565f5403c956152,masked_substitution,40ae45b5c7c9d48ce665d2e6396f695010c9e5b3094c9babd4fff76d9dc08940,primary_parent,fef9246bf522c2c2d9e06f76c1f0b40a34eea229868bdcf78b51c159154681ae,maximum_hydrophobic_run,numeric,true,same_frozen_numeric_contract,minimize,residues,2.0,2.0,0.0,-0.0,false,559dd836c9726074b92ebcdc940422c5b8163dc76c4bb79364cefdec2a483a5b
fgf2,6dd7735df2f1192b76265f3c7c358393070fcb61aeb691f75565f5403c956152,masked_substitution,40ae45b5c7c9d48ce665d2e6396f695010c9e5b3094c9babd4fff76d9dc08940,primary_parent,fef9246bf522c2c2d9e06f76c1f0b40a34eea229868bdcf78b51c159154681ae,net_charge_ph7_4,numeric,false,audit_metric_has_no_monotonic_improvement_direction,audit,elementary_charge,7.026,6.984,-0.041999999999999815,,true,b8875508fe95bdfe3ec7d557c4e82c86b8827e0f1c1cfedf90bb98b542570f7e
fgf2,6dd7735df2f1192b76265f3c7c358393070fcb61aeb691f75565f5403c956152,masked_substitution,40ae45b5c7c9d48ce665d2e6396f695010c9e5b3094c9babd4fff76d9dc08940,primary_parent,fef9246bf522c2c2d9e06f76c1f0b40a34eea229868bdcf78b51c159154681ae,toxinpred3_hybrid_score,numeric,true,same_frozen_numeric_contract,minimize,dimensionless,0.235,0.24,0.0050000000000000044,-0.0050000000000000044,true,e49b897ae6292b47472ac275966a45af2611a0c572906037fd7267f1d0e7d068
fgf2,6dd7735df2f1192b76265f3c7c358393070fcb61aeb691f75565f5403c956152,masked_substitution,40ae45b5c7c9d48ce665d2e6396f695010c9e5b3094c9babd4fff76d9dc08940,primary_parent,fef9246bf522c2c2d9e06f76c1f0b40a34eea229868bdcf78b51c159154681ae,toxinpred3_label,categorical,true,same_frozen_label_contract,audit,label,Non-Toxin,Non-Toxin,,,false,6e3e79228d4e34588c153697f2dd0d37c3296b77c5f456e6f83a62335a2c281d
fgf2,a0ecae89f44601455b954eaf2fc6ec3ff7da6c5e188dbf6a73a4d525ed158258,masked_substitution,7427adcced34582778fee2d1297139d3856211a96570cf3af6d4eadd07179bb5,primary_parent,fef9246bf522c2c2d9e06f76c1f0b40a34eea229868bdcf78b51c159154681ae,amp_read_log10_mic_um,numeric,true,same_frozen_numeric_contract,minimize,log10(uM),2.915548413288972,2.874402981136379,-0.04114543215259303,0.04114543215259303,true,162c3012fe13fca31f794479f7c2e97b895f65cf142122a38548386c83e43c1a
fgf2,a0ecae89f44601455b954eaf2fc6ec3ff7da6c5e188dbf6a73a4d525ed158258,masked_substitution,7427adcced34582778fee2d1297139d3856211a96570cf3af6d4eadd07179bb5,primary_parent,fef9246bf522c2c2d9e06f76c1f0b40a34eea229868bdcf78b51c159154681ae,guruprasad_instability_index,numeric,true,same_frozen_numeric_contract,minimize,index,22.327273,18.468181818181815,-3.8590911818181866,3.8590911818181866,true,b7bda186937926a001e2f3b26e3dc688d58378dab9a79167ff56d64700490d75
fgf2,a0ecae89f44601455b954eaf2fc6ec3ff7da6c5e188dbf6a73a4d525ed158258,masked_substitution,7427adcced34582778fee2d1297139d3856211a96570cf3af6d4eadd07179bb5,primary_parent,fef9246bf522c2c2d9e06f76c1f0b40a34eea229868bdcf78b51c159154681ae,hydrophobic_moment_eisenberg,numeric,false,audit_metric_has_no_monotonic_improvement_direction,audit,dimensionless,0.34127361170072296,0.3670529067484386,0.025779295047715645,,true,8407ff20e48b164600604776ddec11754baf545a1ba40f9955b20dc53becead6
fgf2,a0ecae89f44601455b954eaf2fc6ec3ff7da6c5e188dbf6a73a4d525ed158258,masked_substitution,7427adcced34582778fee2d1297139d3856211a96570cf3af6d4eadd07179bb5,primary_parent,fef9246bf522c2c2d9e06f76c1f0b40a34eea229868bdcf78b51c159154681ae,hydrophobic_ratio_modlamp,numeric,false,audit_metric_has_no_monotonic_improvement_direction,audit,fraction,0.09090909090909091,0.09090909090909091,0.0,,false,47653f53e03d744fb2378ed38343f3388333e60261ec3562cad29243598d9f74
fgf2,a0ecae89f44601455b954eaf2fc6ec3ff7da6c5e188dbf6a73a4d525ed158258,masked_substitution,7427adcced34582778fee2d1297139d3856211a96570cf3af6d4eadd07179bb5,primary_parent,fef9246bf522c2c2d9e06f76c1f0b40a34eea229868bdcf78b51c159154681ae,llamp_log10_mic_um,numeric,true,same_frozen_numeric_contract,minimize,log10(uM),1.6722277402877808,1.7084697484970093,0.036242008209228516,-0.036242008209228516,true,0c892231c7eccef333667be3a42f3323c969af5ec46fd7ef595c4c86da8f104d
fgf2,a0ecae89f44601455b954eaf2fc6ec3ff7da6c5e188dbf6a73a4d525ed158258,masked_substitution,7427adcced34582778fee2d1297139d3856211a96570cf3af6d4eadd07179bb5,primary_parent,fef9246bf522c2c2d9e06f76c1f0b40a34eea229868bdcf78b51c159154681ae,macrel_amp_probability,numeric,true,same_frozen_numeric_contract,maximize,probability,0.228,0.238,0.009999999999999981,0.009999999999999981,true,8eaf5f0ad0f400d7b6e1e9b6c35472de2e9ae81866ba094574b28dc3f8db4a76
fgf2,a0ecae89f44601455b954eaf2fc6ec3ff7da6c5e188dbf6a73a4d525ed158258,masked_substitution,7427adcced34582778fee2d1297139d3856211a96570cf3af6d4eadd07179bb5,primary_parent,fef9246bf522c2c2d9e06f76c1f0b40a34eea229868bdcf78b51c159154681ae,macrel_hemolysis_label,categorical,true,same_frozen_label_contract,audit,label,low,low,,,false,e17fbb53d3848278abaefb56173ef93ce790da3201d01b883df46f1bbf3a4c7a
fgf2,a0ecae89f44601455b954eaf2fc6ec3ff7da6c5e188dbf6a73a4d525ed158258,masked_substitution,7427adcced34582778fee2d1297139d3856211a96570cf3af6d4eadd07179bb5,primary_parent,fef9246bf522c2c2d9e06f76c1f0b40a34eea229868bdcf78b51c159154681ae,macrel_hemolysis_probability,numeric,true,same_frozen_numeric_contract,minimize,probability,0.376,0.356,-0.020000000000000018,0.020000000000000018,true,e0e008c5e27673beda033ace5dcbfdfaa01aa8c9ac97eb6824b7de7c173b53d0
fgf2,a0ecae89f44601455b954eaf2fc6ec3ff7da6c5e188dbf6a73a4d525ed158258,masked_substitution,7427adcced34582778fee2d1297139d3856211a96570cf3af6d4eadd07179bb5,primary_parent,fef9246bf522c2c2d9e06f76c1f0b40a34eea229868bdcf78b51c159154681ae,maximum_hydrophobic_run,numeric,true,same_frozen_numeric_contract,minimize,residues,2.0,2.0,0.0,-0.0,false,503728d5acf7aef267ff4645ccf09db484d573e8d0dd111c49719c2e2f23c7ef
fgf2,a0ecae89f44601455b954eaf2fc6ec3ff7da6c5e188dbf6a73a4d525ed158258,masked_substitution,7427adcced34582778fee2d1297139d3856211a96570cf3af6d4eadd07179bb5,primary_parent,fef9246bf522c2c2d9e06f76c1f0b40a34eea229868bdcf78b51c159154681ae,net_charge_ph7_4,numeric,false,audit_metric_has_no_monotonic_improvement_direction,audit,elementary_charge,7.026,6.982,-0.043999999999999595,,true,9beaa56fded95127b0a15f1e78df18277803bba07a4b081b7257938a59b71275
fgf2,a0ecae89f44601455b954eaf2fc6ec3ff7da6c5e188dbf6a73a4d525ed158258,masked_substitution,7427adcced34582778fee2d1297139d3856211a96570cf3af6d4eadd07179bb5,primary_parent,fef9246bf522c2c2d9e06f76c1f0b40a34eea229868bdcf78b51c159154681ae,toxinpred3_hybrid_score,numeric,true,same_frozen_numeric_contract,minimize,dimensionless,0.235,0.22,-0.014999999999999986,0.014999999999999986,true,66a10026e8c9b9cce4226b384c21b75744d378654d2c2533ee5d91c6e8b40743
fgf2,a0ecae89f44601455b954eaf2fc6ec3ff7da6c5e188dbf6a73a4d525ed158258,masked_substitution,7427adcced34582778fee2d1297139d3856211a96570cf3af6d4eadd07179bb5,primary_parent,fef9246bf522c2c2d9e06f76c1f0b40a34eea229868bdcf78b51c159154681ae,toxinpred3_label,categorical,true,same_frozen_label_contract,audit,label,Non-Toxin,Non-Toxin,,,false,58c1666edef1685db27f2f5674f0803af3870e90aadb6b6840270ee8b70a6ee9
fgf2,c9d535ca32bb2b31cf9134bbe6587778f2059dc59ea11d7956f0dea81efdec5b,masked_substitution,c101724a596287f141a64ca2d677df4c41331e73b902ea5c3013fa58697086b1,primary_parent,fef9246bf522c2c2d9e06f76c1f0b40a34eea229868bdcf78b51c159154681ae,amp_read_log10_mic_um,numeric,true,same_frozen_numeric_contract,minimize,log10(uM),2.915548413288972,2.794915143935633,-0.1206332693533394,0.1206332693533394,true,567ddde986a828b4c38785c8e41fea2cca6e8aeb2fd6ea7d21cab5b4f91ad721
fgf2,c9d535ca32bb2b31cf9134bbe6587778f2059dc59ea11d7956f0dea81efdec5b,masked_substitution,c101724a596287f141a64ca2d677df4c41331e73b902ea5c3013fa58697086b1,primary_parent,fef9246bf522c2c2d9e06f76c1f0b40a34eea229868bdcf78b51c159154681ae,guruprasad_instability_index,numeric,true,same_frozen_numeric_contract,minimize,index,22.327273,41.86818181818182,19.540908818181816,-19.540908818181816,true,d9d3c36945c4db1a76d31332115dc015419464067db5ebd26c0b962edb0b8f05
fgf2,c9d535ca32bb2b31cf9134bbe6587778f2059dc59ea11d7956f0dea81efdec5b,masked_substitution,c101724a596287f141a64ca2d677df4c41331e73b902ea5c3013fa58697086b1,primary_parent,fef9246bf522c2c2d9e06f76c1f0b40a34eea229868bdcf78b51c159154681ae,hydrophobic_moment_eisenberg,numeric,false,audit_metric_has_no_monotonic_improvement_direction,audit,dimensionless,0.34127361170072296,0.3710556745631379,0.02978206286241497,,true,fa28e99d9ecc44ef04868fa08ce3912ce40b241e80aa6287a05940d19073240b
fgf2,c9d535ca32bb2b31cf9134bbe6587778f2059dc59ea11d7956f0dea81efdec5b,masked_substitution,c101724a596287f141a64ca2d677df4c41331e73b902ea5c3013fa58697086b1,primary_parent,fef9246bf522c2c2d9e06f76c1f0b40a34eea229868bdcf78b51c159154681ae,hydrophobic_ratio_modlamp,numeric,false,audit_metric_has_no_monotonic_improvement_direction,audit,fraction,0.09090909090909091,0.13636363636363635,0.04545454545454544,,true,8b7278a6ba2d995242a2048365addf24c25fc0095ea12b7e893def44deeaea9f
fgf2,c9d535ca32bb2b31cf9134bbe6587778f2059dc59ea11d7956f0dea81efdec5b,masked_substitution,c101724a596287f141a64ca2d677df4c41331e73b902ea5c3013fa58697086b1,primary_parent,fef9246bf522c2c2d9e06f76c1f0b40a34eea229868bdcf78b51c159154681ae,llamp_log10_mic_um,numeric,true,same_frozen_numeric_contract,minimize,log10(uM),1.6722277402877808,1.8533514738082886,0.1811237335205078,-0.1811237335205078,true,e4f9852b6e82176783bbf26ff683a87fa4ac4cea2f20ae3adf411d0c5c78f67c
fgf2,c9d535ca32bb2b31cf9134bbe6587778f2059dc59ea11d7956f0dea81efdec5b,masked_substitution,c101724a596287f141a64ca2d677df4c41331e73b902ea5c3013fa58697086b1,primary_parent,fef9246bf522c2c2d9e06f76c1f0b40a34eea229868bdcf78b51c159154681ae,macrel_amp_probability,numeric,true,same_frozen_numeric_contract,maximize,probability,0.228,0.317,0.089,0.089,true,84a7cfd5498e11010694cfde3b1175a867bd82c182b63439a4f443a06367974a
fgf2,c9d535ca32bb2b31cf9134bbe6587778f2059dc59ea11d7956f0dea81efdec5b,masked_substitution,c101724a596287f141a64ca2d677df4c41331e73b902ea5c3013fa58697086b1,primary_parent,fef9246bf522c2c2d9e06f76c1f0b40a34eea229868bdcf78b51c159154681ae,macrel_hemolysis_label,categorical,true,same_frozen_label_contract,audit,label,low,low,,,false,ea2820d39ee534ea98903e33ab2c88fd063f7d642d6ab2cac750d048782885d9
fgf2,c9d535ca32bb2b31cf9134bbe6587778f2059dc59ea11d7956f0dea81efdec5b,masked_substitution,c101724a596287f141a64ca2d677df4c41331e73b902ea5c3013fa58697086b1,primary_parent,fef9246bf522c2c2d9e06f76c1f0b40a34eea229868bdcf78b51c159154681ae,macrel_hemolysis_probability,numeric,true,same_frozen_numeric_contract,minimize,probability,0.376,0.337,-0.03899999999999998,0.03899999999999998,true,0d8cc7f06c01fc6d037bc8391eb06a1b24c246ded449bce86e17a82a94f90efb
fgf2,c9d535ca32bb2b31cf9134bbe6587778f2059dc59ea11d7956f0dea81efdec5b,masked_substitution,c101724a596287f141a64ca2d677df4c41331e73b902ea5c3013fa58697086b1,primary_parent,fef9246bf522c2c2d9e06f76c1f0b40a34eea229868bdcf78b51c159154681ae,maximum_hydrophobic_run,numeric,true,same_frozen_numeric_contract,minimize,residues,2.0,2.0,0.0,-0.0,false,c849561c11ed49e3954611dfcfc0be6c27297e63d28f3657b323ed68dd2d213d
fgf2,c9d535ca32bb2b31cf9134bbe6587778f2059dc59ea11d7956f0dea81efdec5b,masked_substitution,c101724a596287f141a64ca2d677df4c41331e73b902ea5c3013fa58697086b1,primary_parent,fef9246bf522c2c2d9e06f76c1f0b40a34eea229868bdcf78b51c159154681ae,net_charge_ph7_4,numeric,false,audit_metric_has_no_monotonic_improvement_direction,audit,elementary_charge,7.026,7.026,0.0,,false,b9e71f9351dd83291b5491d1997172e6b4bd5b78c6038885d0384229c0be0230
fgf2,c9d535ca32bb2b31cf9134bbe6587778f2059dc59ea11d7956f0dea81efdec5b,masked_substitution,c101724a596287f141a64ca2d677df4c41331e73b902ea5c3013fa58697086b1,primary_parent,fef9246bf522c2c2d9e06f76c1f0b40a34eea229868bdcf78b51c159154681ae,toxinpred3_hybrid_score,numeric,true,same_frozen_numeric_contract,minimize,dimensionless,0.235,0.335,0.10000000000000003,-0.10000000000000003,true,d7e3260a2b888d387d3551f8c8dd741920e5d2b4bc2c3fa900b365a64a14367e
fgf2,c9d535ca32bb2b31cf9134bbe6587778f2059dc59ea11d7956f0dea81efdec5b,masked_substitution,c101724a596287f141a64ca2d677df4c41331e73b902ea5c3013fa58697086b1,primary_parent,fef9246bf522c2c2d9e06f76c1f0b40a34eea229868bdcf78b51c159154681ae,toxinpred3_label,categorical,true,same_frozen_label_contract,audit,label,Non-Toxin,Non-Toxin,,,false,ec8d85cbca02ae64cb45aea6a39a89950efe5fc476f9cb9411d94f8a4a508e98
fgf2,eac037757063521495c175a530dd2c297ca484ddd7f7e640bb0879ca4646e843,masked_substitution,7d0f4df579b15b3b821ec38a4a4c518be47314b3cfbd868ff86ffb627946def3,primary_parent,fef9246bf522c2c2d9e06f76c1f0b40a34eea229868bdcf78b51c159154681ae,amp_read_log10_mic_um,numeric,true,same_frozen_numeric_contract,minimize,log10(uM),2.915548413288972,2.885301146813364,-0.03024726647560838,0.03024726647560838,true,e888466cd7d24aa7766a54b731670a9e27e52093ab6ba0695fd02b52dad99ffd
fgf2,eac037757063521495c175a530dd2c297ca484ddd7f7e640bb0879ca4646e843,masked_substitution,7d0f4df579b15b3b821ec38a4a4c518be47314b3cfbd868ff86ffb627946def3,primary_parent,fef9246bf522c2c2d9e06f76c1f0b40a34eea229868bdcf78b51c159154681ae,guruprasad_instability_index,numeric,true,same_frozen_numeric_contract,minimize,index,22.327273,21.89545454545454,-0.43181845454546064,0.43181845454546064,true,836de0d4059009f3868d7f32ee55d8fe29dc8a3990afe4e44e940c5ba5c89f5a
fgf2,eac037757063521495c175a530dd2c297ca484ddd7f7e640bb0879ca4646e843,masked_substitution,7d0f4df579b15b3b821ec38a4a4c518be47314b3cfbd868ff86ffb627946def3,primary_parent,fef9246bf522c2c2d9e06f76c1f0b40a34eea229868bdcf78b51c159154681ae,hydrophobic_moment_eisenberg,numeric,false,audit_metric_has_no_monotonic_improvement_direction,audit,dimensionless,0.34127361170072296,0.36411573539205677,0.022842123691333815,,true,f4aeb660c300981f14bd28a1627a28f691f43e5c71aaba6a70b7ff380634b365
fgf2,eac037757063521495c175a530dd2c297ca484ddd7f7e640bb0879ca4646e843,masked_substitution,7d0f4df579b15b3b821ec38a4a4c518be47314b3cfbd868ff86ffb627946def3,primary_parent,fef9246bf522c2c2d9e06f76c1f0b40a34eea229868bdcf78b51c159154681ae,hydrophobic_ratio_modlamp,numeric,false,audit_metric_has_no_monotonic_improvement_direction,audit,fraction,0.09090909090909091,0.13636363636363635,0.04545454545454544,,true,159391c97dd5d5c5ec6238d166461e51988e252a2c25538f9074f882f986d07c
fgf2,eac037757063521495c175a530dd2c297ca484ddd7f7e640bb0879ca4646e843,masked_substitution,7d0f4df579b15b3b821ec38a4a4c518be47314b3cfbd868ff86ffb627946def3,primary_parent,fef9246bf522c2c2d9e06f76c1f0b40a34eea229868bdcf78b51c159154681ae,llamp_log10_mic_um,numeric,true,same_frozen_numeric_contract,minimize,log10(uM),1.6722277402877808,1.880265474319458,0.20803773403167725,-0.20803773403167725,true,aceb916c61872f9cd690e4c86fbf07d3b0718ad296af49d2e50379e9b5d5b546
fgf2,eac037757063521495c175a530dd2c297ca484ddd7f7e640bb0879ca4646e843,masked_substitution,7d0f4df579b15b3b821ec38a4a4c518be47314b3cfbd868ff86ffb627946def3,primary_parent,fef9246bf522c2c2d9e06f76c1f0b40a34eea229868bdcf78b51c159154681ae,macrel_amp_probability,numeric,true,same_frozen_numeric_contract,maximize,probability,0.228,0.307,0.07899999999999999,0.07899999999999999,true,e90a7b2779a66ebee294b95c4f4741dfdcb669d832c8d1643e880ae2b2cfee27
fgf2,eac037757063521495c175a530dd2c297ca484ddd7f7e640bb0879ca4646e843,masked_substitution,7d0f4df579b15b3b821ec38a4a4c518be47314b3cfbd868ff86ffb627946def3,primary_parent,fef9246bf522c2c2d9e06f76c1f0b40a34eea229868bdcf78b51c159154681ae,macrel_hemolysis_label,categorical,true,same_frozen_label_contract,audit,label,low,low,,,false,5c5452f34633fc3ca434ae93832625ac4b7e6c3e4384181b8c9349edb239fe60
fgf2,eac037757063521495c175a530dd2c297ca484ddd7f7e640bb0879ca4646e843,masked_substitution,7d0f4df579b15b3b821ec38a4a4c518be47314b3cfbd868ff86ffb627946def3,primary_parent,fef9246bf522c2c2d9e06f76c1f0b40a34eea229868bdcf78b51c159154681ae,macrel_hemolysis_probability,numeric,true,same_frozen_numeric_contract,minimize,probability,0.376,0.396,0.020000000000000018,-0.020000000000000018,true,1f80d5b3c29da3c847809272fd587d2d09cc40778ed97fd39df7ec774520d466
fgf2,eac037757063521495c175a530dd2c297ca484ddd7f7e640bb0879ca4646e843,masked_substitution,7d0f4df579b15b3b821ec38a4a4c518be47314b3cfbd868ff86ffb627946def3,primary_parent,fef9246bf522c2c2d9e06f76c1f0b40a34eea229868bdcf78b51c159154681ae,maximum_hydrophobic_run,numeric,true,same_frozen_numeric_contract,minimize,residues,2.0,2.0,0.0,-0.0,false,c6657d12d477dc457e20104527f8270b5546ae78841d316d554114bcf37588f8
fgf2,eac037757063521495c175a530dd2c297ca484ddd7f7e640bb0879ca4646e843,masked_substitution,7d0f4df579b15b3b821ec38a4a4c518be47314b3cfbd868ff86ffb627946def3,primary_parent,fef9246bf522c2c2d9e06f76c1f0b40a34eea229868bdcf78b51c159154681ae,net_charge_ph7_4,numeric,false,audit_metric_has_no_monotonic_improvement_direction,audit,elementary_charge,7.026,7.026,0.0,,false,4ab574846266fa833b70412b9ef39259023f0347ce3d779f9581b2996b9a2c17
fgf2,eac037757063521495c175a530dd2c297ca484ddd7f7e640bb0879ca4646e843,masked_substitution,7d0f4df579b15b3b821ec38a4a4c518be47314b3cfbd868ff86ffb627946def3,primary_parent,fef9246bf522c2c2d9e06f76c1f0b40a34eea229868bdcf78b51c159154681ae,toxinpred3_hybrid_score,numeric,true,same_frozen_numeric_contract,minimize,dimensionless,0.235,0.28,0.04500000000000004,-0.04500000000000004,true,c728744c05c927e980cc860a21cf746d7bd5602281e4967a04d9d79081182fb9
fgf2,eac037757063521495c175a530dd2c297ca484ddd7f7e640bb0879ca4646e843,masked_substitution,7d0f4df579b15b3b821ec38a4a4c518be47314b3cfbd868ff86ffb627946def3,primary_parent,fef9246bf522c2c2d9e06f76c1f0b40a34eea229868bdcf78b51c159154681ae,toxinpred3_label,categorical,true,same_frozen_label_contract,audit,label,Non-Toxin,Non-Toxin,,,false,af041ffc67846c81f24baffb45370bcd2ea0651f9fc9ae7e5a0f55e4aa4406e2
fgf2,3cbf1e9cb9f4e8dcd9a4c51dcef421236ec9744a0f5de67970f7056c3a47d80b,masked_substitution,378b74d710a80232a75b41e43dc9cd2091734b030bb85cd48deda0c0cf94c06a,primary_parent,fef9246bf522c2c2d9e06f76c1f0b40a34eea229868bdcf78b51c159154681ae,amp_read_log10_mic_um,numeric,true,same_frozen_numeric_contract,minimize,log10(uM),2.915548413288972,2.81758611901932,-0.09796229426965208,0.09796229426965208,true,3ea47cdb64a45b1ec1504194dd0ecdaab5f6de06a5066af06bb7d18e98bad48d
fgf2,3cbf1e9cb9f4e8dcd9a4c51dcef421236ec9744a0f5de67970f7056c3a47d80b,masked_substitution,378b74d710a80232a75b41e43dc9cd2091734b030bb85cd48deda0c0cf94c06a,primary_parent,fef9246bf522c2c2d9e06f76c1f0b40a34eea229868bdcf78b51c159154681ae,guruprasad_instability_index,numeric,true,same_frozen_numeric_contract,minimize,index,22.327273,14.209090909090907,-8.118182090909094,8.118182090909094,true,643f46ee9a19ae3527cfd4e94791163d83e4766bb73d57ec760c82ce630e0d4c
fgf2,3cbf1e9cb9f4e8dcd9a4c51dcef421236ec9744a0f5de67970f7056c3a47d80b,masked_substitution,378b74d710a80232a75b41e43dc9cd2091734b030bb85cd48deda0c0cf94c06a,primary_parent,fef9246bf522c2c2d9e06f76c1f0b40a34eea229868bdcf78b51c159154681ae,hydrophobic_moment_eisenberg,numeric,false,audit_metric_has_no_monotonic_improvement_direction,audit,dimensionless,0.34127361170072296,0.36638726515512393,0.025113653454400975,,true,f2ca996397a51918dacce14bfb438565daa333ec1d07e989450cda9027495a95
fgf2,3cbf1e9cb9f4e8dcd9a4c51dcef421236ec9744a0f5de67970f7056c3a47d80b,masked_substitution,378b74d710a80232a75b41e43dc9cd2091734b030bb85cd48deda0c0cf94c06a,primary_parent,fef9246bf522c2c2d9e06f76c1f0b40a34eea229868bdcf78b51c159154681ae,hydrophobic_ratio_modlamp,numeric,false,audit_metric_has_no_monotonic_improvement_direction,audit,fraction,0.09090909090909091,0.13636363636363635,0.04545454545454544,,true,4541f2e905b19de30bc54ffaa622b2bce6c6caa6d3db4684e5fd4ee3188dcb57
fgf2,3cbf1e9cb9f4e8dcd9a4c51dcef421236ec9744a0f5de67970f7056c3a47d80b,masked_substitution,378b74d710a80232a75b41e43dc9cd2091734b030bb85cd48deda0c0cf94c06a,primary_parent,fef9246bf522c2c2d9e06f76c1f0b40a34eea229868bdcf78b51c159154681ae,llamp_log10_mic_um,numeric,true,same_frozen_numeric_contract,minimize,log10(uM),1.6722277402877808,2.1129231452941895,0.4406954050064087,-0.4406954050064087,true,4cf37fe6a3aae91f5aa3e9bc173851ab42c8ed2d33029a6445e28cf3f6b634ee
fgf2,3cbf1e9cb9f4e8dcd9a4c51dcef421236ec9744a0f5de67970f7056c3a47d80b,masked_substitution,378b74d710a80232a75b41e43dc9cd2091734b030bb85cd48deda0c0cf94c06a,primary_parent,fef9246bf522c2c2d9e06f76c1f0b40a34eea229868bdcf78b51c159154681ae,macrel_amp_probability,numeric,true,same_frozen_numeric_contract,maximize,probability,0.228,0.337,0.10900000000000001,0.10900000000000001,true,536ef835e5d05e912a818418271d73dedbb1e2def5a62d6fa5514979767f534e
fgf2,3cbf1e9cb9f4e8dcd9a4c51dcef421236ec9744a0f5de67970f7056c3a47d80b,masked_substitution,378b74d710a80232a75b41e43dc9cd2091734b030bb85cd48deda0c0cf94c06a,primary_parent,fef9246bf522c2c2d9e06f76c1f0b40a34eea229868bdcf78b51c159154681ae,macrel_hemolysis_label,categorical,true,same_frozen_label_contract,audit,label,low,low,,,false,d7a55a1a83b4001f857629551a874a90515abb9758561cf9b39458c6056d1ba3
fgf2,3cbf1e9cb9f4e8dcd9a4c51dcef421236ec9744a0f5de67970f7056c3a47d80b,masked_substitution,378b74d710a80232a75b41e43dc9cd2091734b030bb85cd48deda0c0cf94c06a,primary_parent,fef9246bf522c2c2d9e06f76c1f0b40a34eea229868bdcf78b51c159154681ae,macrel_hemolysis_probability,numeric,true,same_frozen_numeric_contract,minimize,probability,0.376,0.416,0.03999999999999998,-0.03999999999999998,true,3869190e5dd8b998df6fb7e91e14ddb6aed838829ce9c14ed81813bb248aff3d
fgf2,3cbf1e9cb9f4e8dcd9a4c51dcef421236ec9744a0f5de67970f7056c3a47d80b,masked_substitution,378b74d710a80232a75b41e43dc9cd2091734b030bb85cd48deda0c0cf94c06a,primary_parent,fef9246bf522c2c2d9e06f76c1f0b40a34eea229868bdcf78b51c159154681ae,maximum_hydrophobic_run,numeric,true,same_frozen_numeric_contract,minimize,residues,2.0,2.0,0.0,-0.0,false,393d4a56554db38b13b535515577499bcd2780a55ba65ce7c132357fb7493c2f
fgf2,3cbf1e9cb9f4e8dcd9a4c51dcef421236ec9744a0f5de67970f7056c3a47d80b,masked_substitution,378b74d710a80232a75b41e43dc9cd2091734b030bb85cd48deda0c0cf94c06a,primary_parent,fef9246bf522c2c2d9e06f76c1f0b40a34eea229868bdcf78b51c159154681ae,net_charge_ph7_4,numeric,false,audit_metric_has_no_monotonic_improvement_direction,audit,elementary_charge,7.026,7.026,0.0,,false,48b754a2972a650ba900806c92c0444ae5d9439b24fced84ff77337d66b601e4
fgf2,3cbf1e9cb9f4e8dcd9a4c51dcef421236ec9744a0f5de67970f7056c3a47d80b,masked_substitution,378b74d710a80232a75b41e43dc9cd2091734b030bb85cd48deda0c0cf94c06a,primary_parent,fef9246bf522c2c2d9e06f76c1f0b40a34eea229868bdcf78b51c159154681ae,toxinpred3_hybrid_score,numeric,true,same_frozen_numeric_contract,minimize,dimensionless,0.235,0.275,0.040000000000000036,-0.040000000000000036,true,0fd0f8cc181528f90c1227c6477b820c797799dd0113c79bd5eb2c565258dcff
fgf2,3cbf1e9cb9f4e8dcd9a4c51dcef421236ec9744a0f5de67970f7056c3a47d80b,masked_substitution,378b74d710a80232a75b41e43dc9cd2091734b030bb85cd48deda0c0cf94c06a,primary_parent,fef9246bf522c2c2d9e06f76c1f0b40a34eea229868bdcf78b51c159154681ae,toxinpred3_label,categorical,true,same_frozen_label_contract,audit,label,Non-Toxin,Non-Toxin,,,false,192fad0eb7c67f3eca2e7c7559ab9271238793c65b2606b918621cdc727f4384
fgf2,acf25cac45e8eca1a3de5514d3053c2c87fb26a83c362d5dccbb4a9ad5ded536,masked_substitution,15fb376b93ddb201f9b138023283567eda4178a0770ad51b96647f7e8dd07b79,primary_parent,fef9246bf522c2c2d9e06f76c1f0b40a34eea229868bdcf78b51c159154681ae,amp_read_log10_mic_um,numeric,true,same_frozen_numeric_contract,minimize,log10(uM),2.915548413288972,2.7852095136545847,-0.1303388996343875,0.1303388996343875,true,b66c8d4f9486630de520df5b842e904ff66ae703bad34308a703e78fbb67f2b5
fgf2,acf25cac45e8eca1a3de5514d3053c2c87fb26a83c362d5dccbb4a9ad5ded536,masked_substitution,15fb376b93ddb201f9b138023283567eda4178a0770ad51b96647f7e8dd07b79,primary_parent,fef9246bf522c2c2d9e06f76c1f0b40a34eea229868bdcf78b51c159154681ae,guruprasad_instability_index,numeric,true,same_frozen_numeric_contract,minimize,index,22.327273,24.44545454545454,2.11818154545454,-2.11818154545454,true,1fa7be5d0e703fb7c01e802789b1a9f59c3853d409600a1e41abe6d7162084c3
fgf2,acf25cac45e8eca1a3de5514d3053c2c87fb26a83c362d5dccbb4a9ad5ded536,masked_substitution,15fb376b93ddb201f9b138023283567eda4178a0770ad51b96647f7e8dd07b79,primary_parent,fef9246bf522c2c2d9e06f76c1f0b40a34eea229868bdcf78b51c159154681ae,hydrophobic_moment_eisenberg,numeric,false,audit_metric_has_no_monotonic_improvement_direction,audit,dimensionless,0.34127361170072296,0.35777339819160087,0.01649978649087791,,true,a0f4f7b96dbc70d3803e833a8c922bb5c34c6158f5efc000275b77759341aa4b
fgf2,acf25cac45e8eca1a3de5514d3053c2c87fb26a83c362d5dccbb4a9ad5ded536,masked_substitution,15fb376b93ddb201f9b138023283567eda4178a0770ad51b96647f7e8dd07b79,primary_parent,fef9246bf522c2c2d9e06f76c1f0b40a34eea229868bdcf78b51c159154681ae,hydrophobic_ratio_modlamp,numeric,false,audit_metric_has_no_monotonic_improvement_direction,audit,fraction,0.09090909090909091,0.09090909090909091,0.0,,false,255ac154655abd0b32d2bccb46a71fc286e4c1eab74b6b45e287ee81da5119cf
fgf2,acf25cac45e8eca1a3de5514d3053c2c87fb26a83c362d5dccbb4a9ad5ded536,masked_substitution,15fb376b93ddb201f9b138023283567eda4178a0770ad51b96647f7e8dd07b79,primary_parent,fef9246bf522c2c2d9e06f76c1f0b40a34eea229868bdcf78b51c159154681ae,llamp_log10_mic_um,numeric,true,same_frozen_numeric_contract,minimize,log10(uM),1.6722277402877808,1.9031975269317627,0.23096978664398193,-0.23096978664398193,true,05ad5cec94a0d8dd508a5b6c97424a76d61807b72edd8a99583a62ba6e31a3b9
fgf2,acf25cac45e8eca1a3de5514d3053c2c87fb26a83c362d5dccbb4a9ad5ded536,masked_substitution,15fb376b93ddb201f9b138023283567eda4178a0770ad51b96647f7e8dd07b79,primary_parent,fef9246bf522c2c2d9e06f76c1f0b40a34eea229868bdcf78b51c159154681ae,macrel_amp_probability,numeric,true,same_frozen_numeric_contract,maximize,probability,0.228,0.327,0.099,0.099,true,c1e0219949d1cb1e2aae7a53841ee7ceefeb948db32ebd9bce8ba806441ee6c3
fgf2,acf25cac45e8eca1a3de5514d3053c2c87fb26a83c362d5dccbb4a9ad5ded536,masked_substitution,15fb376b93ddb201f9b138023283567eda4178a0770ad51b96647f7e8dd07b79,primary_parent,fef9246bf522c2c2d9e06f76c1f0b40a34eea229868bdcf78b51c159154681ae,macrel_hemolysis_label,categorical,true,same_frozen_label_contract,audit,label,low,low,,,false,939bd6c844005502149ac420db7ed23978dbfcf8e93b73ffd73dd8fe9723938a
fgf2,acf25cac45e8eca1a3de5514d3053c2c87fb26a83c362d5dccbb4a9ad5ded536,masked_substitution,15fb376b93ddb201f9b138023283567eda4178a0770ad51b96647f7e8dd07b79,primary_parent,fef9246bf522c2c2d9e06f76c1f0b40a34eea229868bdcf78b51c159154681ae,macrel_hemolysis_probability,numeric,true,same_frozen_numeric_contract,minimize,probability,0.376,0.386,0.010000000000000009,-0.010000000000000009,true,a1c49a887f5055bafb743dc5872485b1bf17773d44f7459b8b69d797db7ea579
fgf2,acf25cac45e8eca1a3de5514d3053c2c87fb26a83c362d5dccbb4a9ad5ded536,masked_substitution,15fb376b93ddb201f9b138023283567eda4178a0770ad51b96647f7e8dd07b79,primary_parent,fef9246bf522c2c2d9e06f76c1f0b40a34eea229868bdcf78b51c159154681ae,maximum_hydrophobic_run,numeric,true,same_frozen_numeric_contract,minimize,residues,2.0,2.0,0.0,-0.0,false,49b007051cd2f85664de12527cc0a0d07f8a1c320655c8cc417bf766cdd2d361
fgf2,acf25cac45e8eca1a3de5514d3053c2c87fb26a83c362d5dccbb4a9ad5ded536,masked_substitution,15fb376b93ddb201f9b138023283567eda4178a0770ad51b96647f7e8dd07b79,primary_parent,fef9246bf522c2c2d9e06f76c1f0b40a34eea229868bdcf78b51c159154681ae,net_charge_ph7_4,numeric,false,audit_metric_has_no_monotonic_improvement_direction,audit,elementary_charge,7.026,7.026,0.0,,false,9308307a270380d08795270e5eb7416842f301428aa68ee74a9cffcd3d071d08
fgf2,acf25cac45e8eca1a3de5514d3053c2c87fb26a83c362d5dccbb4a9ad5ded536,masked_substitution,15fb376b93ddb201f9b138023283567eda4178a0770ad51b96647f7e8dd07b79,primary_parent,fef9246bf522c2c2d9e06f76c1f0b40a34eea229868bdcf78b51c159154681ae,toxinpred3_hybrid_score,numeric,true,same_frozen_numeric_contract,minimize,dimensionless,0.235,0.27,0.03500000000000003,-0.03500000000000003,true,3ea394754345d4d7bf59f018d2ee2dac67a72036cefb55c3526c40e6801f12c8
fgf2,acf25cac45e8eca1a3de5514d3053c2c87fb26a83c362d5dccbb4a9ad5ded536,masked_substitution,15fb376b93ddb201f9b138023283567eda4178a0770ad51b96647f7e8dd07b79,primary_parent,fef9246bf522c2c2d9e06f76c1f0b40a34eea229868bdcf78b51c159154681ae,toxinpred3_label,categorical,true,same_frozen_label_contract,audit,label,Non-Toxin,Non-Toxin,,,false,9256e0b293e8214ebda60dea69eb04052b0094e6a43347c64940fa9eed10a11a
fgf2,4ea56f3a144afe130e418525f765f6329e2b1d28a37050f882314249664a8303,masked_substitution,273501efd121d3a452d38045af415b927efecfdb4b30da1f3dca14f145be3b0f,primary_parent,fef9246bf522c2c2d9e06f76c1f0b40a34eea229868bdcf78b51c159154681ae,amp_read_log10_mic_um,numeric,true,same_frozen_numeric_contract,minimize,log10(uM),2.915548413288972,2.8325576357044193,-0.08299077758455287,0.08299077758455287,true,00128980d6a35bfbc7f2d0b60c9d0e78a839634662e4ba756e6a367d6b4eb290
fgf2,4ea56f3a144afe130e418525f765f6329e2b1d28a37050f882314249664a8303,masked_substitution,273501efd121d3a452d38045af415b927efecfdb4b30da1f3dca14f145be3b0f,primary_parent,fef9246bf522c2c2d9e06f76c1f0b40a34eea229868bdcf78b51c159154681ae,guruprasad_instability_index,numeric,true,same_frozen_numeric_contract,minimize,index,22.327273,45.72727272727273,23.399999727272725,-23.399999727272725,true,5c9692a4222ab1d46f308b3faaa8e034c63867bddf0883fd754fea35ca52476b
fgf2,4ea56f3a144afe130e418525f765f6329e2b1d28a37050f882314249664a8303,masked_substitution,273501efd121d3a452d38045af415b927efecfdb4b30da1f3dca14f145be3b0f,primary_parent,fef9246bf522c2c2d9e06f76c1f0b40a34eea229868bdcf78b51c159154681ae,hydrophobic_moment_eisenberg,numeric,false,audit_metric_has_no_monotonic_improvement_direction,audit,dimensionless,0.34127361170072296,0.34680405928081776,0.005530447580094799,,true,d0f7bb4fe937df5a65c60f0b61e16b9dc3493987ffe164f7ab90678cadf1111d
fgf2,4ea56f3a144afe130e418525f765f6329e2b1d28a37050f882314249664a8303,masked_substitution,273501efd121d3a452d38045af415b927efecfdb4b30da1f3dca14f145be3b0f,primary_parent,fef9246bf522c2c2d9e06f76c1f0b40a34eea229868bdcf78b51c159154681ae,hydrophobic_ratio_modlamp,numeric,false,audit_metric_has_no_monotonic_improvement_direction,audit,fraction,0.09090909090909091,0.09090909090909091,0.0,,false,b773dabb92205c68ab219ef9dff33710a2aa564c4d5d1f69ab104baffa29ee91
fgf2,4ea56f3a144afe130e418525f765f6329e2b1d28a37050f882314249664a8303,masked_substitution,273501efd121d3a452d38045af415b927efecfdb4b30da1f3dca14f145be3b0f,primary_parent,fef9246bf522c2c2d9e06f76c1f0b40a34eea229868bdcf78b51c159154681ae,llamp_log10_mic_um,numeric,true,same_frozen_numeric_contract,minimize,log10(uM),1.6722277402877808,1.9746010303497314,0.3023732900619507,-0.3023732900619507,true,706ff1d08b9107e83c53e98a79070dc0c7b9e393e39d399aac6e209e61672c8d
fgf2,4ea56f3a144afe130e418525f765f6329e2b1d28a37050f882314249664a8303,masked_substitution,273501efd121d3a452d38045af415b927efecfdb4b30da1f3dca14f145be3b0f,primary_parent,fef9246bf522c2c2d9e06f76c1f0b40a34eea229868bdcf78b51c159154681ae,macrel_amp_probability,numeric,true,same_frozen_numeric_contract,maximize,probability,0.228,0.317,0.089,0.089,true,583e06f9ab82183cbce0061412a7f662f59841163ecc6ad2bb69b9f8ba982be2
fgf2,4ea56f3a144afe130e418525f765f6329e2b1d28a37050f882314249664a8303,masked_substitution,273501efd121d3a452d38045af415b927efecfdb4b30da1f3dca14f145be3b0f,primary_parent,fef9246bf522c2c2d9e06f76c1f0b40a34eea229868bdcf78b51c159154681ae,macrel_hemolysis_label,categorical,true,same_frozen_label_contract,audit,label,low,low,,,false,0a5871dcb6cb34fc41c23ef4a5167ce371552f94d2d3e5ed3ede5b65adecf9de
fgf2,4ea56f3a144afe130e418525f765f6329e2b1d28a37050f882314249664a8303,masked_substitution,273501efd121d3a452d38045af415b927efecfdb4b30da1f3dca14f145be3b0f,primary_parent,fef9246bf522c2c2d9e06f76c1f0b40a34eea229868bdcf78b51c159154681ae,macrel_hemolysis_probability,numeric,true,same_frozen_numeric_contract,minimize,probability,0.376,0.327,-0.04899999999999999,0.04899999999999999,true,52c7efed7cfc1d2c5daee10c8c674bb99efad854e47f5d4c89d62f006808b200
fgf2,4ea56f3a144afe130e418525f765f6329e2b1d28a37050f882314249664a8303,masked_substitution,273501efd121d3a452d38045af415b927efecfdb4b30da1f3dca14f145be3b0f,primary_parent,fef9246bf522c2c2d9e06f76c1f0b40a34eea229868bdcf78b51c159154681ae,maximum_hydrophobic_run,numeric,true,same_frozen_numeric_contract,minimize,residues,2.0,2.0,0.0,-0.0,false,f54822ec06cf8b38ae0627ec63da9496afd4516fa742cce93ca5ab5792e1146f
fgf2,4ea56f3a144afe130e418525f765f6329e2b1d28a37050f882314249664a8303,masked_substitution,273501efd121d3a452d38045af415b927efecfdb4b30da1f3dca14f145be3b0f,primary_parent,fef9246bf522c2c2d9e06f76c1f0b40a34eea229868bdcf78b51c159154681ae,net_charge_ph7_4,numeric,false,audit_metric_has_no_monotonic_improvement_direction,audit,elementary_charge,7.026,7.024,-0.0019999999999997797,,true,a328c2214fa6a4008284df68aca359ca46b3a8c2d75e7e881aa8087682fd4830
fgf2,4ea56f3a144afe130e418525f765f6329e2b1d28a37050f882314249664a8303,masked_substitution,273501efd121d3a452d38045af415b927efecfdb4b30da1f3dca14f145be3b0f,primary_parent,fef9246bf522c2c2d9e06f76c1f0b40a34eea229868bdcf78b51c159154681ae,toxinpred3_hybrid_score,numeric,true,same_frozen_numeric_contract,minimize,dimensionless,0.235,0.255,0.020000000000000018,-0.020000000000000018,true,0c96088c134f0bd0aad43eb3e25686c8fc101b06433860d6fb5d336900cd75a0
fgf2,4ea56f3a144afe130e418525f765f6329e2b1d28a37050f882314249664a8303,masked_substitution,273501efd121d3a452d38045af415b927efecfdb4b30da1f3dca14f145be3b0f,primary_parent,fef9246bf522c2c2d9e06f76c1f0b40a34eea229868bdcf78b51c159154681ae,toxinpred3_label,categorical,true,same_frozen_label_contract,audit,label,Non-Toxin,Non-Toxin,,,false,3e9a41ef460808874132b2bbbaaa804759a40fa8f4418b744372e06923572a09
fgf2,5941d4075c2cb34b19c9523fd12da49c62f351793ee54f11edd76b3985fcd287,masked_substitution,0ebed015119d142d40a20f19d0ffabd5646e831239476679b0073f3ef0c8f04e,primary_parent,fef9246bf522c2c2d9e06f76c1f0b40a34eea229868bdcf78b51c159154681ae,amp_read_log10_mic_um,numeric,true,same_frozen_numeric_contract,minimize,log10(uM),2.915548413288972,2.78712597296437,-0.12842244032460215,0.12842244032460215,true,697958460e7bf540d1944bac3caf831a8052f1b0d115ae88e38d439046aa26ee
fgf2,5941d4075c2cb34b19c9523fd12da49c62f351793ee54f11edd76b3985fcd287,masked_substitution,0ebed015119d142d40a20f19d0ffabd5646e831239476679b0073f3ef0c8f04e,primary_parent,fef9246bf522c2c2d9e06f76c1f0b40a34eea229868bdcf78b51c159154681ae,guruprasad_instability_index,numeric,true,same_frozen_numeric_contract,minimize,index,22.327273,11.58181818181818,-10.745454818181821,10.745454818181821,true,557e4d9020118ebdf28cea322a858fe725402a86f48c32f40b3b2f0fe010af90
fgf2,5941d4075c2cb34b19c9523fd12da49c62f351793ee54f11edd76b3985fcd287,masked_substitution,0ebed015119d142d40a20f19d0ffabd5646e831239476679b0073f3ef0c8f04e,primary_parent,fef9246bf522c2c2d9e06f76c1f0b40a34eea229868bdcf78b51c159154681ae,hydrophobic_moment_eisenberg,numeric,false,audit_metric_has_no_monotonic_improvement_direction,audit,dimensionless,0.34127361170072296,0.3505746940253887,0.009301082324665755,,true,a622273ff64c82f661016e7056bc359544aa920c30a3affda708f9896c44ff58
fgf2,5941d4075c2cb34b19c9523fd12da49c62f351793ee54f11edd76b3985fcd287,masked_substitution,0ebed015119d142d40a20f19d0ffabd5646e831239476679b0073f3ef0c8f04e,primary_parent,fef9246bf522c2c2d9e06f76c1f0b40a34eea229868bdcf78b51c159154681ae,hydrophobic_ratio_modlamp,numeric,false,audit_metric_has_no_monotonic_improvement_direction,audit,fraction,0.09090909090909091,0.13636363636363635,0.04545454545454544,,true,0b14305e0cc12b1b7a578d8c7a52e46da26e868c8d1c625acf403ff930df6873
fgf2,5941d4075c2cb34b19c9523fd12da49c62f351793ee54f11edd76b3985fcd287,masked_substitution,0ebed015119d142d40a20f19d0ffabd5646e831239476679b0073f3ef0c8f04e,primary_parent,fef9246bf522c2c2d9e06f76c1f0b40a34eea229868bdcf78b51c159154681ae,llamp_log10_mic_um,numeric,true,same_frozen_numeric_contract,minimize,log10(uM),1.6722277402877808,1.737423062324524,0.06519532203674316,-0.06519532203674316,true,fc06cb77304bf219e09cf7867adda00decb5ae9889c7486a399539cf6c29040d
fgf2,5941d4075c2cb34b19c9523fd12da49c62f351793ee54f11edd76b3985fcd287,masked_substitution,0ebed015119d142d40a20f19d0ffabd5646e831239476679b0073f3ef0c8f04e,primary_parent,fef9246bf522c2c2d9e06f76c1f0b40a34eea229868bdcf78b51c159154681ae,macrel_amp_probability,numeric,true,same_frozen_numeric_contract,maximize,probability,0.228,0.287,0.05899999999999997,0.05899999999999997,true,2e928155ec98b9f677181c4a9604d59146774820bbce239ec22e50e672c5a8d5
fgf2,5941d4075c2cb34b19c9523fd12da49c62f351793ee54f11edd76b3985fcd287,masked_substitution,0ebed015119d142d40a20f19d0ffabd5646e831239476679b0073f3ef0c8f04e,primary_parent,fef9246bf522c2c2d9e06f76c1f0b40a34eea229868bdcf78b51c159154681ae,macrel_hemolysis_label,categorical,true,same_frozen_label_contract,audit,label,low,low,,,false,80d2292b504df02ef77dcf5668025e6f250a1fd39186035cdd1e6865387f57ad
fgf2,5941d4075c2cb34b19c9523fd12da49c62f351793ee54f11edd76b3985fcd287,masked_substitution,0ebed015119d142d40a20f19d0ffabd5646e831239476679b0073f3ef0c8f04e,primary_parent,fef9246bf522c2c2d9e06f76c1f0b40a34eea229868bdcf78b51c159154681ae,macrel_hemolysis_probability,numeric,true,same_frozen_numeric_contract,minimize,probability,0.376,0.396,0.020000000000000018,-0.020000000000000018,true,1d06306e1d35216753f37ec520ab2d114a572f45978e66d783c1ddaf5f075a1f
fgf2,5941d4075c2cb34b19c9523fd12da49c62f351793ee54f11edd76b3985fcd287,masked_substitution,0ebed015119d142d40a20f19d0ffabd5646e831239476679b0073f3ef0c8f04e,primary_parent,fef9246bf522c2c2d9e06f76c1f0b40a34eea229868bdcf78b51c159154681ae,maximum_hydrophobic_run,numeric,true,same_frozen_numeric_contract,minimize,residues,2.0,2.0,0.0,-0.0,false,96e8813f48867b6deacf1b61f4a3f22186e11cadb4bc6bd1cf82d4558b0a433a
fgf2,5941d4075c2cb34b19c9523fd12da49c62f351793ee54f11edd76b3985fcd287,masked_substitution,0ebed015119d142d40a20f19d0ffabd5646e831239476679b0073f3ef0c8f04e,primary_parent,fef9246bf522c2c2d9e06f76c1f0b40a34eea229868bdcf78b51c159154681ae,net_charge_ph7_4,numeric,false,audit_metric_has_no_monotonic_improvement_direction,audit,elementary_charge,7.026,7.026,0.0,,false,c502a9f61b7b05241fe8b8afcfb970f72f55e3272539e521b984aaad8b7f2386
fgf2,5941d4075c2cb34b19c9523fd12da49c62f351793ee54f11edd76b3985fcd287,masked_substitution,0ebed015119d142d40a20f19d0ffabd5646e831239476679b0073f3ef0c8f04e,primary_parent,fef9246bf522c2c2d9e06f76c1f0b40a34eea229868bdcf78b51c159154681ae,toxinpred3_hybrid_score,numeric,true,same_frozen_numeric_contract,minimize,dimensionless,0.235,0.3,0.065,-0.065,true,ddfb3d87527fb524f471ee6606ad24bbad875f3954087a518e8d700e78e2592c
fgf2,5941d4075c2cb34b19c9523fd12da49c62f351793ee54f11edd76b3985fcd287,masked_substitution,0ebed015119d142d40a20f19d0ffabd5646e831239476679b0073f3ef0c8f04e,primary_parent,fef9246bf522c2c2d9e06f76c1f0b40a34eea229868bdcf78b51c159154681ae,toxinpred3_label,categorical,true,same_frozen_label_contract,audit,label,Non-Toxin,Non-Toxin,,,false,892b4e8ff3c4a70bf5f312618fe3aaed9016364145e73cd5592cf204684ce855
fgf2,c61e8b1ab3c5f6b37e53c000f19c2c57196d1c1b1f998bc4884c303e640a5ad9,masked_substitution,76abda4b9c4dc410859b0627f5f7772479ccfee77d7438806c1f1d36c7818a31,primary_parent,fef9246bf522c2c2d9e06f76c1f0b40a34eea229868bdcf78b51c159154681ae,amp_read_log10_mic_um,numeric,true,same_frozen_numeric_contract,minimize,log10(uM),2.915548413288972,2.7913833945543263,-0.12416501873464592,0.12416501873464592,true,ce3cc32d95a3ffdef0b946551dd42704d44a7aa72b04a16c777da5736be8b25f
fgf2,c61e8b1ab3c5f6b37e53c000f19c2c57196d1c1b1f998bc4884c303e640a5ad9,masked_substitution,76abda4b9c4dc410859b0627f5f7772479ccfee77d7438806c1f1d36c7818a31,primary_parent,fef9246bf522c2c2d9e06f76c1f0b40a34eea229868bdcf78b51c159154681ae,guruprasad_instability_index,numeric,true,same_frozen_numeric_contract,minimize,index,22.327273,4.749999999999998,-17.577273000000005,17.577273000000005,true,2bcf625f41b92337c41068ec19a7a0ada15f3ae921abb9609c76274630e85713
fgf2,c61e8b1ab3c5f6b37e53c000f19c2c57196d1c1b1f998bc4884c303e640a5ad9,masked_substitution,76abda4b9c4dc410859b0627f5f7772479ccfee77d7438806c1f1d36c7818a31,primary_parent,fef9246bf522c2c2d9e06f76c1f0b40a34eea229868bdcf78b51c159154681ae,hydrophobic_moment_eisenberg,numeric,false,audit_metric_has_no_monotonic_improvement_direction,audit,dimensionless,0.34127361170072296,0.34690172247922696,0.005628110778504003,,true,d41604320c357a6918dd4809f3e0d1bea9c69d58707cac2839bccb270864950a
fgf2,c61e8b1ab3c5f6b37e53c000f19c2c57196d1c1b1f998bc4884c303e640a5ad9,masked_substitution,76abda4b9c4dc410859b0627f5f7772479ccfee77d7438806c1f1d36c7818a31,primary_parent,fef9246bf522c2c2d9e06f76c1f0b40a34eea229868bdcf78b51c159154681ae,hydrophobic_ratio_modlamp,numeric,false,audit_metric_has_no_monotonic_improvement_direction,audit,fraction,0.09090909090909091,0.09090909090909091,0.0,,false,0b206ed909c828a684fbbb0b5a5ddf8be623240dcf1e6d00171a23f491d96900
fgf2,c61e8b1ab3c5f6b37e53c000f19c2c57196d1c1b1f998bc4884c303e640a5ad9,masked_substitution,76abda4b9c4dc410859b0627f5f7772479ccfee77d7438806c1f1d36c7818a31,primary_parent,fef9246bf522c2c2d9e06f76c1f0b40a34eea229868bdcf78b51c159154681ae,llamp_log10_mic_um,numeric,true,same_frozen_numeric_contract,minimize,log10(uM),1.6722277402877808,1.7756824493408203,0.10345470905303955,-0.10345470905303955,true,ce7a6f5ba66868ad92e00abe7201e11df5e68745c0e5539c050f210ede8c3928
fgf2,c61e8b1ab3c5f6b37e53c000f19c2c57196d1c1b1f998bc4884c303e640a5ad9,masked_substitution,76abda4b9c4dc410859b0627f5f7772479ccfee77d7438806c1f1d36c7818a31,primary_parent,fef9246bf522c2c2d9e06f76c1f0b40a34eea229868bdcf78b51c159154681ae,macrel_amp_probability,numeric,true,same_frozen_numeric_contract,maximize,probability,0.228,0.307,0.07899999999999999,0.07899999999999999,true,724d80941aa8ec298a919837050a1d3bbce8d19c9b2fa0115c49a2c80ada20eb
fgf2,c61e8b1ab3c5f6b37e53c000f19c2c57196d1c1b1f998bc4884c303e640a5ad9,masked_substitution,76abda4b9c4dc410859b0627f5f7772479ccfee77d7438806c1f1d36c7818a31,primary_parent,fef9246bf522c2c2d9e06f76c1f0b40a34eea229868bdcf78b51c159154681ae,macrel_hemolysis_label,categorical,true,same_frozen_label_contract,audit,label,low,low,,,false,d530da9e3e773a22725e971b9182230764c7a420d441107903b31e71887d6e75
fgf2,c61e8b1ab3c5f6b37e53c000f19c2c57196d1c1b1f998bc4884c303e640a5ad9,masked_substitution,76abda4b9c4dc410859b0627f5f7772479ccfee77d7438806c1f1d36c7818a31,primary_parent,fef9246bf522c2c2d9e06f76c1f0b40a34eea229868bdcf78b51c159154681ae,macrel_hemolysis_probability,numeric,true,same_frozen_numeric_contract,minimize,probability,0.376,0.416,0.03999999999999998,-0.03999999999999998,true,a2a7f88ac87d9dc05035f50b986170346b6633c4d20881a8f00640cc5a145b67
fgf2,c61e8b1ab3c5f6b37e53c000f19c2c57196d1c1b1f998bc4884c303e640a5ad9,masked_substitution,76abda4b9c4dc410859b0627f5f7772479ccfee77d7438806c1f1d36c7818a31,primary_parent,fef9246bf522c2c2d9e06f76c1f0b40a34eea229868bdcf78b51c159154681ae,maximum_hydrophobic_run,numeric,true,same_frozen_numeric_contract,minimize,residues,2.0,2.0,0.0,-0.0,false,065761dad99c82a5c023fe7d75abf433457dc5047c53a639fa55fb04fd7d11a8
fgf2,c61e8b1ab3c5f6b37e53c000f19c2c57196d1c1b1f998bc4884c303e640a5ad9,masked_substitution,76abda4b9c4dc410859b0627f5f7772479ccfee77d7438806c1f1d36c7818a31,primary_parent,fef9246bf522c2c2d9e06f76c1f0b40a34eea229868bdcf78b51c159154681ae,net_charge_ph7_4,numeric,false,audit_metric_has_no_monotonic_improvement_direction,audit,elementary_charge,7.026,7.026,0.0,,false,ad10e9d5425fdb673932fc1fb5a831957898d407e0cc3c92a5b394b83bed6c63
fgf2,c61e8b1ab3c5f6b37e53c000f19c2c57196d1c1b1f998bc4884c303e640a5ad9,masked_substitution,76abda4b9c4dc410859b0627f5f7772479ccfee77d7438806c1f1d36c7818a31,primary_parent,fef9246bf522c2c2d9e06f76c1f0b40a34eea229868bdcf78b51c159154681ae,toxinpred3_hybrid_score,numeric,true,same_frozen_numeric_contract,minimize,dimensionless,0.235,0.285,0.04999999999999999,-0.04999999999999999,true,7d5850fa895afb941adfe966b2ae711502ba33e964666334009107d2092a1079
fgf2,c61e8b1ab3c5f6b37e53c000f19c2c57196d1c1b1f998bc4884c303e640a5ad9,masked_substitution,76abda4b9c4dc410859b0627f5f7772479ccfee77d7438806c1f1d36c7818a31,primary_parent,fef9246bf522c2c2d9e06f76c1f0b40a34eea229868bdcf78b51c159154681ae,toxinpred3_label,categorical,true,same_frozen_label_contract,audit,label,Non-Toxin,Non-Toxin,,,false,638f9fcb2ba7ad0895bea6a2e84e77b0d1aa628d7763e0628dfb7b3acbc4ee10
fgf2,3ac99b0b019983c55d5f0ba298537d4c15c0d9fe29d99e777882146d3a890990,masked_substitution,d0434c513df92c7fcbfeecd45c0ab43c5276695694105441f1963035fb81aa01,primary_parent,fef9246bf522c2c2d9e06f76c1f0b40a34eea229868bdcf78b51c159154681ae,amp_read_log10_mic_um,numeric,true,same_frozen_numeric_contract,minimize,log10(uM),2.915548413288972,2.8360104295842743,-0.07953798370469789,0.07953798370469789,true,52964ec116c63b59a7182f552480b3f15cecdcf42f6559f7be83c6ef7ec69347
fgf2,3ac99b0b019983c55d5f0ba298537d4c15c0d9fe29d99e777882146d3a890990,masked_substitution,d0434c513df92c7fcbfeecd45c0ab43c5276695694105441f1963035fb81aa01,primary_parent,fef9246bf522c2c2d9e06f76c1f0b40a34eea229868bdcf78b51c159154681ae,guruprasad_instability_index,numeric,true,same_frozen_numeric_contract,minimize,index,22.327273,7.72272727272727,-14.604545727272733,14.604545727272733,true,0fa43e5bdaf1a2efc87550fecb03df21ec52e6fabbe697ffea911b19fdc18c66
fgf2,3ac99b0b019983c55d5f0ba298537d4c15c0d9fe29d99e777882146d3a890990,masked_substitution,d0434c513df92c7fcbfeecd45c0ab43c5276695694105441f1963035fb81aa01,primary_parent,fef9246bf522c2c2d9e06f76c1f0b40a34eea229868bdcf78b51c159154681ae,hydrophobic_moment_eisenberg,numeric,false,audit_metric_has_no_monotonic_improvement_direction,audit,dimensionless,0.34127361170072296,0.34321447587125004,0.001940864170527079,,true,3f3955bf6726a51d233bbf4a230ba4c584fc87c07e9715a75094b2ec6addf9ee
fgf2,3ac99b0b019983c55d5f0ba298537d4c15c0d9fe29d99e777882146d3a890990,masked_substitution,d0434c513df92c7fcbfeecd45c0ab43c5276695694105441f1963035fb81aa01,primary_parent,fef9246bf522c2c2d9e06f76c1f0b40a34eea229868bdcf78b51c159154681ae,hydrophobic_ratio_modlamp,numeric,false,audit_metric_has_no_monotonic_improvement_direction,audit,fraction,0.09090909090909091,0.09090909090909091,0.0,,false,a4429c21692e02216da411372d13dcd918fac4416cc9fc4a91231819fde690b7
fgf2,3ac99b0b019983c55d5f0ba298537d4c15c0d9fe29d99e777882146d3a890990,masked_substitution,d0434c513df92c7fcbfeecd45c0ab43c5276695694105441f1963035fb81aa01,primary_parent,fef9246bf522c2c2d9e06f76c1f0b40a34eea229868bdcf78b51c159154681ae,llamp_log10_mic_um,numeric,true,same_frozen_numeric_contract,minimize,log10(uM),1.6722277402877808,1.6984633207321167,0.026235580444335938,-0.026235580444335938,true,74c8faf67bb061161b2b5966e5348743919e1ee2d38c3f60538a1203aebefd76
fgf2,3ac99b0b019983c55d5f0ba298537d4c15c0d9fe29d99e777882146d3a890990,masked_substitution,d0434c513df92c7fcbfeecd45c0ab43c5276695694105441f1963035fb81aa01,primary_parent,fef9246bf522c2c2d9e06f76c1f0b40a34eea229868bdcf78b51c159154681ae,macrel_amp_probability,numeric,true,same_frozen_numeric_contract,maximize,probability,0.228,0.277,0.049000000000000016,0.049000000000000016,true,3c4961eaca5d9b802a5ed92bc96d73d0b9cf2bdc2604480515f7bc81d080936b
fgf2,3ac99b0b019983c55d5f0ba298537d4c15c0d9fe29d99e777882146d3a890990,masked_substitution,d0434c513df92c7fcbfeecd45c0ab43c5276695694105441f1963035fb81aa01,primary_parent,fef9246bf522c2c2d9e06f76c1f0b40a34eea229868bdcf78b51c159154681ae,macrel_hemolysis_label,categorical,true,same_frozen_label_contract,audit,label,low,low,,,false,43ba88b1ff8cc5ed4ee0ac561e42d6e3cba49ffe11c1af68b288161abc9c80ab
fgf2,3ac99b0b019983c55d5f0ba298537d4c15c0d9fe29d99e777882146d3a890990,masked_substitution,d0434c513df92c7fcbfeecd45c0ab43c5276695694105441f1963035fb81aa01,primary_parent,fef9246bf522c2c2d9e06f76c1f0b40a34eea229868bdcf78b51c159154681ae,macrel_hemolysis_probability,numeric,true,same_frozen_numeric_contract,minimize,probability,0.376,0.406,0.030000000000000027,-0.030000000000000027,true,0048d2cbfe1154251315dc155fa6e425a610634acbbab5c5525653e1ba16cfcf
fgf2,3ac99b0b019983c55d5f0ba298537d4c15c0d9fe29d99e777882146d3a890990,masked_substitution,d0434c513df92c7fcbfeecd45c0ab43c5276695694105441f1963035fb81aa01,primary_parent,fef9246bf522c2c2d9e06f76c1f0b40a34eea229868bdcf78b51c159154681ae,maximum_hydrophobic_run,numeric,true,same_frozen_numeric_contract,minimize,residues,2.0,2.0,0.0,-0.0,false,4a4209c8d1904a255d1a6e81bc0237896ea045431d3aeda876ad797e2befcbbf
fgf2,3ac99b0b019983c55d5f0ba298537d4c15c0d9fe29d99e777882146d3a890990,masked_substitution,d0434c513df92c7fcbfeecd45c0ab43c5276695694105441f1963035fb81aa01,primary_parent,fef9246bf522c2c2d9e06f76c1f0b40a34eea229868bdcf78b51c159154681ae,net_charge_ph7_4,numeric,false,audit_metric_has_no_monotonic_improvement_direction,audit,elementary_charge,7.026,7.024,-0.0019999999999997797,,true,b02e68d0733fe3096188865f3bfb1b3b8d9877120533e2932716d4b20f8969f2
fgf2,3ac99b0b019983c55d5f0ba298537d4c15c0d9fe29d99e777882146d3a890990,masked_substitution,d0434c513df92c7fcbfeecd45c0ab43c5276695694105441f1963035fb81aa01,primary_parent,fef9246bf522c2c2d9e06f76c1f0b40a34eea229868bdcf78b51c159154681ae,toxinpred3_hybrid_score,numeric,true,same_frozen_numeric_contract,minimize,dimensionless,0.235,0.26,0.025000000000000022,-0.025000000000000022,true,7180e90a2dbc7ead72f7436fdcc757875422ffc1312642fce180974fd920f2ea
fgf2,3ac99b0b019983c55d5f0ba298537d4c15c0d9fe29d99e777882146d3a890990,masked_substitution,d0434c513df92c7fcbfeecd45c0ab43c5276695694105441f1963035fb81aa01,primary_parent,fef9246bf522c2c2d9e06f76c1f0b40a34eea229868bdcf78b51c159154681ae,toxinpred3_label,categorical,true,same_frozen_label_contract,audit,label,Non-Toxin,Non-Toxin,,,false,3befd051b6fc0460ef77aa84ac04632293985a43aad7250bfc4491094e1ec071
fgf2,e99e8fbbeb909972f2b9d35d69e1c429e45945d85a069d9acaae846e8c99a50a,masked_substitution,b3e8b3a02484d3578293d4f9d2768bd24beb5bb4183c790c3fa530ee6994b255,primary_parent,fef9246bf522c2c2d9e06f76c1f0b40a34eea229868bdcf78b51c159154681ae,amp_read_log10_mic_um,numeric,true,same_frozen_numeric_contract,minimize,log10(uM),2.915548413288972,2.866379656584017,-0.04916875670495502,0.04916875670495502,true,d9592e5c874d185fc7626f7655102786078a35831e3554f25853e0fd469aa659
fgf2,e99e8fbbeb909972f2b9d35d69e1c429e45945d85a069d9acaae846e8c99a50a,masked_substitution,b3e8b3a02484d3578293d4f9d2768bd24beb5bb4183c790c3fa530ee6994b255,primary_parent,fef9246bf522c2c2d9e06f76c1f0b40a34eea229868bdcf78b51c159154681ae,guruprasad_instability_index,numeric,true,same_frozen_numeric_contract,minimize,index,22.327273,25.75454545454545,3.4272724545454487,-3.4272724545454487,true,35a260c60b39a29769b070845a63bb47e162d667c24b1c98637bea6d1fb30e70
fgf2,e99e8fbbeb909972f2b9d35d69e1c429e45945d85a069d9acaae846e8c99a50a,masked_substitution,b3e8b3a02484d3578293d4f9d2768bd24beb5bb4183c790c3fa530ee6994b255,primary_parent,fef9246bf522c2c2d9e06f76c1f0b40a34eea229868bdcf78b51c159154681ae,hydrophobic_moment_eisenberg,numeric,false,audit_metric_has_no_monotonic_improvement_direction,audit,dimensionless,0.34127361170072296,0.4066481676453511,0.06537455594462815,,true,bc51195e5b7922bcacd4097e946bdea0e4a0f52a0a1c73807c5b29faa7261c90
fgf2,e99e8fbbeb909972f2b9d35d69e1c429e45945d85a069d9acaae846e8c99a50a,masked_substitution,b3e8b3a02484d3578293d4f9d2768bd24beb5bb4183c790c3fa530ee6994b255,primary_parent,fef9246bf522c2c2d9e06f76c1f0b40a34eea229868bdcf78b51c159154681ae,hydrophobic_ratio_modlamp,numeric,false,audit_metric_has_no_monotonic_improvement_direction,audit,fraction,0.09090909090909091,0.13636363636363635,0.04545454545454544,,true,861cec92f2685b35ba81fff6dafd11c03e2321fdbd0d8f9bac66bab05b6410e3
fgf2,e99e8fbbeb909972f2b9d35d69e1c429e45945d85a069d9acaae846e8c99a50a,masked_substitution,b3e8b3a02484d3578293d4f9d2768bd24beb5bb4183c790c3fa530ee6994b255,primary_parent,fef9246bf522c2c2d9e06f76c1f0b40a34eea229868bdcf78b51c159154681ae,llamp_log10_mic_um,numeric,true,same_frozen_numeric_contract,minimize,log10(uM),1.6722277402877808,1.9017155170440674,0.22948777675628662,-0.22948777675628662,true,1b910f614691cedb47ec8973dc0e350cdfc8c73ac824248112f18b146c6cf7b7
fgf2,e99e8fbbeb909972f2b9d35d69e1c429e45945d85a069d9acaae846e8c99a50a,masked_substitution,b3e8b3a02484d3578293d4f9d2768bd24beb5bb4183c790c3fa530ee6994b255,primary_parent,fef9246bf522c2c2d9e06f76c1f0b40a34eea229868bdcf78b51c159154681ae,macrel_amp_probability,numeric,true,same_frozen_numeric_contract,maximize,probability,0.228,0.277,0.049000000000000016,0.049000000000000016,true,fd32736099b1ecb99286706919aac250ced6ddcb2d4ad1a60700e21a5527bc76
fgf2,e99e8fbbeb909972f2b9d35d69e1c429e45945d85a069d9acaae846e8c99a50a,masked_substitution,b3e8b3a02484d3578293d4f9d2768bd24beb5bb4183c790c3fa530ee6994b255,primary_parent,fef9246bf522c2c2d9e06f76c1f0b40a34eea229868bdcf78b51c159154681ae,macrel_hemolysis_label,categorical,true,same_frozen_label_contract,audit,label,low,low,,,false,26025e3ab79ecb92629ef8b3d914909764ad99768cef544e8dfee5f6c759779e
fgf2,e99e8fbbeb909972f2b9d35d69e1c429e45945d85a069d9acaae846e8c99a50a,masked_substitution,b3e8b3a02484d3578293d4f9d2768bd24beb5bb4183c790c3fa530ee6994b255,primary_parent,fef9246bf522c2c2d9e06f76c1f0b40a34eea229868bdcf78b51c159154681ae,macrel_hemolysis_probability,numeric,true,same_frozen_numeric_contract,minimize,probability,0.376,0.376,0.0,-0.0,false,269bf92658ecc34b5ef5ea2a40673873803a0382c407e704485359a41cbe1538
fgf2,e99e8fbbeb909972f2b9d35d69e1c429e45945d85a069d9acaae846e8c99a50a,masked_substitution,b3e8b3a02484d3578293d4f9d2768bd24beb5bb4183c790c3fa530ee6994b255,primary_parent,fef9246bf522c2c2d9e06f76c1f0b40a34eea229868bdcf78b51c159154681ae,maximum_hydrophobic_run,numeric,true,same_frozen_numeric_contract,minimize,residues,2.0,2.0,0.0,-0.0,false,744f58ee410c531cf889e5069ab5bb7c6f489ca839b17fe7ff587e2ac2d632d7
fgf2,e99e8fbbeb909972f2b9d35d69e1c429e45945d85a069d9acaae846e8c99a50a,masked_substitution,b3e8b3a02484d3578293d4f9d2768bd24beb5bb4183c790c3fa530ee6994b255,primary_parent,fef9246bf522c2c2d9e06f76c1f0b40a34eea229868bdcf78b51c159154681ae,net_charge_ph7_4,numeric,false,audit_metric_has_no_monotonic_improvement_direction,audit,elementary_charge,7.026,7.026,0.0,,false,e736d371b7345756097ffaaa3f3552011e42d2d2f908b5e5159f6e60c02283fb
fgf2,e99e8fbbeb909972f2b9d35d69e1c429e45945d85a069d9acaae846e8c99a50a,masked_substitution,b3e8b3a02484d3578293d4f9d2768bd24beb5bb4183c790c3fa530ee6994b255,primary_parent,fef9246bf522c2c2d9e06f76c1f0b40a34eea229868bdcf78b51c159154681ae,toxinpred3_hybrid_score,numeric,true,same_frozen_numeric_contract,minimize,dimensionless,0.235,0.25,0.015000000000000013,-0.015000000000000013,true,dbd442f54e7058c1264cf0d90c20cabc782960c5928b45e3d3031aba79b7cf7b
fgf2,e99e8fbbeb909972f2b9d35d69e1c429e45945d85a069d9acaae846e8c99a50a,masked_substitution,b3e8b3a02484d3578293d4f9d2768bd24beb5bb4183c790c3fa530ee6994b255,primary_parent,fef9246bf522c2c2d9e06f76c1f0b40a34eea229868bdcf78b51c159154681ae,toxinpred3_label,categorical,true,same_frozen_label_contract,audit,label,Non-Toxin,Non-Toxin,,,false,c69d97921659d43322dfe762bdc034b1fd5039534b894ba55119ee493d762554
fgf2,8338e5c9586a2c5993520c70d000fa66930989f7c8d6b5f0a8fdb28f9c2d186d,masked_substitution,82dfbcb215460a25cfcddb07cd001d70308ddcf682579e81f1646540e1b761a5,primary_parent,fef9246bf522c2c2d9e06f76c1f0b40a34eea229868bdcf78b51c159154681ae,amp_read_log10_mic_um,numeric,true,same_frozen_numeric_contract,minimize,log10(uM),2.915548413288972,2.846414023634419,-0.0691343896545531,0.0691343896545531,true,c580c620a212b930b92f0cc289f74cfbcb1ebdda27b83de1f73ed4f866a12ba0
fgf2,8338e5c9586a2c5993520c70d000fa66930989f7c8d6b5f0a8fdb28f9c2d186d,masked_substitution,82dfbcb215460a25cfcddb07cd001d70308ddcf682579e81f1646540e1b761a5,primary_parent,fef9246bf522c2c2d9e06f76c1f0b40a34eea229868bdcf78b51c159154681ae,guruprasad_instability_index,numeric,true,same_frozen_numeric_contract,minimize,index,22.327273,22.327272727272724,-2.727272772062861e-07,2.727272772062861e-07,true,2d5cc26540393e65f8050094b1c4fb23e3d6678c0a8cd5b8fca3ecbaef117323
fgf2,8338e5c9586a2c5993520c70d000fa66930989f7c8d6b5f0a8fdb28f9c2d186d,masked_substitution,82dfbcb215460a25cfcddb07cd001d70308ddcf682579e81f1646540e1b761a5,primary_parent,fef9246bf522c2c2d9e06f76c1f0b40a34eea229868bdcf78b51c159154681ae,hydrophobic_moment_eisenberg,numeric,false,audit_metric_has_no_monotonic_improvement_direction,audit,dimensionless,0.34127361170072296,0.3976204948389464,0.05634688313822345,,true,a37b6ebffd278ee671790e1abd59a651271805a0d52728407b3a7b0b890cb22b
fgf2,8338e5c9586a2c5993520c70d000fa66930989f7c8d6b5f0a8fdb28f9c2d186d,masked_substitution,82dfbcb215460a25cfcddb07cd001d70308ddcf682579e81f1646540e1b761a5,primary_parent,fef9246bf522c2c2d9e06f76c1f0b40a34eea229868bdcf78b51c159154681ae,hydrophobic_ratio_modlamp,numeric,false,audit_metric_has_no_monotonic_improvement_direction,audit,fraction,0.09090909090909091,0.13636363636363635,0.04545454545454544,,true,d723f0b8308db66d646d8bfa5a3129bda4c97b3d7519fb9b71336bd79efbbd95
fgf2,8338e5c9586a2c5993520c70d000fa66930989f7c8d6b5f0a8fdb28f9c2d186d,masked_substitution,82dfbcb215460a25cfcddb07cd001d70308ddcf682579e81f1646540e1b761a5,primary_parent,fef9246bf522c2c2d9e06f76c1f0b40a34eea229868bdcf78b51c159154681ae,llamp_log10_mic_um,numeric,true,same_frozen_numeric_contract,minimize,log10(uM),1.6722277402877808,1.7867227792739868,0.11449503898620605,-0.11449503898620605,true,69075e94a1bc1d68d6dd053f1fc12e6edc707485ba2948c7b369a98530f76ac5
fgf2,8338e5c9586a2c5993520c70d000fa66930989f7c8d6b5f0a8fdb28f9c2d186d,masked_substitution,82dfbcb215460a25cfcddb07cd001d70308ddcf682579e81f1646540e1b761a5,primary_parent,fef9246bf522c2c2d9e06f76c1f0b40a34eea229868bdcf78b51c159154681ae,macrel_amp_probability,numeric,true,same_frozen_numeric_contract,maximize,probability,0.228,0.327,0.099,0.099,true,77e07c81d358652bd1584cfd10138f65732201b39c95b18604de2cb88217d554
fgf2,8338e5c9586a2c5993520c70d000fa66930989f7c8d6b5f0a8fdb28f9c2d186d,masked_substitution,82dfbcb215460a25cfcddb07cd001d70308ddcf682579e81f1646540e1b761a5,primary_parent,fef9246bf522c2c2d9e06f76c1f0b40a34eea229868bdcf78b51c159154681ae,macrel_hemolysis_label,categorical,true,same_frozen_label_contract,audit,label,low,low,,,false,6bd366eaebd910a82463676221a23355abc1e659ddea2f889087feb1b2de4ac1
fgf2,8338e5c9586a2c5993520c70d000fa66930989f7c8d6b5f0a8fdb28f9c2d186d,masked_substitution,82dfbcb215460a25cfcddb07cd001d70308ddcf682579e81f1646540e1b761a5,primary_parent,fef9246bf522c2c2d9e06f76c1f0b40a34eea229868bdcf78b51c159154681ae,macrel_hemolysis_probability,numeric,true,same_frozen_numeric_contract,minimize,probability,0.376,0.376,0.0,-0.0,false,dffc52453f270fc04f65d7bf7f27d0d2d5a07beff268d57b3c51912cd54b669b
fgf2,8338e5c9586a2c5993520c70d000fa66930989f7c8d6b5f0a8fdb28f9c2d186d,masked_substitution,82dfbcb215460a25cfcddb07cd001d70308ddcf682579e81f1646540e1b761a5,primary_parent,fef9246bf522c2c2d9e06f76c1f0b40a34eea229868bdcf78b51c159154681ae,maximum_hydrophobic_run,numeric,true,same_frozen_numeric_contract,minimize,residues,2.0,2.0,0.0,-0.0,false,dd51dcc43a4df99cb4fcec1c82e15fecf65245669f8350ec3a31c94d2f812af8
fgf2,8338e5c9586a2c5993520c70d000fa66930989f7c8d6b5f0a8fdb28f9c2d186d,masked_substitution,82dfbcb215460a25cfcddb07cd001d70308ddcf682579e81f1646540e1b761a5,primary_parent,fef9246bf522c2c2d9e06f76c1f0b40a34eea229868bdcf78b51c159154681ae,net_charge_ph7_4,numeric,false,audit_metric_has_no_monotonic_improvement_direction,audit,elementary_charge,7.026,7.026,0.0,,false,7c324c1661e80e1b4742dfd0833537ca51040c366c9c939f2431523c48a8a163
fgf2,8338e5c9586a2c5993520c70d000fa66930989f7c8d6b5f0a8fdb28f9c2d186d,masked_substitution,82dfbcb215460a25cfcddb07cd001d70308ddcf682579e81f1646540e1b761a5,primary_parent,fef9246bf522c2c2d9e06f76c1f0b40a34eea229868bdcf78b51c159154681ae,toxinpred3_hybrid_score,numeric,true,same_frozen_numeric_contract,minimize,dimensionless,0.235,0.26,0.025000000000000022,-0.025000000000000022,true,dab9888035f6f351eb55bcd2e3fd938c466939aa85ae10c0cbc6c538e6c5277b
fgf2,8338e5c9586a2c5993520c70d000fa66930989f7c8d6b5f0a8fdb28f9c2d186d,masked_substitution,82dfbcb215460a25cfcddb07cd001d70308ddcf682579e81f1646540e1b761a5,primary_parent,fef9246bf522c2c2d9e06f76c1f0b40a34eea229868bdcf78b51c159154681ae,toxinpred3_label,categorical,true,same_frozen_label_contract,audit,label,Non-Toxin,Non-Toxin,,,false,7e00e4d0f1e37542a2bc55ae9bd6ebef2f227acfde8d0f4d9f9cb56dd3365729
fgf2,3faa965f83e9ccd2ce51da19c85ebb889cc211418f5d60d6404a457cc75a7713,masked_substitution,1b07f6e9713770ccad4a0c6a46a454a7647ccf68831a1f55cd777a0c95b642a4,primary_parent,fef9246bf522c2c2d9e06f76c1f0b40a34eea229868bdcf78b51c159154681ae,amp_read_log10_mic_um,numeric,true,same_frozen_numeric_contract,minimize,log10(uM),2.915548413288972,2.807372809955499,-0.10817560333347309,0.10817560333347309,true,f31abd3c11df903a0ab7818e292757f1715a5a6dd340518127102e968bf4bade
fgf2,3faa965f83e9ccd2ce51da19c85ebb889cc211418f5d60d6404a457cc75a7713,masked_substitution,1b07f6e9713770ccad4a0c6a46a454a7647ccf68831a1f55cd777a0c95b642a4,primary_parent,fef9246bf522c2c2d9e06f76c1f0b40a34eea229868bdcf78b51c159154681ae,guruprasad_instability_index,numeric,true,same_frozen_numeric_contract,minimize,index,22.327273,25.75454545454545,3.4272724545454487,-3.4272724545454487,true,daf1301d71ca7d7ab90ec6ae188e7c6932c39ec1898b768d2528282e8b7b8494
fgf2,3faa965f83e9ccd2ce51da19c85ebb889cc211418f5d60d6404a457cc75a7713,masked_substitution,1b07f6e9713770ccad4a0c6a46a454a7647ccf68831a1f55cd777a0c95b642a4,primary_parent,fef9246bf522c2c2d9e06f76c1f0b40a34eea229868bdcf78b51c159154681ae,hydrophobic_moment_eisenberg,numeric,false,audit_metric_has_no_monotonic_improvement_direction,audit,dimensionless,0.34127361170072296,0.38002520467604595,0.03875159297532299,,true,e66c6d95b97dce038af4f3e68db1b3c83b9cb08aa233708bd31b5130749d46fa
fgf2,3faa965f83e9ccd2ce51da19c85ebb889cc211418f5d60d6404a457cc75a7713,masked_substitution,1b07f6e9713770ccad4a0c6a46a454a7647ccf68831a1f55cd777a0c95b642a4,primary_parent,fef9246bf522c2c2d9e06f76c1f0b40a34eea229868bdcf78b51c159154681ae,hydrophobic_ratio_modlamp,numeric,false,audit_metric_has_no_monotonic_improvement_direction,audit,fraction,0.09090909090909091,0.09090909090909091,0.0,,false,4e2bea14af77af5c969aac00d5ef92ddb568e04a1d03ca2dfd8952728e35ea88
fgf2,3faa965f83e9ccd2ce51da19c85ebb889cc211418f5d60d6404a457cc75a7713,masked_substitution,1b07f6e9713770ccad4a0c6a46a454a7647ccf68831a1f55cd777a0c95b642a4,primary_parent,fef9246bf522c2c2d9e06f76c1f0b40a34eea229868bdcf78b51c159154681ae,llamp_log10_mic_um,numeric,true,same_frozen_numeric_contract,minimize,log10(uM),1.6722277402877808,1.6778122186660767,0.0055844783782958984,-0.0055844783782958984,true,ce3576d0931514211d181b3958793caf416bac7e0a29797b60b5a7a30346a021
fgf2,3faa965f83e9ccd2ce51da19c85ebb889cc211418f5d60d6404a457cc75a7713,masked_substitution,1b07f6e9713770ccad4a0c6a46a454a7647ccf68831a1f55cd777a0c95b642a4,primary_parent,fef9246bf522c2c2d9e06f76c1f0b40a34eea229868bdcf78b51c159154681ae,macrel_amp_probability,numeric,true,same_frozen_numeric_contract,maximize,probability,0.228,0.317,0.089,0.089,true,6c042c10f1f7d211b81e4723c42ab6e2bd1f1c5edac089676ad676a88095f7e8
fgf2,3faa965f83e9ccd2ce51da19c85ebb889cc211418f5d60d6404a457cc75a7713,masked_substitution,1b07f6e9713770ccad4a0c6a46a454a7647ccf68831a1f55cd777a0c95b642a4,primary_parent,fef9246bf522c2c2d9e06f76c1f0b40a34eea229868bdcf78b51c159154681ae,macrel_hemolysis_label,categorical,true,same_frozen_label_contract,audit,label,low,low,,,false,254e764bfba5db3578fa712dfbb3ab6ab7be026b71247f0eff2887e75d6c7b90
fgf2,3faa965f83e9ccd2ce51da19c85ebb889cc211418f5d60d6404a457cc75a7713,masked_substitution,1b07f6e9713770ccad4a0c6a46a454a7647ccf68831a1f55cd777a0c95b642a4,primary_parent,fef9246bf522c2c2d9e06f76c1f0b40a34eea229868bdcf78b51c159154681ae,macrel_hemolysis_probability,numeric,true,same_frozen_numeric_contract,minimize,probability,0.376,0.386,0.010000000000000009,-0.010000000000000009,true,aa8cfaee1c964c78f9fb2de7ef88cf5725655445823f6d3ac03aba00849d8ffd
fgf2,3faa965f83e9ccd2ce51da19c85ebb889cc211418f5d60d6404a457cc75a7713,masked_substitution,1b07f6e9713770ccad4a0c6a46a454a7647ccf68831a1f55cd777a0c95b642a4,primary_parent,fef9246bf522c2c2d9e06f76c1f0b40a34eea229868bdcf78b51c159154681ae,maximum_hydrophobic_run,numeric,true,same_frozen_numeric_contract,minimize,residues,2.0,2.0,0.0,-0.0,false,81212b27cf24e219e36bb63cb331bdeb2139d3c4301657e67eff07ede110ae40
fgf2,3faa965f83e9ccd2ce51da19c85ebb889cc211418f5d60d6404a457cc75a7713,masked_substitution,1b07f6e9713770ccad4a0c6a46a454a7647ccf68831a1f55cd777a0c95b642a4,primary_parent,fef9246bf522c2c2d9e06f76c1f0b40a34eea229868bdcf78b51c159154681ae,net_charge_ph7_4,numeric,false,audit_metric_has_no_monotonic_improvement_direction,audit,elementary_charge,7.026,7.026,0.0,,false,96cd19b63d2b801010c9992a515046933d5499e7163e1fbf124a143fbeb4ae1a
fgf2,3faa965f83e9ccd2ce51da19c85ebb889cc211418f5d60d6404a457cc75a7713,masked_substitution,1b07f6e9713770ccad4a0c6a46a454a7647ccf68831a1f55cd777a0c95b642a4,primary_parent,fef9246bf522c2c2d9e06f76c1f0b40a34eea229868bdcf78b51c159154681ae,toxinpred3_hybrid_score,numeric,true,same_frozen_numeric_contract,minimize,dimensionless,0.235,0.0,-0.235,0.235,true,e674dd101887a89e3dd7e6fe8d3f88043bd7a1fe2c8812c00839affeff8214a4
fgf2,3faa965f83e9ccd2ce51da19c85ebb889cc211418f5d60d6404a457cc75a7713,masked_substitution,1b07f6e9713770ccad4a0c6a46a454a7647ccf68831a1f55cd777a0c95b642a4,primary_parent,fef9246bf522c2c2d9e06f76c1f0b40a34eea229868bdcf78b51c159154681ae,toxinpred3_label,categorical,true,same_frozen_label_contract,audit,label,Non-Toxin,Non-Toxin,,,false,94a9ead0da9b998154039b8477a2e5645e49b47b69d2ec0891da04b2eab968be
fgf2,cc41cdb7cfebd2ad603e4c220e658928ab326971dd50abd978f9e729d9d15acb,masked_substitution,84e71fe83b086e39749f4239d51d174d23b188c4f5524d208d7f7b3a24d785d2,primary_parent,fef9246bf522c2c2d9e06f76c1f0b40a34eea229868bdcf78b51c159154681ae,amp_read_log10_mic_um,numeric,true,same_frozen_numeric_contract,minimize,log10(uM),2.915548413288972,2.8287112627691005,-0.08683715051987173,0.08683715051987173,true,182e2c8e1241f8f6a69de456942d6295b9425df1460ec451f51f0d1052aba0cc
fgf2,cc41cdb7cfebd2ad603e4c220e658928ab326971dd50abd978f9e729d9d15acb,masked_substitution,84e71fe83b086e39749f4239d51d174d23b188c4f5524d208d7f7b3a24d785d2,primary_parent,fef9246bf522c2c2d9e06f76c1f0b40a34eea229868bdcf78b51c159154681ae,guruprasad_instability_index,numeric,true,same_frozen_numeric_contract,minimize,index,22.327273,22.327272727272724,-2.727272772062861e-07,2.727272772062861e-07,true,a7b0c78d247ca963ebf848289a53bb230a46230d325e860083db91236649e767
fgf2,cc41cdb7cfebd2ad603e4c220e658928ab326971dd50abd978f9e729d9d15acb,masked_substitution,84e71fe83b086e39749f4239d51d174d23b188c4f5524d208d7f7b3a24d785d2,primary_parent,fef9246bf522c2c2d9e06f76c1f0b40a34eea229868bdcf78b51c159154681ae,hydrophobic_moment_eisenberg,numeric,false,audit_metric_has_no_monotonic_improvement_direction,audit,dimensionless,0.34127361170072296,0.3552336388012629,0.013960027100539951,,true,1a47d59beba285dbfcd4b8c8c15b2ae7edd4c1ca75a3d74d873c8676f9788e92
fgf2,cc41cdb7cfebd2ad603e4c220e658928ab326971dd50abd978f9e729d9d15acb,masked_substitution,84e71fe83b086e39749f4239d51d174d23b188c4f5524d208d7f7b3a24d785d2,primary_parent,fef9246bf522c2c2d9e06f76c1f0b40a34eea229868bdcf78b51c159154681ae,hydrophobic_ratio_modlamp,numeric,false,audit_metric_has_no_monotonic_improvement_direction,audit,fraction,0.09090909090909091,0.09090909090909091,0.0,,false,32afc188afdc6f4e85d48d36aa8614b7d712e63abace65990f4302d89d0d1447
fgf2,cc41cdb7cfebd2ad603e4c220e658928ab326971dd50abd978f9e729d9d15acb,masked_substitution,84e71fe83b086e39749f4239d51d174d23b188c4f5524d208d7f7b3a24d785d2,primary_parent,fef9246bf522c2c2d9e06f76c1f0b40a34eea229868bdcf78b51c159154681ae,llamp_log10_mic_um,numeric,true,same_frozen_numeric_contract,minimize,log10(uM),1.6722277402877808,1.4111047983169556,-0.2611229419708252,0.2611229419708252,true,2e686b03fecfe6150e54d5662e8deb1a6bbb65304f30a10b7d44f07d2cb3764c
fgf2,cc41cdb7cfebd2ad603e4c220e658928ab326971dd50abd978f9e729d9d15acb,masked_substitution,84e71fe83b086e39749f4239d51d174d23b188c4f5524d208d7f7b3a24d785d2,primary_parent,fef9246bf522c2c2d9e06f76c1f0b40a34eea229868bdcf78b51c159154681ae,macrel_amp_probability,numeric,true,same_frozen_numeric_contract,maximize,probability,0.228,0.327,0.099,0.099,true,a1d6ac46634cfef2031a0b4fc87df826ba8f3e39768ee1fedb3dab34743bdad6
fgf2,cc41cdb7cfebd2ad603e4c220e658928ab326971dd50abd978f9e729d9d15acb,masked_substitution,84e71fe83b086e39749f4239d51d174d23b188c4f5524d208d7f7b3a24d785d2,primary_parent,fef9246bf522c2c2d9e06f76c1f0b40a34eea229868bdcf78b51c159154681ae,macrel_hemolysis_label,categorical,true,same_frozen_label_contract,audit,label,low,low,,,false,75add2ecd27868d074add40179efd54dc96af86e30559b2e33675132253322c8
fgf2,cc41cdb7cfebd2ad603e4c220e658928ab326971dd50abd978f9e729d9d15acb,masked_substitution,84e71fe83b086e39749f4239d51d174d23b188c4f5524d208d7f7b3a24d785d2,primary_parent,fef9246bf522c2c2d9e06f76c1f0b40a34eea229868bdcf78b51c159154681ae,macrel_hemolysis_probability,numeric,true,same_frozen_numeric_contract,minimize,probability,0.376,0.366,-0.010000000000000009,0.010000000000000009,true,da6e9219f08d5d5343d4488313dca222901372655b17e67b0225a0257a475271
fgf2,cc41cdb7cfebd2ad603e4c220e658928ab326971dd50abd978f9e729d9d15acb,masked_substitution,84e71fe83b086e39749f4239d51d174d23b188c4f5524d208d7f7b3a24d785d2,primary_parent,fef9246bf522c2c2d9e06f76c1f0b40a34eea229868bdcf78b51c159154681ae,maximum_hydrophobic_run,numeric,true,same_frozen_numeric_contract,minimize,residues,2.0,2.0,0.0,-0.0,false,91b5501fbb952f6e828233660c3401ce591bf421d51fa42e6d317b5dcc846613
fgf2,cc41cdb7cfebd2ad603e4c220e658928ab326971dd50abd978f9e729d9d15acb,masked_substitution,84e71fe83b086e39749f4239d51d174d23b188c4f5524d208d7f7b3a24d785d2,primary_parent,fef9246bf522c2c2d9e06f76c1f0b40a34eea229868bdcf78b51c159154681ae,net_charge_ph7_4,numeric,false,audit_metric_has_no_monotonic_improvement_direction,audit,elementary_charge,7.026,7.024,-0.0019999999999997797,,true,ff15bc02b5d3c71eb1b2a74e7663af59e5a7821d990c2f5db293e7d99521184b
fgf2,cc41cdb7cfebd2ad603e4c220e658928ab326971dd50abd978f9e729d9d15acb,masked_substitution,84e71fe83b086e39749f4239d51d174d23b188c4f5524d208d7f7b3a24d785d2,primary_parent,fef9246bf522c2c2d9e06f76c1f0b40a34eea229868bdcf78b51c159154681ae,toxinpred3_hybrid_score,numeric,true,same_frozen_numeric_contract,minimize,dimensionless,0.235,0.29,0.05499999999999999,-0.05499999999999999,true,1db1f37d7c963f9becef7920878990fd85da06b511975a180d7f544847e541fa
fgf2,cc41cdb7cfebd2ad603e4c220e658928ab326971dd50abd978f9e729d9d15acb,masked_substitution,84e71fe83b086e39749f4239d51d174d23b188c4f5524d208d7f7b3a24d785d2,primary_parent,fef9246bf522c2c2d9e06f76c1f0b40a34eea229868bdcf78b51c159154681ae,toxinpred3_label,categorical,true,same_frozen_label_contract,audit,label,Non-Toxin,Non-Toxin,,,false,cc4ddb3ec33e486c5a66d4d771538f03538fe4181432aaacc8eb53e19fd33be4
fgf2,18a2c41a9d37a9b7d6712fc74633ddac08bf7b7316e2ce27e7a893bae4aacb92,masked_substitution,74953f124585930587356ff89c5bd61edf3d9df693666a4c692edb3041567893,primary_parent,fef9246bf522c2c2d9e06f76c1f0b40a34eea229868bdcf78b51c159154681ae,amp_read_log10_mic_um,numeric,true,same_frozen_numeric_contract,minimize,log10(uM),2.915548413288972,2.8839629549153236,-0.03158545837364857,0.03158545837364857,true,de3c68eb306e1ee398be0617a3842041d0de24d839f1f04abd7d2b8f81f42ae7
fgf2,18a2c41a9d37a9b7d6712fc74633ddac08bf7b7316e2ce27e7a893bae4aacb92,masked_substitution,74953f124585930587356ff89c5bd61edf3d9df693666a4c692edb3041567893,primary_parent,fef9246bf522c2c2d9e06f76c1f0b40a34eea229868bdcf78b51c159154681ae,guruprasad_instability_index,numeric,true,same_frozen_numeric_contract,minimize,index,22.327273,25.75454545454545,3.4272724545454487,-3.4272724545454487,true,5681e2296e36b17852808f924bc24ea699acbcbbc9febaad92cf36b4e33b04f3
fgf2,18a2c41a9d37a9b7d6712fc74633ddac08bf7b7316e2ce27e7a893bae4aacb92,masked_substitution,74953f124585930587356ff89c5bd61edf3d9df693666a4c692edb3041567893,primary_parent,fef9246bf522c2c2d9e06f76c1f0b40a34eea229868bdcf78b51c159154681ae,hydrophobic_moment_eisenberg,numeric,false,audit_metric_has_no_monotonic_improvement_direction,audit,dimensionless,0.34127361170072296,0.3268920879894885,-0.014381523711234467,,true,bd91d8053e621a397e4b75dbc264dfd083bfd0fee8dfbcf9ab91fdc1f67bce78
fgf2,18a2c41a9d37a9b7d6712fc74633ddac08bf7b7316e2ce27e7a893bae4aacb92,masked_substitution,74953f124585930587356ff89c5bd61edf3d9df693666a4c692edb3041567893,primary_parent,fef9246bf522c2c2d9e06f76c1f0b40a34eea229868bdcf78b51c159154681ae,hydrophobic_ratio_modlamp,numeric,false,audit_metric_has_no_monotonic_improvement_direction,audit,fraction,0.09090909090909091,0.13636363636363635,0.04545454545454544,,true,6727e6a92fb3e97f0e2a49e2940b4efe9e120f9f8614722c92877fb4546bdbe8
fgf2,18a2c41a9d37a9b7d6712fc74633ddac08bf7b7316e2ce27e7a893bae4aacb92,masked_substitution,74953f124585930587356ff89c5bd61edf3d9df693666a4c692edb3041567893,primary_parent,fef9246bf522c2c2d9e06f76c1f0b40a34eea229868bdcf78b51c159154681ae,llamp_log10_mic_um,numeric,true,same_frozen_numeric_contract,minimize,log10(uM),1.6722277402877808,1.9028528928756714,0.23062515258789062,-0.23062515258789062,true,e82408646b2bca9f7a2b22e7631b70d1101d3d14234c6f21633dbdad6703833a
fgf2,18a2c41a9d37a9b7d6712fc74633ddac08bf7b7316e2ce27e7a893bae4aacb92,masked_substitution,74953f124585930587356ff89c5bd61edf3d9df693666a4c692edb3041567893,primary_parent,fef9246bf522c2c2d9e06f76c1f0b40a34eea229868bdcf78b51c159154681ae,macrel_amp_probability,numeric,true,same_frozen_numeric_contract,maximize,probability,0.228,0.198,-0.03,-0.03,true,ca67380b21bc9fb6a93cbc31047b1e597ff89e77760957969bb6a6374c4f4545
fgf2,18a2c41a9d37a9b7d6712fc74633ddac08bf7b7316e2ce27e7a893bae4aacb92,masked_substitution,74953f124585930587356ff89c5bd61edf3d9df693666a4c692edb3041567893,primary_parent,fef9246bf522c2c2d9e06f76c1f0b40a34eea229868bdcf78b51c159154681ae,macrel_hemolysis_label,categorical,true,same_frozen_label_contract,audit,label,low,low,,,false,1c93d8059f9602aa7d02c00301e72ff8210cafa2a9bfb522d2b689967cd4c96d
fgf2,18a2c41a9d37a9b7d6712fc74633ddac08bf7b7316e2ce27e7a893bae4aacb92,masked_substitution,74953f124585930587356ff89c5bd61edf3d9df693666a4c692edb3041567893,primary_parent,fef9246bf522c2c2d9e06f76c1f0b40a34eea229868bdcf78b51c159154681ae,macrel_hemolysis_probability,numeric,true,same_frozen_numeric_contract,minimize,probability,0.376,0.267,-0.10899999999999999,0.10899999999999999,true,70dbc8b282e78486df69b5b404fc6de52d65a189dce337a4b446d0e36baef472
fgf2,18a2c41a9d37a9b7d6712fc74633ddac08bf7b7316e2ce27e7a893bae4aacb92,masked_substitution,74953f124585930587356ff89c5bd61edf3d9df693666a4c692edb3041567893,primary_parent,fef9246bf522c2c2d9e06f76c1f0b40a34eea229868bdcf78b51c159154681ae,maximum_hydrophobic_run,numeric,true,same_frozen_numeric_contract,minimize,residues,2.0,2.0,0.0,-0.0,false,7f7434da99aa202ec69d79739ee413a546fd64f442c1c9b03931318247e2d0df
fgf2,18a2c41a9d37a9b7d6712fc74633ddac08bf7b7316e2ce27e7a893bae4aacb92,masked_substitution,74953f124585930587356ff89c5bd61edf3d9df693666a4c692edb3041567893,primary_parent,fef9246bf522c2c2d9e06f76c1f0b40a34eea229868bdcf78b51c159154681ae,net_charge_ph7_4,numeric,false,audit_metric_has_no_monotonic_improvement_direction,audit,elementary_charge,7.026,7.026,0.0,,false,d36156f8d300d1028afc0ba609d9cfe6ff1eaef6928176b45385eb345dafb9b1
fgf2,18a2c41a9d37a9b7d6712fc74633ddac08bf7b7316e2ce27e7a893bae4aacb92,masked_substitution,74953f124585930587356ff89c5bd61edf3d9df693666a4c692edb3041567893,primary_parent,fef9246bf522c2c2d9e06f76c1f0b40a34eea229868bdcf78b51c159154681ae,toxinpred3_hybrid_score,numeric,true,same_frozen_numeric_contract,minimize,dimensionless,0.235,0.235,0.0,-0.0,false,e4315c390f3ad93aaa847e362ba5ee2ff1affa6029d7707fe6025032a52c8f54
fgf2,18a2c41a9d37a9b7d6712fc74633ddac08bf7b7316e2ce27e7a893bae4aacb92,masked_substitution,74953f124585930587356ff89c5bd61edf3d9df693666a4c692edb3041567893,primary_parent,fef9246bf522c2c2d9e06f76c1f0b40a34eea229868bdcf78b51c159154681ae,toxinpred3_label,categorical,true,same_frozen_label_contract,audit,label,Non-Toxin,Non-Toxin,,,false,79ac09a0531863efab914ba84c382d7ee9a407feae21e3f605e4c180a9bd495e
fgf2,1418aeba1450b722605d148e2cfdf9827317466c58298f021dc8dac56b56ed1b,masked_substitution,9ba80dc03266089911e99e906b55738cccbdabd6a0900aeb6d14622f7a33768d,primary_parent,fef9246bf522c2c2d9e06f76c1f0b40a34eea229868bdcf78b51c159154681ae,amp_read_log10_mic_um,numeric,true,same_frozen_numeric_contract,minimize,log10(uM),2.915548413288972,2.8428891341641305,-0.07265927912484171,0.07265927912484171,true,17577594761864ab598a7e30e1e8f5dc73b5f813b435a7c8872fa09d4b1d9941
fgf2,1418aeba1450b722605d148e2cfdf9827317466c58298f021dc8dac56b56ed1b,masked_substitution,9ba80dc03266089911e99e906b55738cccbdabd6a0900aeb6d14622f7a33768d,primary_parent,fef9246bf522c2c2d9e06f76c1f0b40a34eea229868bdcf78b51c159154681ae,guruprasad_instability_index,numeric,true,same_frozen_numeric_contract,minimize,index,22.327273,25.75454545454545,3.4272724545454487,-3.4272724545454487,true,061539e42c9d385bb7a5c20a0b95df11c56ca7b386fb6c0eb84cadef54bc6cdc
fgf2,1418aeba1450b722605d148e2cfdf9827317466c58298f021dc8dac56b56ed1b,masked_substitution,9ba80dc03266089911e99e906b55738cccbdabd6a0900aeb6d14622f7a33768d,primary_parent,fef9246bf522c2c2d9e06f76c1f0b40a34eea229868bdcf78b51c159154681ae,hydrophobic_moment_eisenberg,numeric,false,audit_metric_has_no_monotonic_improvement_direction,audit,dimensionless,0.34127361170072296,0.3250455509442753,-0.01622806075644767,,true,701b812dbd1bc76c3cca93804f29fb39817ed007e841e034d9c85c047535c46f
fgf2,1418aeba1450b722605d148e2cfdf9827317466c58298f021dc8dac56b56ed1b,masked_substitution,9ba80dc03266089911e99e906b55738cccbdabd6a0900aeb6d14622f7a33768d,primary_parent,fef9246bf522c2c2d9e06f76c1f0b40a34eea229868bdcf78b51c159154681ae,hydrophobic_ratio_modlamp,numeric,false,audit_metric_has_no_monotonic_improvement_direction,audit,fraction,0.09090909090909091,0.13636363636363635,0.04545454545454544,,true,3a8654b47cba61744b4f348b4351dabeb945d625eb79d782bb628631ac82dc6e
fgf2,1418aeba1450b722605d148e2cfdf9827317466c58298f021dc8dac56b56ed1b,masked_substitution,9ba80dc03266089911e99e906b55738cccbdabd6a0900aeb6d14622f7a33768d,primary_parent,fef9246bf522c2c2d9e06f76c1f0b40a34eea229868bdcf78b51c159154681ae,llamp_log10_mic_um,numeric,true,same_frozen_numeric_contract,minimize,log10(uM),1.6722277402877808,1.8794432878494263,0.2072155475616455,-0.2072155475616455,true,ffdcfb9f8ae097dce3b02193d5400983c0c0725499d89eed4ff3c8ea90c532e9
fgf2,1418aeba1450b722605d148e2cfdf9827317466c58298f021dc8dac56b56ed1b,masked_substitution,9ba80dc03266089911e99e906b55738cccbdabd6a0900aeb6d14622f7a33768d,primary_parent,fef9246bf522c2c2d9e06f76c1f0b40a34eea229868bdcf78b51c159154681ae,macrel_amp_probability,numeric,true,same_frozen_numeric_contract,maximize,probability,0.228,0.188,-0.04000000000000001,-0.04000000000000001,true,918cb11ab30dd2d7c18c0533b4669af1769b935347ac01617e6eaca2fe0b94f8
fgf2,1418aeba1450b722605d148e2cfdf9827317466c58298f021dc8dac56b56ed1b,masked_substitution,9ba80dc03266089911e99e906b55738cccbdabd6a0900aeb6d14622f7a33768d,primary_parent,fef9246bf522c2c2d9e06f76c1f0b40a34eea229868bdcf78b51c159154681ae,macrel_hemolysis_label,categorical,true,same_frozen_label_contract,audit,label,low,low,,,false,fa2aaef65fd7b252a36bee2efc026eb492c2baa6ce4a82fbcd5b7656055db826
fgf2,1418aeba1450b722605d148e2cfdf9827317466c58298f021dc8dac56b56ed1b,masked_substitution,9ba80dc03266089911e99e906b55738cccbdabd6a0900aeb6d14622f7a33768d,primary_parent,fef9246bf522c2c2d9e06f76c1f0b40a34eea229868bdcf78b51c159154681ae,macrel_hemolysis_probability,numeric,true,same_frozen_numeric_contract,minimize,probability,0.376,0.267,-0.10899999999999999,0.10899999999999999,true,92cd516b52d3aa0346928c21ca1a1bff0b3f11b449375516efce6bdeeb40f7ae
fgf2,1418aeba1450b722605d148e2cfdf9827317466c58298f021dc8dac56b56ed1b,masked_substitution,9ba80dc03266089911e99e906b55738cccbdabd6a0900aeb6d14622f7a33768d,primary_parent,fef9246bf522c2c2d9e06f76c1f0b40a34eea229868bdcf78b51c159154681ae,maximum_hydrophobic_run,numeric,true,same_frozen_numeric_contract,minimize,residues,2.0,2.0,0.0,-0.0,false,ee0653d33e0ccc955413d3f6ac4cbc70eacdfdd61aad98f385ef9baec63a00cb
fgf2,1418aeba1450b722605d148e2cfdf9827317466c58298f021dc8dac56b56ed1b,masked_substitution,9ba80dc03266089911e99e906b55738cccbdabd6a0900aeb6d14622f7a33768d,primary_parent,fef9246bf522c2c2d9e06f76c1f0b40a34eea229868bdcf78b51c159154681ae,net_charge_ph7_4,numeric,false,audit_metric_has_no_monotonic_improvement_direction,audit,elementary_charge,7.026,7.026,0.0,,false,502703f0bc87e180647110f84a5cbcf8d51a29becc1f971c379a4c16aa0c3ef4
fgf2,1418aeba1450b722605d148e2cfdf9827317466c58298f021dc8dac56b56ed1b,masked_substitution,9ba80dc03266089911e99e906b55738cccbdabd6a0900aeb6d14622f7a33768d,primary_parent,fef9246bf522c2c2d9e06f76c1f0b40a34eea229868bdcf78b51c159154681ae,toxinpred3_hybrid_score,numeric,true,same_frozen_numeric_contract,minimize,dimensionless,0.235,0.255,0.020000000000000018,-0.020000000000000018,true,97b2388f6a895771aa4d2f1dd8fa7c947de8b0f088023f4eef1ee31a4ce3aabc
fgf2,1418aeba1450b722605d148e2cfdf9827317466c58298f021dc8dac56b56ed1b,masked_substitution,9ba80dc03266089911e99e906b55738cccbdabd6a0900aeb6d14622f7a33768d,primary_parent,fef9246bf522c2c2d9e06f76c1f0b40a34eea229868bdcf78b51c159154681ae,toxinpred3_label,categorical,true,same_frozen_label_contract,audit,label,Non-Toxin,Non-Toxin,,,false,68ec88a94199d368aa7f0a2c00931f6cb36e7a2848d1cd5a79529efd6bd851a4
fgf2,ebe9751798b98785a329a767575019ae1540e968a8921b652ed1174fd716b37b,masked_substitution,15aa847daf89dc691cfe19fd7ca89ad9ab5e6127785f33d5e628994112dcddc5,primary_parent,fef9246bf522c2c2d9e06f76c1f0b40a34eea229868bdcf78b51c159154681ae,amp_read_log10_mic_um,numeric,true,same_frozen_numeric_contract,minimize,log10(uM),2.915548413288972,2.7049677111039925,-0.2105807021849797,0.2105807021849797,true,64a77e6186d140529d4b9b55f28205966c312bea5d300bceb0c4d879c3a29b3f
fgf2,ebe9751798b98785a329a767575019ae1540e968a8921b652ed1174fd716b37b,masked_substitution,15aa847daf89dc691cfe19fd7ca89ad9ab5e6127785f33d5e628994112dcddc5,primary_parent,fef9246bf522c2c2d9e06f76c1f0b40a34eea229868bdcf78b51c159154681ae,guruprasad_instability_index,numeric,true,same_frozen_numeric_contract,minimize,index,22.327273,31.363636363636363,9.036363363636362,-9.036363363636362,true,bc71a5ead003c07c8c93e1fdb74602fc683541d45f85d552ede105778a928a83
fgf2,ebe9751798b98785a329a767575019ae1540e968a8921b652ed1174fd716b37b,masked_substitution,15aa847daf89dc691cfe19fd7ca89ad9ab5e6127785f33d5e628994112dcddc5,primary_parent,fef9246bf522c2c2d9e06f76c1f0b40a34eea229868bdcf78b51c159154681ae,hydrophobic_moment_eisenberg,numeric,false,audit_metric_has_no_monotonic_improvement_direction,audit,dimensionless,0.34127361170072296,0.3248440358194074,-0.01642957588131555,,true,9a5ecb0c2be196b151c545dee176dd168bfd59f380221d94a41f8fe8265a4f39
fgf2,ebe9751798b98785a329a767575019ae1540e968a8921b652ed1174fd716b37b,masked_substitution,15aa847daf89dc691cfe19fd7ca89ad9ab5e6127785f33d5e628994112dcddc5,primary_parent,fef9246bf522c2c2d9e06f76c1f0b40a34eea229868bdcf78b51c159154681ae,hydrophobic_ratio_modlamp,numeric,false,audit_metric_has_no_monotonic_improvement_direction,audit,fraction,0.09090909090909091,0.13636363636363635,0.04545454545454544,,true,6ffd2834f78790cab27f55c622e22f3e32a56e3859d5bc247900e0171e45803d
fgf2,ebe9751798b98785a329a767575019ae1540e968a8921b652ed1174fd716b37b,masked_substitution,15aa847daf89dc691cfe19fd7ca89ad9ab5e6127785f33d5e628994112dcddc5,primary_parent,fef9246bf522c2c2d9e06f76c1f0b40a34eea229868bdcf78b51c159154681ae,llamp_log10_mic_um,numeric,true,same_frozen_numeric_contract,minimize,log10(uM),1.6722277402877808,1.7892690896987915,0.11704134941101074,-0.11704134941101074,true,cb168fef3eb23cec1b4069888e05e415a8e01c01b23131074f5627174e0c9b5c
fgf2,ebe9751798b98785a329a767575019ae1540e968a8921b652ed1174fd716b37b,masked_substitution,15aa847daf89dc691cfe19fd7ca89ad9ab5e6127785f33d5e628994112dcddc5,primary_parent,fef9246bf522c2c2d9e06f76c1f0b40a34eea229868bdcf78b51c159154681ae,macrel_amp_probability,numeric,true,same_frozen_numeric_contract,maximize,probability,0.228,0.238,0.009999999999999981,0.009999999999999981,true,9f2ba33af85065c283e3256f4b1c40eec684e167c397852bf105fdc688ede27a
fgf2,ebe9751798b98785a329a767575019ae1540e968a8921b652ed1174fd716b37b,masked_substitution,15aa847daf89dc691cfe19fd7ca89ad9ab5e6127785f33d5e628994112dcddc5,primary_parent,fef9246bf522c2c2d9e06f76c1f0b40a34eea229868bdcf78b51c159154681ae,macrel_hemolysis_label,categorical,true,same_frozen_label_contract,audit,label,low,low,,,false,0d8814471daa6572b971d33851b4776099acc97581b3ab0735711808b8c20c20
fgf2,ebe9751798b98785a329a767575019ae1540e968a8921b652ed1174fd716b37b,masked_substitution,15aa847daf89dc691cfe19fd7ca89ad9ab5e6127785f33d5e628994112dcddc5,primary_parent,fef9246bf522c2c2d9e06f76c1f0b40a34eea229868bdcf78b51c159154681ae,macrel_hemolysis_probability,numeric,true,same_frozen_numeric_contract,minimize,probability,0.376,0.317,-0.059,0.059,true,5eba6a94dec5b687118db4417f69aded3b34f42ba3f7f71b7545fea12e95e110
fgf2,ebe9751798b98785a329a767575019ae1540e968a8921b652ed1174fd716b37b,masked_substitution,15aa847daf89dc691cfe19fd7ca89ad9ab5e6127785f33d5e628994112dcddc5,primary_parent,fef9246bf522c2c2d9e06f76c1f0b40a34eea229868bdcf78b51c159154681ae,maximum_hydrophobic_run,numeric,true,same_frozen_numeric_contract,minimize,residues,2.0,2.0,0.0,-0.0,false,6fd2250afb751c43b5fd1adb8326ac9568dcacfc7cbac56611504b400ea58f71
fgf2,ebe9751798b98785a329a767575019ae1540e968a8921b652ed1174fd716b37b,masked_substitution,15aa847daf89dc691cfe19fd7ca89ad9ab5e6127785f33d5e628994112dcddc5,primary_parent,fef9246bf522c2c2d9e06f76c1f0b40a34eea229868bdcf78b51c159154681ae,net_charge_ph7_4,numeric,false,audit_metric_has_no_monotonic_improvement_direction,audit,elementary_charge,7.026,7.026,0.0,,false,6b43f17df669b2e1803c3085f84c90059beec119fe7f0f36c25c8be64f0a154f
fgf2,ebe9751798b98785a329a767575019ae1540e968a8921b652ed1174fd716b37b,masked_substitution,15aa847daf89dc691cfe19fd7ca89ad9ab5e6127785f33d5e628994112dcddc5,primary_parent,fef9246bf522c2c2d9e06f76c1f0b40a34eea229868bdcf78b51c159154681ae,toxinpred3_hybrid_score,numeric,true,same_frozen_numeric_contract,minimize,dimensionless,0.235,0.255,0.020000000000000018,-0.020000000000000018,true,a66554f69ab314d8b8aeaa05e1995636d3622a630693a4b9254b3f04422e047b
fgf2,ebe9751798b98785a329a767575019ae1540e968a8921b652ed1174fd716b37b,masked_substitution,15aa847daf89dc691cfe19fd7ca89ad9ab5e6127785f33d5e628994112dcddc5,primary_parent,fef9246bf522c2c2d9e06f76c1f0b40a34eea229868bdcf78b51c159154681ae,toxinpred3_label,categorical,true,same_frozen_label_contract,audit,label,Non-Toxin,Non-Toxin,,,false,5297c2d9b7538667d1b823e47adf7b79556af0dd6d5442ff0615143a912de2a7
fgf2,fa6b50019730db8b516f8965d05af625b7c2e65959a06ea970dbba54ab154ce3,masked_substitution,a40a5c5b4c507a700f832636d2b6746e3ebe2e8171f5a5f7cffcf15906b62d41,primary_parent,fef9246bf522c2c2d9e06f76c1f0b40a34eea229868bdcf78b51c159154681ae,amp_read_log10_mic_um,numeric,true,same_frozen_numeric_contract,minimize,log10(uM),2.915548413288972,2.7475514733123085,-0.16799693997666365,0.16799693997666365,true,dbdfdc21146d2649d8956914ecd4c93e85f5811bb5be55543ccda6321b0cfc7c
fgf2,fa6b50019730db8b516f8965d05af625b7c2e65959a06ea970dbba54ab154ce3,masked_substitution,a40a5c5b4c507a700f832636d2b6746e3ebe2e8171f5a5f7cffcf15906b62d41,primary_parent,fef9246bf522c2c2d9e06f76c1f0b40a34eea229868bdcf78b51c159154681ae,guruprasad_instability_index,numeric,true,same_frozen_numeric_contract,minimize,index,22.327273,25.75454545454545,3.4272724545454487,-3.4272724545454487,true,3b7c9112f07a9d9e3f642985a1da7db9b60879cb12f29ae46f6e4c3efc8bda06
fgf2,fa6b50019730db8b516f8965d05af625b7c2e65959a06ea970dbba54ab154ce3,masked_substitution,a40a5c5b4c507a700f832636d2b6746e3ebe2e8171f5a5f7cffcf15906b62d41,primary_parent,fef9246bf522c2c2d9e06f76c1f0b40a34eea229868bdcf78b51c159154681ae,hydrophobic_moment_eisenberg,numeric,false,audit_metric_has_no_monotonic_improvement_direction,audit,dimensionless,0.34127361170072296,0.3292204441246811,-0.012053167576041857,,true,05ccc95eecff1f33365ab414b9b3dda55873e476b11d466bd2ff6c9fb39305b2
fgf2,fa6b50019730db8b516f8965d05af625b7c2e65959a06ea970dbba54ab154ce3,masked_substitution,a40a5c5b4c507a700f832636d2b6746e3ebe2e8171f5a5f7cffcf15906b62d41,primary_parent,fef9246bf522c2c2d9e06f76c1f0b40a34eea229868bdcf78b51c159154681ae,hydrophobic_ratio_modlamp,numeric,false,audit_metric_has_no_monotonic_improvement_direction,audit,fraction,0.09090909090909091,0.09090909090909091,0.0,,false,48404cbad271f7f7998ad47d83095d7db637dda0b7007338452c8e6fd61e3e07
fgf2,fa6b50019730db8b516f8965d05af625b7c2e65959a06ea970dbba54ab154ce3,masked_substitution,a40a5c5b4c507a700f832636d2b6746e3ebe2e8171f5a5f7cffcf15906b62d41,primary_parent,fef9246bf522c2c2d9e06f76c1f0b40a34eea229868bdcf78b51c159154681ae,llamp_log10_mic_um,numeric,true,same_frozen_numeric_contract,minimize,log10(uM),1.6722277402877808,1.8091199398040771,0.1368921995162964,-0.1368921995162964,true,d6a542d58b529ca90378c68b362da2eb0a4cd0add10d8736004ac4b48cd8e8d3
fgf2,fa6b50019730db8b516f8965d05af625b7c2e65959a06ea970dbba54ab154ce3,masked_substitution,a40a5c5b4c507a700f832636d2b6746e3ebe2e8171f5a5f7cffcf15906b62d41,primary_parent,fef9246bf522c2c2d9e06f76c1f0b40a34eea229868bdcf78b51c159154681ae,macrel_amp_probability,numeric,true,same_frozen_numeric_contract,maximize,probability,0.228,0.238,0.009999999999999981,0.009999999999999981,true,c8eae3a13a591238a03da87b88cb3c905ff9f5c728cf63a573aba0e72b736641
fgf2,fa6b50019730db8b516f8965d05af625b7c2e65959a06ea970dbba54ab154ce3,masked_substitution,a40a5c5b4c507a700f832636d2b6746e3ebe2e8171f5a5f7cffcf15906b62d41,primary_parent,fef9246bf522c2c2d9e06f76c1f0b40a34eea229868bdcf78b51c159154681ae,macrel_hemolysis_label,categorical,true,same_frozen_label_contract,audit,label,low,low,,,false,84e8fd247b49e1a0ab93cecaa52c6c532093646fe33ffb99290485802ee52b95
fgf2,fa6b50019730db8b516f8965d05af625b7c2e65959a06ea970dbba54ab154ce3,masked_substitution,a40a5c5b4c507a700f832636d2b6746e3ebe2e8171f5a5f7cffcf15906b62d41,primary_parent,fef9246bf522c2c2d9e06f76c1f0b40a34eea229868bdcf78b51c159154681ae,macrel_hemolysis_probability,numeric,true,same_frozen_numeric_contract,minimize,probability,0.376,0.327,-0.04899999999999999,0.04899999999999999,true,28b195d5b4e60cec9c79960ba21fddb798f9bdb91d56b72d1b6c21caaa46817f
fgf2,fa6b50019730db8b516f8965d05af625b7c2e65959a06ea970dbba54ab154ce3,masked_substitution,a40a5c5b4c507a700f832636d2b6746e3ebe2e8171f5a5f7cffcf15906b62d41,primary_parent,fef9246bf522c2c2d9e06f76c1f0b40a34eea229868bdcf78b51c159154681ae,maximum_hydrophobic_run,numeric,true,same_frozen_numeric_contract,minimize,residues,2.0,2.0,0.0,-0.0,false,e7bd03407b473ed000c083fb8a3aba2e6981dd6afb2193a6c6746eb1e02198ac
fgf2,fa6b50019730db8b516f8965d05af625b7c2e65959a06ea970dbba54ab154ce3,masked_substitution,a40a5c5b4c507a700f832636d2b6746e3ebe2e8171f5a5f7cffcf15906b62d41,primary_parent,fef9246bf522c2c2d9e06f76c1f0b40a34eea229868bdcf78b51c159154681ae,net_charge_ph7_4,numeric,false,audit_metric_has_no_monotonic_improvement_direction,audit,elementary_charge,7.026,7.024,-0.0019999999999997797,,true,de2e10f08d3f36e246fe72dc29c112d9ed2d79120e7dabce14e6c4b865f27f40
fgf2,fa6b50019730db8b516f8965d05af625b7c2e65959a06ea970dbba54ab154ce3,masked_substitution,a40a5c5b4c507a700f832636d2b6746e3ebe2e8171f5a5f7cffcf15906b62d41,primary_parent,fef9246bf522c2c2d9e06f76c1f0b40a34eea229868bdcf78b51c159154681ae,toxinpred3_hybrid_score,numeric,true,same_frozen_numeric_contract,minimize,dimensionless,0.235,0.235,0.0,-0.0,false,7f8e7030ea0c7ea849bbf674ea6e0c96ba688b156758587d5a7a379c0bf77713
fgf2,fa6b50019730db8b516f8965d05af625b7c2e65959a06ea970dbba54ab154ce3,masked_substitution,a40a5c5b4c507a700f832636d2b6746e3ebe2e8171f5a5f7cffcf15906b62d41,primary_parent,fef9246bf522c2c2d9e06f76c1f0b40a34eea229868bdcf78b51c159154681ae,toxinpred3_label,categorical,true,same_frozen_label_contract,audit,label,Non-Toxin,Non-Toxin,,,false,c213560fc486897b53de4e76ce989e7baf1204a87cec0ad4db9217577f655c1a
